  -4.500000        2.9010686E-18
  -4.373208        2.9011021E-18
  -4.246415        2.9011664E-18
  -4.119622        2.9012545E-18
  -3.992829        2.9013592E-18
  -3.866037        2.9014694E-18
  -3.739244        2.9015767E-18
  -3.612452        2.9016720E-18
  -3.485659        2.9017494E-18
  -3.358866        2.9018058E-18
  -3.232074        2.9018416E-18
  -3.105281        2.9018606E-18
  -2.978488        2.9018695E-18
  -2.851696        2.9018749E-18
  -2.724903        2.9018863E-18
  -2.598110        2.9019111E-18
  -2.471318        2.9019564E-18
  -2.344525        2.9020265E-18
  -2.217732        2.9021216E-18
  -2.090940        2.9022391E-18
  -1.964147        2.9023727E-18
  -1.837354        2.9025151E-18
  -1.710562        2.9026566E-18
  -1.583769        2.9027883E-18
  -1.456976        2.9029008E-18
  -1.330184        2.9029891E-18
  -1.203391        2.9030512E-18
  -1.076598        2.9030878E-18
 -0.9498057        2.9031031E-18
 -0.8230131        2.9031020E-18
 -0.6962205        2.9030902E-18
 -0.5694278        2.9030720E-18
 -0.4426351        2.9030491E-18
 -0.3158425        2.9030230E-18
 -0.1890498        2.9029997E-18
 -6.2257171E-02    2.9029949E-18
  6.4535484E-02    2.9030425E-18
  0.1913281        2.9031926E-18
  0.3181208        2.9035073E-18
  0.4449134        2.9040367E-18
  0.5717061        2.9047800E-18
  0.6984987        2.9056357E-18
  0.8252914        2.9063549E-18
  0.9520841        2.9065235E-18
   1.078877        2.9056026E-18
   1.205669        2.9030510E-18
   1.332462        2.8985467E-18
   1.459255        2.8922732E-18
   1.586047        2.8852128E-18
   1.712840        2.8793322E-18
   1.839633        2.8775295E-18
   1.966425        2.8832106E-18
   2.093218        2.8994473E-18
   2.220011        2.9277675E-18
   2.346803        2.9668042E-18
   2.473596        3.0111796E-18
   2.600389        3.0511105E-18
   2.727181        3.0732109E-18
   2.853974        3.0627957E-18
   2.980767        3.0076453E-18
   3.107559        2.9027263E-18
   3.234352        2.7548593E-18
   3.361145        2.5859622E-18
   3.487937        2.4334022E-18
   3.614730        2.3462974E-18
   3.741522        2.3773671E-18
   3.868315        2.5710233E-18
   3.995108        2.9496276E-18
   4.121901        3.5008554E-18
   4.248693        4.1696053E-18
   4.375485        4.8575933E-18
   4.502278        5.4325641E-18
   4.629071        5.7471529E-18
   4.755864        5.6651851E-18
   4.882656        5.0911618E-18
   5.009449        3.9974177E-18
   5.136241        2.4432789E-18
   5.263034        5.8163169E-19
   5.389827       -1.3496908E-18
   5.516620       -3.0518541E-18
   5.643412       -4.2021958E-18
   5.770205       -4.5008630E-18
   5.896997       -3.7222358E-18
   6.023790       -1.7659882E-18
   6.150583        1.2977816E-18
   6.277375        5.1957642E-18
   6.404168        9.4385907E-18
   6.530961        1.3336429E-17
   6.657753        1.6051003E-17
   6.784546        1.6688708E-17
   6.911339        1.4432527E-17
   7.038131        8.7002509E-18
   7.164924       -6.9502073E-19
   7.291717       -1.3415490E-17
   7.418509       -2.8536785E-17
   7.545302       -4.4583228E-17
   7.672095       -5.9671969E-17
   7.798887       -7.1751089E-17
   7.925680       -7.8887375E-17
   8.052472       -7.9536208E-17
   8.179265       -7.2718209E-17
   8.306058       -5.8042072E-17
   8.432851       -3.5551362E-17
   8.559643       -5.4293443E-18
   8.686436        3.2343271E-17
   8.813229        7.8235841E-17
   8.940022        1.3316413E-16
   9.066813        1.9811092E-16
   9.193606        2.7332843E-16
   9.320399        3.5720218E-16
   9.447192        4.4499644E-16
   9.573984        5.2782503E-16
   9.700777        5.9226296E-16
   9.827570        6.2099972E-16
   9.954362        5.9481465E-16
   10.08115        4.9593408E-16
   10.20795        3.1252210E-16
   10.33474        4.3724254E-17
   10.46153       -2.9562472E-16
   10.58833       -6.7171994E-16
   10.71512       -1.0310605E-15
   10.84191       -1.3032312E-15
   10.96870       -1.4077457E-15
   11.09550       -1.2649027E-15
   11.22229       -8.0988780E-16
   11.34908       -8.5950650E-18
   11.47587        1.1269903E-15
   11.60267        2.5264115E-15
   11.72946        4.0539797E-15
   11.85625        5.5098892E-15
   11.98304        6.6406807E-15
   12.10984        7.1594164E-15
   12.23663        6.7746038E-15
   12.36342        5.2255783E-15
   12.49022        2.3209268E-15
   12.61701       -2.0242158E-15
   12.74380       -7.7563586E-15
   12.87059       -1.4661368E-14
   12.99739       -2.2354841E-14
   13.12418       -3.0287035E-14
   13.25097       -3.7762833E-14
   13.37776       -4.3975864E-14
   13.50456       -4.8054896E-14
   13.63135       -4.9119854E-14
   13.75814       -4.6344757E-14
   13.88493       -3.9024922E-14
   14.01173       -2.6646110E-14
   14.13852       -8.9535880E-15
   14.26531        1.3981201E-14
   14.39211        4.1699212E-14
   14.51890        7.3301852E-14
   14.64569        1.0741444E-13
   14.77248        1.4217296E-13
   14.89928        1.7524341E-13
   15.02607        2.0388377E-13
   15.15286        2.2505781E-13
   15.27965        2.3560629E-13
   15.40645        2.3247720E-13
   15.53324        2.1300821E-13
   15.66003        1.7524656E-13
   15.78682        1.1828246E-13
   15.91362        4.2563223E-14
   16.04041       -4.9850271E-14
   16.16720       -1.5512607E-13
   16.29399       -2.6764178E-13
   16.42079       -3.8013473E-13
   16.54758       -4.8404103E-13
   16.67437       -5.7002666E-13
   16.80116       -6.2869181E-13
   16.92796       -6.5141317E-13
   17.05475       -6.3126511E-13
   17.18154       -5.6394846E-13
   17.30834       -4.4864226E-13
   17.43513       -2.8868902E-13
   17.56192       -9.2026301E-14
   17.68871        1.2871677E-13
   17.81551        3.5652311E-13
   17.94230        5.7073839E-13
   18.06909        7.4828907E-13
   18.19588        8.6535504E-13
   18.32268        8.9944946E-13
   18.44947        8.3181135E-13
   18.57626        6.4997324E-13
   18.70305        3.5031602E-13
   18.82985       -5.9619498E-14
   18.95664       -5.5933047E-13
   19.08343       -1.1143409E-12
   19.21023       -1.6762578E-12
   19.33702       -2.1841287E-12
   19.46381       -2.5672689E-12
   19.59060       -2.7496120E-12
   19.71740       -2.6555110E-12
   19.84419       -2.2167600E-12
   19.97098       -1.3804442E-12
   20.09777       -1.1708996E-13
   20.22457        1.5715457E-12
   20.35136        3.6457773E-12
   20.47815        6.0231416E-12
   20.60494        8.5761190E-12
   20.73174        1.1133049E-11
   20.85853        1.3482713E-11
   20.98532        1.5382853E-11
   21.11212        1.6572641E-11
   21.23891        1.6788857E-11
   21.36570        1.5785238E-11
   21.49249        1.3354129E-11
   21.61929        9.3493425E-12
   21.74608        3.7088249E-12
   21.87287       -3.5245214E-12
   21.99966       -1.2185588E-11
   22.12646       -2.1975276E-11
   22.25325       -3.2455958E-11
   22.38004       -4.3055816E-11
   22.50683       -5.3083375E-11
   22.63363       -6.1752957E-11
   22.76042       -6.8221248E-11
   22.88721       -7.1634317E-11
   23.01401       -7.1183490E-11
   23.14080       -6.6167696E-11
   23.26759       -5.6058956E-11
   23.39438       -4.0566932E-11
   23.52118       -1.9697865E-11
   23.64797        6.1969548E-12
   23.77476        3.6388129E-11
   23.90155        6.9754993E-11
   24.02835        1.0479608E-10
   24.15514        1.3966583E-10
   24.28193        1.7223867E-10
   24.40872        2.0020004E-10
   24.53552        2.2116195E-10
   24.66231        2.3279875E-10
   24.78910        2.3299748E-10
   24.91590        2.2001440E-10
   25.04269        1.9262984E-10
   25.16948        1.5029063E-10
   25.29627        9.3230729E-11
   25.42307        2.2559808E-11
   25.54986       -5.9689080E-11
   25.67665       -1.5055986E-10
   25.80344       -2.4622754E-10
   25.93024       -3.4210881E-10
   26.05703       -4.3302845E-10
   26.18382       -5.1343829E-10
   26.31061       -5.7768196E-10
   26.43741       -6.2029454E-10
   26.56420       -6.3632533E-10
   26.69099       -6.2166589E-10
   26.81779       -5.7336813E-10
   26.94458       -4.8993182E-10
   27.07137       -3.7154399E-10
   27.19816       -2.2025089E-10
   27.32495       -4.0047767E-11
   27.45175        1.6312920E-10
   27.57854        3.8151535E-10
   27.70533        6.0574201E-10
   27.83213        8.2517021E-10
   27.95892        1.0283275E-09
   28.08571        1.2034348E-09
   28.21250        1.3390018E-09
   28.33930        1.4244672E-09
   28.46609        1.4508504E-09
   28.59288        1.4113815E-09
   28.71968        1.3020685E-09
   28.84647        1.1221668E-09
   28.97326        8.7451146E-10
   29.10005        5.6568172E-10
   29.22684        2.0597023E-10
   29.35364       -1.9086034E-10
   29.48043       -6.0803779E-10
   29.60722       -1.0264527E-09
   29.73402       -1.4255215E-09
   29.86081       -1.7842097E-09
   29.98760       -2.0821644E-09
   30.11439       -2.3009028E-09
   30.24119       -2.4249887E-09
   30.36798       -2.4431246E-09
   30.49477       -2.3490889E-09
   30.62156       -2.1424476E-09
   30.74836       -1.8289779E-09
   30.87515       -1.4207556E-09
   31.00194       -9.3587482E-10
   31.12873       -3.9778428E-10
   31.25553        1.6574518E-10
   31.38232        7.2399337E-10
   31.50911        1.2449412E-09
   31.63591        1.6971188E-09
   31.76270        2.0515616E-09
   31.88949        2.2837527E-09
   32.01628        2.3754378E-09
   32.14308        2.3161917E-09
   32.26987        2.1046243E-09
   32.39666        1.7491217E-09
   32.52345        1.2680524E-09
   32.65025        6.8938238E-10
   32.77704        4.9682865E-11
   32.90383       -6.0745159E-10
   33.03062       -1.2335201E-09
   33.15742       -1.7776856E-09
   33.28421       -2.1896642E-09
   33.41100       -2.4228064E-09
   33.53780       -2.4371865E-09
   33.66459       -2.2025444E-09
   33.79138       -1.7008871E-09
   33.91817       -9.2859992E-10
   34.04497        1.0208692E-10
   34.17176        1.3623949E-09
   34.29855        2.8071228E-09
   34.42534        4.3756510E-09
   34.55214        5.9938259E-09
   34.67893        7.5766522E-09
   34.80572        9.0317043E-09
   34.93251        1.0263117E-08
   35.05931        1.1175987E-08
   35.18610        1.1680970E-08
   35.31289        1.1698876E-08
   35.43969        1.1165033E-08
   35.56648        1.0033200E-08
   35.69327        8.2788398E-09
   35.82006        5.9015810E-09
   35.94686        2.9267138E-09
   36.07365       -5.9432442E-10
   36.20044       -4.5845709E-09
   36.32723       -8.9432284E-09
   36.45403       -1.3548376E-08
   36.58082       -1.8260609E-08
   36.70761       -2.2927464E-08
   36.83440       -2.7388440E-08
   36.96120       -3.1480436E-08
   37.08799       -3.5043385E-08
   37.21478       -3.7925869E-08
   37.34158       -3.9990489E-08
   37.46837       -4.1118810E-08
   37.59516       -4.1215703E-08
   37.72195       -4.0212932E-08
   37.84875       -3.8071875E-08
   37.97554       -3.4785309E-08
   38.10233       -3.0378210E-08
   38.22912       -2.4907582E-08
   38.35592       -1.8461350E-08
   38.48271       -1.1156359E-08
   38.60950       -3.1356040E-09
   38.73629        5.4352549E-09
   38.86309        1.4371889E-08
   38.98988        2.3475740E-08
   39.11667        3.2538761E-08
   39.24347        4.1348283E-08
   39.37026        4.9691945E-08
   39.49705        5.7362527E-08
   39.62384        6.4162627E-08
   39.75064        6.9909035E-08
   39.87743        7.4436841E-08
   40.00422        7.7603090E-08
   40.13101        7.9290125E-08
   40.25780        7.9408366E-08
   40.38460        7.7898740E-08
   40.51139        7.4734551E-08
   40.63818        6.9922898E-08
   40.76498        6.3505546E-08
   40.89177        5.5559262E-08
   41.01856        4.6195531E-08
   41.14536        3.5559648E-08
   41.27215        2.3829038E-08
   41.39894        1.1210802E-08
   41.52573       -2.0616870E-09
   41.65253       -1.5733125E-08
   41.77932       -2.9531780E-08
   41.90611       -4.3176108E-08
   42.03290       -5.6382643E-08
   42.15969       -6.8875110E-08
   42.28649       -8.0394841E-08
   42.41328       -9.0712348E-08
   42.54007       -9.9640047E-08
   42.66687       -1.0704596E-07
   42.79366       -1.1286806E-07
   42.92045       -1.1712932E-07
   43.04725       -1.1995279E-07
   43.17404       -1.2157652E-07
   43.30083       -1.2236815E-07
   43.42762       -1.2283824E-07
   43.55442       -1.2365240E-07
   43.68121       -1.2564149E-07
   43.80800       -1.2980961E-07
   43.93479       -1.3733920E-07
   44.06158       -1.4959313E-07
   44.18838       -1.6811316E-07
   44.31517       -1.9461456E-07
   44.44196       -2.3097647E-07
   44.56876       -2.7922775E-07
   44.69555       -3.4152836E-07
   44.82234       -4.2014585E-07
   44.94913       -5.1742711E-07
   45.07593       -6.3576516E-07
   45.20272       -7.7756124E-07
   45.32951       -9.4518316E-07
   45.45631       -1.1409187E-06
   45.58310       -1.3669265E-06
   45.70989       -1.6251829E-06
   45.83668       -1.9174283E-06
   45.96347       -2.2451100E-06
   46.09027       -2.6093282E-06
   46.21706       -3.0107810E-06
   46.34385       -3.4497123E-06
   46.47065       -3.9258643E-06
   46.59744       -4.4384374E-06
   46.72423       -4.9860510E-06
   46.85102       -5.5667238E-06
   46.97782       -6.1778551E-06
   47.10461       -6.8162230E-06
   47.23140       -7.4779964E-06
   47.35820       -8.1587577E-06
   47.48499       -8.8535462E-06
   47.61178       -9.5569148E-06
   47.73857       -1.0262997E-05
   47.86536       -1.0965608E-05
   47.99216       -1.1658327E-05
   48.11895       -1.2334631E-05
   48.24574       -1.2988011E-05
   48.37254       -1.3612108E-05
   48.49933       -1.4200857E-05
   48.62612       -1.4748623E-05
   48.75291       -1.5250348E-05
   48.87971       -1.5701680E-05
   49.00650       -1.6099102E-05
   49.13329       -1.6440041E-05
   49.26009       -1.6722965E-05
   49.38688       -1.6947453E-05
   49.51367       -1.7114253E-05
   49.64046       -1.7225286E-05
   49.76725       -1.7283659E-05
   49.89405       -1.7293623E-05
   50.02084       -1.7260501E-05
   50.14763       -1.7190601E-05
   50.27443       -1.7091093E-05
   50.40122       -1.6969854E-05
   50.52801       -1.6835311E-05
   50.65480       -1.6696245E-05
   50.78160       -1.6561597E-05
   50.90839       -1.6440255E-05
   51.03518       -1.6340851E-05
   51.16198       -1.6271551E-05
   51.28877       -1.6239859E-05
   51.41556       -1.6252432E-05
   51.54235       -1.6314925E-05
   51.66914       -1.6431848E-05
   51.79594       -1.6606458E-05
   51.92273       -1.6840684E-05
   52.04952       -1.7135075E-05
   52.17632       -1.7488785E-05
   52.30311       -1.7899609E-05
   52.42990       -1.8364028E-05
   52.55669       -1.8877290E-05
   52.68349       -1.9433539E-05
   52.81028       -2.0025929E-05
   52.93707       -2.0646801E-05
   53.06387       -2.1287851E-05
   53.19066       -2.1940306E-05
   53.31745       -2.2595123E-05
   53.44424       -2.3243165E-05
   53.57103       -2.3875406E-05
   53.69783       -2.4483088E-05
   53.82462       -2.5057903E-05
   53.95141       -2.5592137E-05
   54.07821       -2.6078804E-05
   54.20500       -2.6511763E-05
   54.33179       -2.6885809E-05
   54.45858       -2.7196755E-05
   54.58538       -2.7441474E-05
   54.71217       -2.7617942E-05
   54.83896       -2.7725253E-05
   54.96576       -2.7763619E-05
   55.09255       -2.7734341E-05
   55.21934       -2.7639791E-05
   55.34613       -2.7483355E-05
   55.47292       -2.7269380E-05
   55.59972       -2.7003105E-05
   55.72651       -2.6690579E-05
   55.85330       -2.6338579E-05
   55.98009       -2.5954509E-05
   56.10689       -2.5546296E-05
   56.23368       -2.5122285E-05
   56.36047       -2.4691102E-05
   56.48727       -2.4261552E-05
   56.61406       -2.3842473E-05
   56.74085       -2.3442601E-05
   56.86765       -2.3070435E-05
   56.99444       -2.2734101E-05
   57.12123       -2.2441200E-05
   57.24802       -2.2198690E-05
   57.37481       -2.2012748E-05
   57.50161       -2.1888649E-05
   57.62840       -2.1830674E-05
   57.75519       -2.1842008E-05
   57.88198       -2.1924681E-05
   58.00878       -2.2079521E-05
   58.13557       -2.2306136E-05
   58.26236       -2.2602922E-05
   58.38916       -2.2967093E-05
   58.51595       -2.3394752E-05
   58.64274       -2.3880977E-05
   58.76954       -2.4419936E-05
   58.89633       -2.5005033E-05
   59.02312       -2.5629050E-05
   59.14991       -2.6284315E-05
   59.27670       -2.6962898E-05
   59.40350       -2.7656763E-05
   59.53029       -2.8357952E-05
   59.65708       -2.9058749E-05
   59.78387       -2.9751818E-05
   59.91067       -3.0430328E-05
   60.03746       -3.1088050E-05
   60.16425       -3.1719410E-05
   60.29105       -3.2319527E-05
   60.41784       -3.2884218E-05
   60.54463       -3.3409950E-05
   60.67142       -3.3893775E-05
   60.79822       -3.4333247E-05
   60.92501       -3.4726301E-05
   61.05180       -3.5071131E-05
   61.17859       -3.5366040E-05
   61.30539       -3.5609330E-05
   61.43218       -3.5799148E-05
   61.55897       -3.5933412E-05
   61.68576       -3.6009700E-05
   61.81256       -3.6025212E-05
   61.93935       -3.5976773E-05
   62.06614       -3.5860841E-05
   62.19294       -3.5673591E-05
   62.31973       -3.5411042E-05
   62.44652       -3.5069217E-05
   62.57331       -3.4644327E-05
   62.70011       -3.4133023E-05
   62.82690       -3.3532637E-05
   62.95369       -3.2841461E-05
   63.08048       -3.2059012E-05
   63.20728       -3.1186293E-05
   63.33407       -3.0226049E-05
   63.46086       -2.9182951E-05
   63.58765       -2.8063781E-05
   63.71445       -2.6877533E-05
   63.84124       -2.5635456E-05
   63.96803       -2.4351033E-05
   64.09483       -2.3039884E-05
   64.22162       -2.1719587E-05
   64.34841       -2.0409449E-05
   64.47520       -1.9130164E-05
   64.60200       -1.7903463E-05
   64.72879       -1.6751668E-05
   64.85558       -1.5697229E-05
   64.98238       -1.4762220E-05
   65.10917       -1.3967839E-05
   65.23596       -1.3333887E-05
   65.36275       -1.2878300E-05
   65.48955       -1.2616686E-05
   65.61633       -1.2561926E-05
   65.74313       -1.2723846E-05
   65.86992       -1.3108949E-05
   65.99671       -1.3720241E-05
   66.12350       -1.4557150E-05
   66.25030       -1.5615524E-05
   66.37709       -1.6887738E-05
   66.50388       -1.8362876E-05
   66.63068       -2.0027010E-05
   66.75747       -2.1863532E-05
   66.88426       -2.3853572E-05
   67.01105       -2.5976444E-05
   67.13785       -2.8210117E-05
   67.26464       -3.0531737E-05
   67.39143       -3.2918091E-05
   67.51823       -3.5346118E-05
   67.64502       -3.7793317E-05
   67.77181       -4.0238163E-05
   67.89861       -4.2660438E-05
   68.02540       -4.5041477E-05
   68.15219       -4.7364374E-05
   68.27898       -4.9614089E-05
   68.40578       -5.1777468E-05
   68.53257       -5.3843192E-05
   68.65936       -5.5801673E-05
   68.78616       -5.7644858E-05
   68.91295       -5.9366033E-05
   69.03974       -6.0959512E-05
   69.16653       -6.2420382E-05
   69.29333       -6.3744214E-05
   69.42011       -6.4926775E-05
   69.54691       -6.5963766E-05
   69.67370       -6.6850625E-05
   69.80049       -6.7582376E-05
   69.92728       -6.8153495E-05
   70.05408       -6.8557914E-05
   70.18087       -6.8789042E-05
   70.30766       -6.8839916E-05
   70.43446       -6.8703353E-05
   70.56125       -6.8372268E-05
   70.68804       -6.7839916E-05
   70.81483       -6.7100322E-05
   70.94163       -6.6148641E-05
   71.06842       -6.4981577E-05
   71.19521       -6.3597807E-05
   71.32201       -6.1998362E-05
   71.44880       -6.0187016E-05
   71.57559       -5.8170594E-05
   71.70238       -5.5959226E-05
   71.82918       -5.3566535E-05
   71.95597       -5.1009738E-05
   72.08276       -4.8309659E-05
   72.20956       -4.5490651E-05
   72.33635       -4.2580417E-05
   72.46314       -3.9609738E-05
   72.58994       -3.6612149E-05
   72.71673       -3.3623481E-05
   72.84352       -3.0681393E-05
   72.97031       -2.7824808E-05
   73.09711       -2.5093344E-05
   73.22389       -2.2526689E-05
   73.35069       -2.0163983E-05
   73.47748       -1.8043203E-05
   73.60427       -1.6200547E-05
   73.73106       -1.4669869E-05
   73.85786       -1.3482144E-05
   73.98465       -1.2664966E-05
   74.11144       -1.2242126E-05
   74.23824       -1.2233229E-05
   74.36503       -1.2653376E-05
   74.49182       -1.3512920E-05
   74.61861       -1.4817274E-05
   74.74541       -1.6566786E-05
   74.87220       -1.8756680E-05
   74.99899       -2.1377042E-05
   75.12579       -2.4412884E-05
   75.25258       -2.7844248E-05
   75.37937       -3.1646359E-05
   75.50616       -3.5789850E-05
   75.63296       -4.0241008E-05
   75.75975       -4.4962100E-05
   75.88654       -4.9911701E-05
   76.01334       -5.5045111E-05
   76.14013       -6.0314793E-05
   76.26692       -6.5670829E-05
   76.39371       -7.1061448E-05
   76.52051       -7.6433527E-05
   76.64730       -8.1733189E-05
   76.77409       -8.6906351E-05
   76.90089       -9.1899288E-05
   77.02767       -9.6659205E-05
   77.15446       -1.0113483E-04
   77.28126       -1.0527686E-04
   77.40805       -1.0903857E-04
   77.53484       -1.1237615E-04
   77.66164       -1.1524923E-04
   77.78843       -1.1762108E-04
   77.91522       -1.1945904E-04
   78.04202       -1.2073462E-04
   78.16881       -1.2142373E-04
   78.29560       -1.2150675E-04
   78.42239       -1.2096851E-04
   78.54919       -1.1979835E-04
   78.67598       -1.1799001E-04
   78.80277       -1.1554156E-04
   78.92957       -1.1245524E-04
   79.05636       -1.0873740E-04
   79.18315       -1.0439832E-04
   79.30994       -9.9452103E-05
   79.43674       -9.3916598E-05
   79.56353       -8.7813285E-05
   79.69032       -8.1167193E-05
   79.81712       -7.4006923E-05
   79.94391       -6.6364555E-05
   80.07070       -5.8275644E-05
   80.19749       -4.9779246E-05
   80.32429       -4.0917825E-05
   80.45108       -3.1737240E-05
   80.57787       -2.2286622E-05
   80.70466       -1.2618239E-05
   80.83145       -2.7872579E-06
   80.95824        7.1485415E-06
   81.08504        1.7129181E-05
   81.21183        2.7092958E-05
   81.33862        3.6977053E-05
   81.46542        4.6718204E-05
   81.59221        5.6253491E-05
   81.71900        6.5521192E-05
   81.84579        7.4461714E-05
   81.97259        8.3018538E-05
   82.09938        9.1139220E-05
   82.22617        9.8776320E-05
   82.35297        1.0588836E-04
   82.47976        1.1244064E-04
   82.60655        1.1840598E-04
   82.73335        1.2376536E-04
   82.86014        1.2850833E-04
   82.98693        1.3263323E-04
   83.11372        1.3614736E-04
   83.24052        1.3906672E-04
   83.36731        1.4141566E-04
   83.49410        1.4322629E-04
   83.62090        1.4453768E-04
   83.74769        1.4539486E-04
   83.87448        1.4584768E-04
   84.00127        1.4594944E-04
   84.12807        1.4575559E-04
   84.25486        1.4532228E-04
   84.38165        1.4470483E-04
   84.50844        1.4395632E-04
   84.63523        1.4312626E-04
   84.76202        1.4225929E-04
   84.88882        1.4139418E-04
   85.01561        1.4056284E-04
   85.14240        1.3978970E-04
   85.26920        1.3909122E-04
   85.39599        1.3847575E-04
   85.52278        1.3794351E-04
   85.64957        1.3748699E-04
   85.77637        1.3709140E-04
   85.90316        1.3673549E-04
   86.02995        1.3639248E-04
   86.15675        1.3603116E-04
   86.28354        1.3561710E-04
   86.41033        1.3511395E-04
   86.53712        1.3448478E-04
   86.66392        1.3369338E-04
   86.79071        1.3270555E-04
   86.91750        1.3149033E-04
   87.04430        1.3002100E-04
   87.17109        1.2827606E-04
   87.29788        1.2624002E-04
   87.42467        1.2390388E-04
   87.55147        1.2126564E-04
   87.67826        1.1833038E-04
   87.80505        1.1511034E-04
   87.93185        1.1162469E-04
   88.05864        1.0789911E-04
   88.18543        1.0396537E-04
   88.31222        9.9860568E-05
   88.43901        9.5626398E-05
   88.56580        9.1308233E-05
   88.69260        8.6954235E-05
   88.81939        8.2614286E-05
   88.94618        7.8339013E-05
   89.07298        7.4178803E-05
   89.19977        7.0182759E-05
   89.32656        6.6397784E-05
   89.45335        6.2867723E-05
   89.58015        5.9632530E-05
   89.70694        5.6727597E-05
   89.83373        5.4183154E-05
   89.96053        5.2023774E-05
   90.08732        5.0268045E-05
   90.21411        4.8928352E-05
   90.34090        4.8010766E-05
   90.46770        4.7515117E-05
   90.59449        4.7435151E-05
   90.72128        4.7758833E-05
   90.84808        4.8468759E-05
   90.97487        4.9542661E-05
   91.10166        5.0954019E-05
   91.22845        5.2672713E-05
   91.35525        5.4665747E-05
   91.48204        5.6898010E-05
   91.60883        5.9333011E-05
   91.73563        6.1933642E-05
   91.86242        6.4662898E-05
   91.98921        6.7484521E-05
   92.11600        7.0363625E-05
   92.24279        7.3267198E-05
   92.36958        7.6164535E-05
   92.49638        7.9027523E-05
   92.62317        8.1830935E-05
   92.74996        8.4552463E-05
   92.87675        8.7172768E-05
   93.00355        8.9675392E-05
   93.13034        9.2046568E-05
   93.25713        9.4274998E-05
   93.38393        9.6351549E-05
   93.51072        9.8268931E-05
   93.63751        1.0002132E-04
   93.76431        1.0160400E-04
   93.89110        1.0301311E-04
   94.01789        1.0424521E-04
   94.14468        1.0529711E-04
   94.27148        1.0616569E-04
   94.39827        1.0684771E-04
   94.52506        1.0733979E-04
   94.65186        1.0763837E-04
   94.77865        1.0773986E-04
   94.90544        1.0764072E-04
   95.03223        1.0733766E-04
   95.15903        1.0682789E-04
   95.28582        1.0610933E-04
   95.41261        1.0518089E-04
   95.53941        1.0404277E-04
   95.66620        1.0269658E-04
   95.79299        1.0114561E-04
   95.91978        9.9394972E-05
   96.04657        9.7451593E-05
   96.17336        9.5324322E-05
   96.30016        9.3023780E-05
   96.42695        9.0562266E-05
   96.55374        8.7953515E-05
   96.68053        8.5212421E-05
   96.80733        8.2354709E-05
   96.93412        7.9396588E-05
   97.06091        7.6354314E-05
   97.18771        7.3243806E-05
   97.31450        7.0080285E-05
   97.44129        6.6877896E-05
   97.56808        6.3649422E-05
   97.69488        6.0406033E-05
   97.82167        5.7157144E-05
   97.94846        5.3910353E-05
   98.07526        5.0671450E-05
   98.20205        4.7444562E-05
   98.32884        4.4232351E-05
   98.45564        4.1036325E-05
   98.58243        3.7857175E-05
   98.70922        3.4695233E-05
   98.83601        3.1550881E-05
   98.96281        2.8425018E-05
   99.08960        2.5319505E-05
   99.21639        2.2237547E-05
   99.34319        1.9184048E-05
   99.46998        1.6165850E-05
   99.59677        1.3191890E-05
   99.72356        1.0273239E-05
   99.85035        7.4230170E-06
   99.97714        4.6561936E-06
   100.1039        1.9892570E-06
   100.2307       -5.6021213E-07
   100.3575       -2.9740629E-06
   100.4843       -5.2341788E-06
   100.6111       -7.3231390E-06
   100.7379       -9.2248865E-06
   100.8647       -1.0925405E-05
   100.9915       -1.2413364E-05
   101.1183       -1.3680696E-05
   101.2451       -1.4723100E-05
   101.3719       -1.5540423E-05
   101.4987       -1.6136924E-05
   101.6255       -1.6521370E-05
   101.7522       -1.6707016E-05
   101.8790       -1.6711396E-05
   102.0058       -1.6555970E-05
   102.1326       -1.6265634E-05
   102.2594       -1.5868103E-05
   102.3862       -1.5393171E-05
   102.5130       -1.4871907E-05
   102.6398       -1.4335788E-05
   102.7666       -1.3815799E-05
   102.8934       -1.3341558E-05
   103.0202       -1.2940452E-05
   103.1470       -1.2636850E-05
   103.2738       -1.2451405E-05
   103.4006       -1.2400454E-05
   103.5273       -1.2495560E-05
   103.6541       -1.2743187E-05
   103.7809       -1.3144518E-05
   103.9077       -1.3695427E-05
   104.0345       -1.4386595E-05
   104.1613       -1.5203758E-05
   104.2881       -1.6128086E-05
   104.4149       -1.7136670E-05
   104.5417       -1.8203104E-05
   104.6685       -1.9298148E-05
   104.7953       -2.0390433E-05
   104.9221       -2.1447224E-05
   105.0489       -2.2435197E-05
   105.1756       -2.3321212E-05
   105.3024       -2.4073099E-05
   105.4292       -2.4660400E-05
   105.5560       -2.5055106E-05
   105.6828       -2.5232328E-05
   105.8096       -2.5170957E-05
   105.9364       -2.4854244E-05
   106.0632       -2.4270350E-05
   106.1900       -2.3412820E-05
   106.3168       -2.2281007E-05
   106.4436       -2.0880407E-05
   106.5704       -1.9222925E-05
   106.6972       -1.7327047E-05
   106.8240       -1.5217909E-05
   106.9507       -1.2927250E-05
   107.0775       -1.0493234E-05
   107.2043       -7.9601314E-06
   107.3311       -5.3778531E-06
   107.4579       -2.8013135E-06
   107.5847       -2.8963842E-07
   107.7115        2.0948034E-06
   107.8383        4.2875308E-06
   107.9651        6.2232266E-06
   108.0919        7.8371522E-06
   108.2187        9.0666717E-06
   108.3455        9.8528444E-06
   108.4723        1.0142073E-05
   108.5990        9.8877235E-06
   108.7258        9.0517124E-06
   108.8526        7.6059691E-06
   108.9794        5.5337441E-06
   109.1062        2.8307038E-06
   109.2330       -4.9423488E-07
   109.3598       -4.4183794E-06
   109.4866       -8.9050818E-06
   109.6134       -1.3903918E-05
   109.7402       -1.9351268E-05
   109.8670       -2.5171266E-05
   109.9938       -3.1277141E-05
   110.1206       -3.7572896E-05
   110.2474       -4.3955311E-05
   110.3741       -5.0316201E-05
   110.5009       -5.6544879E-05
   110.6277       -6.2530722E-05
   110.7545       -6.8165842E-05
   110.8813       -7.3347634E-05
   111.0081       -7.7981276E-05
   111.1349       -8.1981998E-05
   111.2617       -8.5277061E-05
   111.3885       -8.7807384E-05
   111.5153       -8.9528825E-05
   111.6421       -9.0412919E-05
   111.7689       -9.0447218E-05
   111.8957       -8.9635134E-05
   112.0224       -8.7995315E-05
   112.1492       -8.5560554E-05
   112.2760       -8.2376362E-05
   112.4028       -7.8499135E-05
   112.5296       -7.3994124E-05
   112.6564       -6.8933216E-05
   112.7832       -6.3392567E-05
   112.9100       -5.7450365E-05
   113.0368       -5.1184528E-05
   113.1636       -4.4670760E-05
   113.2904       -3.7980728E-05
   113.4172       -3.1180640E-05
   113.5440       -2.4330166E-05
   113.6708       -1.7481783E-05
   113.7975       -1.0680525E-05
   113.9243       -3.9641436E-06
   114.0511        2.6363375E-06
   114.1779        9.0957355E-06
   114.3047        1.5393534E-05
   114.4315        2.1512506E-05
   114.5583        2.7437214E-05
   114.6851        3.3152457E-05
   114.8119        3.8641811E-05
   114.9387        4.3886255E-05
   115.0655        4.8863098E-05
   115.1923        5.3545114E-05
   115.3191        5.7900099E-05
   115.4458        6.1890802E-05
   115.5726        6.5475237E-05
   115.6994        6.8607464E-05
   115.8262        7.1238712E-05
   115.9530        7.3318872E-05
   116.0798        7.4798292E-05
   116.2066        7.5629767E-05
   116.3334        7.5770695E-05
   116.4602        7.5185220E-05
   116.5870        7.3846364E-05
   116.7138        7.1737915E-05
   116.8406        6.8856149E-05
   116.9674        6.5211127E-05
   117.0942        6.0827613E-05
   117.2209        5.5745502E-05
   117.3477        5.0019757E-05
   117.4745        4.3719792E-05
   117.6013        3.6928377E-05
   117.7281        2.9740027E-05
   117.8549        2.2258975E-05
   117.9817        1.4596780E-05
   118.1085        6.8696754E-06
   118.2353       -8.0428856E-07
   118.3621       -8.3081404E-06
   118.4889       -1.5528862E-05
   118.6157       -2.2360109E-05
   118.7425       -2.8704695E-05
   118.8692       -3.4476729E-05
   118.9960       -3.9603357E-05
   119.1228       -4.4026037E-05
   119.2496       -4.7701302E-05
   119.3764       -5.0601040E-05
   119.5032       -5.2712254E-05
   119.6300       -5.4036347E-05
   119.7568       -5.4588010E-05
   119.8836       -5.4393742E-05
   120.0104       -5.3490097E-05
   120.1372       -5.1921757E-05
   120.2640       -4.9739512E-05
   120.3908       -4.6998259E-05
   120.5176       -4.3755103E-05
   120.6443       -4.0067614E-05
   120.7711       -3.5992365E-05
   120.8979       -3.1583764E-05
   121.0247       -2.6893218E-05
   121.1515       -2.1968674E-05
   121.2783       -1.6854485E-05
   121.4051       -1.1591636E-05
   121.5319       -6.2182394E-06
   121.6587       -7.7027454E-07
   121.7855        4.7175013E-06
   121.9123        1.0210558E-05
   122.0391        1.5673577E-05
   122.1659        2.1069503E-05
   122.2927        2.6358746E-05
   122.4194        3.1498570E-05
   122.5462        3.6442747E-05
   122.6730        4.1141531E-05
   122.7998        4.5541932E-05
   122.9266        4.9588314E-05
   123.0534        5.3223335E-05
   123.1802        5.6389152E-05
   123.3070        5.9028873E-05
   123.4338        6.1088198E-05
   123.5606        6.2517189E-05
   123.6874        6.3272026E-05
   123.8142        6.3316802E-05
   123.9410        6.2625128E-05
   124.0677        6.1181592E-05
   124.1945        5.8982929E-05
   124.3213        5.6038880E-05
   124.4481        5.2372703E-05
   124.5749        4.8021269E-05
   124.7017        4.3034757E-05
   124.8285        3.7475969E-05
   124.9553        3.1419237E-05
   125.0821        2.4948973E-05
   125.2089        1.8157936E-05
   125.3357        1.1145235E-05
   125.4625        4.0141431E-06
   125.5893       -3.1301872E-06
   125.7161       -1.0183055E-05
   125.8428       -1.7042499E-05
   125.9696       -2.3611492E-05
   126.0964       -2.9799934E-05
   126.2232       -3.5526446E-05
   126.3500       -4.0719864E-05
   126.4768       -4.5320427E-05
   126.6036       -4.9280625E-05
   126.7304       -5.2565698E-05
   126.8572       -5.5153789E-05
   126.9840       -5.7035792E-05
   127.1108       -5.8214824E-05
   127.2376       -5.8705515E-05
   127.3644       -5.8533002E-05
   127.4911       -5.7731770E-05
   127.6179       -5.6344343E-05
   127.7447       -5.4419917E-05
   127.8715       -5.2012925E-05
   127.9983       -4.9181639E-05
   128.1251       -4.5986799E-05
   128.2519       -4.2490370E-05
   128.3787       -3.8754373E-05
   128.5055       -3.4839883E-05
   128.6323       -3.0806150E-05
   128.7591       -2.6709915E-05
   128.8859       -2.2604834E-05
   129.0127       -1.8541079E-05
   129.1395       -1.4565071E-05
   129.2663       -1.0719314E-05
   129.3930       -7.0423321E-06
   129.5198       -3.5686855E-06
   129.6466       -3.2903114E-07
   129.7734        2.6497833E-06
   129.9002        5.3446133E-06
   130.0270        7.7359136E-06
   130.1538        9.8076534E-06
   130.2806        1.1547252E-05
   130.4074        1.2945545E-05
   130.5342        1.3996776E-05
   130.6610        1.4698612E-05
   130.7878        1.5052172E-05
   130.9146        1.5062064E-05
   131.0414        1.4736421E-05
   131.1681        1.4086912E-05
   131.2949        1.3128731E-05
   131.4217        1.1880547E-05
   131.5485        1.0364402E-05
   131.6753        8.6055543E-06
   131.8021        6.6322586E-06
   131.9289        4.4754906E-06
   132.0557        2.1685933E-06
   132.1825       -2.5312545E-07
   132.3093       -2.7528545E-06
   132.4361       -5.2927899E-06
   132.5629       -7.8346784E-06
   132.6897       -1.0340390E-05
   132.8164       -1.2772499E-05
   132.9432       -1.5094868E-05
   133.0700       -1.7273209E-05
   133.1968       -1.9275631E-05
   133.3236       -2.1073120E-05
   133.4504       -2.2640006E-05
   133.5772       -2.3954331E-05
   133.7040       -2.4998175E-05
   133.8308       -2.5757879E-05
   133.9576       -2.6224223E-05
   134.0844       -2.6392494E-05
   134.2112       -2.6262471E-05
   134.3380       -2.5838342E-05
   134.4648       -2.5128547E-05
   134.5915       -2.4145511E-05
   134.7183       -2.2905349E-05
   134.8451       -2.1427490E-05
   134.9719       -1.9734245E-05
   135.0987       -1.7850347E-05
   135.2255       -1.5802454E-05
   135.3523       -1.3618624E-05
   135.4791       -1.1327807E-05
   135.6059       -8.9593204E-06
   135.7327       -6.5423569E-06
   135.8595       -4.1055196E-06
   135.9863       -1.6764041E-06
   136.1131        7.1876570E-07
   136.2398        3.0554445E-06
   136.3666        5.3109966E-06
   136.4934        7.4648592E-06
   136.6202        9.4986308E-06
   136.7470        1.1396083E-05
   136.8738        1.3143100E-05
   137.0006        1.4727561E-05
   137.1274        1.6139167E-05
   137.2542        1.7369213E-05
   137.3810        1.8410343E-05
   137.5078        1.9256286E-05
   137.6346        1.9901587E-05
   137.7614        2.0341362E-05
   137.8882        2.0571099E-05
   138.0149        2.0586476E-05
   138.1417        2.0383288E-05
   138.2685        1.9957411E-05
   138.3953        1.9304882E-05
   138.5221        1.8422039E-05
   138.6489        1.7305776E-05
   138.7757        1.5953878E-05
   138.9025        1.4365422E-05
   139.0293        1.2541245E-05
   139.1561        1.0484472E-05
   139.2829        8.2010483E-06
   139.4097        5.7002844E-06
   139.5365        2.9953667E-06
   139.6632        1.0381374E-07
   139.7900       -2.9521548E-06
   139.9168       -6.1453593E-06
   140.0436       -9.4435381E-06
   140.1704       -1.2809385E-05
   140.2972       -1.6200765E-05
   140.4240       -1.9571100E-05
   140.5508       -2.2869952E-05
   140.6776       -2.6043788E-05
   140.8044       -2.9036912E-05
   140.9312       -3.1792544E-05
   141.0580       -3.4254026E-05
   141.1848       -3.6366138E-05
   141.3116       -3.8076429E-05
   141.4383       -3.9336599E-05
   141.5651       -4.0103845E-05
   141.6919       -4.0342122E-05
   141.8187       -4.0023304E-05
   141.9455       -3.9128179E-05
   142.0723       -3.7647285E-05
   142.1991       -3.5581495E-05
   142.3259       -3.2942386E-05
   142.4527       -2.9752357E-05
   142.5795       -2.6044472E-05
   142.7063       -2.1862064E-05
   142.8331       -1.7258080E-05
   142.9599       -1.2294211E-05
   143.0867       -7.0398028E-06
   143.2134       -1.5706070E-06
   143.3402        4.0326058E-06
   143.4670        9.6855365E-06
   143.5938        1.5301901E-05
   143.7206        2.0794991E-05
   143.8474        2.6079224E-05
   143.9742        3.1071635E-05
   144.1010        3.5693287E-05
   144.2278        3.9870567E-05
   144.3546        4.3536376E-05
   144.4814        4.6631169E-05
   144.6082        4.9103845E-05
   144.7350        5.0912498E-05
   144.8617        5.2024992E-05
   144.9885        5.2419455E-05
   145.1153        5.2084517E-05
   145.2421        5.1019535E-05
   145.3689        4.9234586E-05
   145.4957        4.6750385E-05
   145.6225        4.3598044E-05
   145.7493        3.9818715E-05
   145.8761        3.5463097E-05
   146.0029        3.0590825E-05
   146.1297        2.5269694E-05
   146.2565        1.9574774E-05
   146.3833        1.3587389E-05
   146.5101        7.3939386E-06
   146.6368        1.0846256E-06
   146.7636       -5.2479522E-06
   146.8904       -1.1510303E-05
   147.0172       -1.7609615E-05
   147.1440       -2.3455379E-05
   147.2708       -2.8961031E-05
   147.3976       -3.4045574E-05
   147.5244       -3.8635113E-05
   147.6512       -4.2664327E-05
   147.7780       -4.6077745E-05
   147.9048       -4.8830851E-05
   148.0316       -5.0890976E-05
   148.1584       -5.2237905E-05
   148.2851       -5.2864183E-05
   148.4119       -5.2775154E-05
   148.5387       -5.1988682E-05
   148.6655       -5.0534531E-05
   148.7923       -4.8453472E-05
   148.9191       -4.5796158E-05
   149.0459       -4.2621690E-05
   149.1727       -3.8996066E-05
   149.2995       -3.4990444E-05
   149.4263       -3.0679352E-05
   149.5531       -2.6138847E-05
   149.6799       -2.1444723E-05
   149.8067       -1.6670798E-05
   149.9335       -1.1887349E-05
   150.0602       -7.1597315E-06
   150.1870       -2.5472284E-06
   150.3138        1.8978552E-06
   150.4406        6.1308251E-06
   150.5674        1.0114951E-05
   150.6942        1.3821553E-05
   150.8210        1.7229831E-05
   150.9478        2.0326464E-05
   151.0746        2.3105009E-05
   151.2014        2.5565130E-05
   151.3282        2.7711729E-05
   151.4550        2.9553978E-05
   151.5818        3.1104311E-05
   151.7085        3.2377458E-05
   151.8353        3.3389471E-05
   151.9621        3.4156859E-05
   152.0889        3.4695822E-05
   152.2157        3.5021585E-05
   152.3425        3.5147892E-05
   152.4693        3.5086621E-05
   152.5961        3.4847566E-05
   152.7229        3.4438333E-05
   152.8497        3.3864388E-05
   152.9765        3.3129199E-05
   153.1033        3.2234497E-05
   153.2301        3.1180589E-05
   153.3569        2.9966764E-05
   153.4836        2.8591678E-05
   153.6104        2.7053813E-05
   153.7372        2.5351881E-05
   153.8640        2.3485234E-05
   153.9908        2.1454216E-05
   154.1176        1.9260475E-05
   154.2444        1.6907223E-05
   154.3712        1.4399426E-05
   154.4980        1.1743949E-05
   154.6248        8.9496316E-06
   154.7516        6.0273328E-06
   154.8784        2.9899234E-06
   155.0052       -1.4774747E-07
   155.1319       -3.3689098E-06
   155.2587       -6.6549446E-06
   155.3855       -9.9854660E-06
   155.5123       -1.3338407E-05
   155.6391       -1.6690105E-05
   155.7659       -2.0015392E-05
   155.8927       -2.3287694E-05
   156.0195       -2.6479129E-05
   156.1463       -2.9560633E-05
   156.2731       -3.2502114E-05
   156.3999       -3.5272620E-05
   156.5267       -3.7840589E-05
   156.6535       -4.0174102E-05
   156.7803       -4.2241234E-05
   156.9070       -4.4010441E-05
   157.0338       -4.5451048E-05
   157.1606       -4.6533758E-05
   157.2874       -4.7231257E-05
   157.4142       -4.7518846E-05
   157.5410       -4.7375135E-05
   157.6678       -4.6782749E-05
   157.7946       -4.5729041E-05
   157.9214       -4.4206801E-05
   158.0482       -4.2214910E-05
   158.1750       -3.9758910E-05
   158.3018       -3.6851514E-05
   158.4286       -3.3512952E-05
   158.5553       -2.9771181E-05
   158.6821       -2.5661919E-05
   158.8089       -2.1228481E-05
   158.9357       -1.6521410E-05
   159.0625       -1.1597890E-05
   159.1893       -6.5209524E-06
   159.3161       -1.3584772E-06
   159.4429        3.8179978E-06
   159.5697        8.9346267E-06
   159.6965        1.3916738E-05
   159.8233        1.8690413E-05
   159.9501        2.3184113E-05
   160.0769        2.7330303E-05
   160.2037        3.1067044E-05
