  -4.500000        3.4494133E-18
  -4.373208        3.4494366E-18
  -4.246415        3.4494801E-18
  -4.119622        3.4495398E-18
  -3.992829        3.4496091E-18
  -3.866037        3.4496817E-18
  -3.739244        3.4497514E-18
  -3.612452        3.4498120E-18
  -3.485659        3.4498597E-18
  -3.358866        3.4498928E-18
  -3.232074        3.4499114E-18
  -3.105281        3.4499185E-18
  -2.978488        3.4499185E-18
  -2.851696        3.4499172E-18
  -2.724903        3.4499201E-18
  -2.598110        3.4499325E-18
  -2.471318        3.4499577E-18
  -2.344525        3.4499991E-18
  -2.217732        3.4500562E-18
  -2.090940        3.4501284E-18
  -1.964147        3.4502115E-18
  -1.837354        3.4503006E-18
  -1.710562        3.4503868E-18
  -1.583769        3.4504578E-18
  -1.456976        3.4505018E-18
  -1.330184        3.4505126E-18
  -1.203391        3.4505024E-18
  -1.076598        3.4505144E-18
 -0.9498057        3.4506261E-18
 -0.8230131        3.4509214E-18
 -0.6962205        3.4514188E-18
 -0.5694278        3.4519558E-18
 -0.4426351        3.4520807E-18
 -0.3158425        3.4510352E-18
 -0.1890498        3.4479605E-18
 -6.2257171E-02    3.4424197E-18
  6.4535484E-02    3.4352081E-18
  0.1913281        3.4291999E-18
  0.3181208        3.4297286E-18
  0.4449134        3.4438519E-18
  0.5717061        3.4779648E-18
  0.6984987        3.5337466E-18
  0.8252914        3.6033253E-18
  0.9520841        3.6655773E-18
   1.078877        3.6862121E-18
   1.205669        3.6241070E-18
   1.332462        3.4448857E-18
   1.459255        3.1398972E-18
   1.586047        2.7452412E-18
   1.712840        2.3525625E-18
   1.839633        2.1026830E-18
   1.966425        2.1561739E-18
   2.093218        2.6420277E-18
   2.220011        3.5954125E-18
   2.346803        4.9048539E-18
   2.473596        6.2937596E-18
   2.600389        7.3568608E-18
   2.727181        7.6570199E-18
   2.853974        6.8642388E-18
   2.980767        4.8935811E-18
   3.107559        1.9827817E-18
   3.234352       -1.3453440E-18
   3.361145       -4.4595189E-18
   3.487937       -6.9041788E-18
   3.614730       -8.6947833E-18
   3.741522       -1.0477879E-17
   3.868315       -1.3403205E-17
   3.995108       -1.8613903E-17
   4.121901       -2.6388043E-17
   4.248693       -3.5135770E-17
   4.375485       -4.0620699E-17
   4.502278       -3.5862376E-17
   4.629071       -1.2124577E-17
   4.755864        3.8834393E-17
   4.882656        1.2146062E-16
   5.009449        2.3272982E-16
   5.136241        3.5918525E-16
   5.263034        4.7596878E-16
   5.389827        5.4897111E-16
   5.516620        5.4066484E-16
   5.643412        4.1927379E-16
   5.770205        1.6984901E-16
   5.896997       -1.9515255E-16
   6.023790       -6.2875393E-16
   6.150583       -1.0486829E-15
   6.277375       -1.3449413E-15
   6.404168       -1.3961761E-15
   6.530961       -1.0933436E-15
   6.657753       -3.6721366E-16
   6.784546        7.8523236E-16
   6.911339        2.2810809E-15
   7.038131        3.9435872E-15
   7.164924        5.5097774E-15
   7.291717        6.6549723E-15
   7.418509        7.0330175E-15
   7.545302        6.3283953E-15
   7.672095        4.3142844E-15
   7.798887        9.0919161E-16
   7.925680       -3.7758133E-15
   8.052472       -9.4070259E-15
   8.179265       -1.5422053E-14
   8.306058       -2.1053014E-14
   8.432851       -2.5382074E-14
   8.559643       -2.7429383E-14
   8.686436       -2.6270092E-14
   8.813229       -2.1172769E-14
   8.940022       -1.1747229E-14
   9.066813        1.9146392E-15
   9.193606        1.9124899E-14
   9.320399        3.8534195E-14
   9.447192        5.8136262E-14
   9.573984        7.5360149E-14
   9.700777        8.7261327E-14
   9.827570        9.0813147E-14
   9.954362        8.3287510E-14
   10.08115        6.2699703E-14
   10.20795        2.8277814E-14
   10.33474       -1.9095953E-14
   10.46153       -7.6534712E-14
   10.58833       -1.3895451E-13
   10.71512       -1.9910567E-13
   10.84191       -2.4788231E-13
   10.96870       -2.7494616E-13
   11.09550       -2.6967119E-13
   11.22229       -2.2238110E-13
   11.34908       -1.2581062E-13
   11.47587        2.3317934E-14
   11.60267        2.2275132E-13
   11.72946        4.6337061E-13
   11.85625        7.2825892E-13
   11.98304        9.9236504E-13
   12.10984        1.2229390E-12
   12.23663        1.3808773E-12
   12.36342        1.4230611E-12
   12.49022        1.3056885E-12
   12.61701        9.8852523E-13
   12.74380        4.3988419E-13
   12.87059       -3.5794962E-13
   12.99739       -1.4032360E-12
   13.12418       -2.6697203E-12
   13.25097       -4.1025417E-12
   13.37776       -5.6157010E-12
   13.50456       -7.0916628E-12
   13.63135       -8.3836245E-12
   13.75814       -9.3208722E-12
   13.88493       -9.7174447E-12
   14.01173       -9.3841506E-12
   14.13852       -8.1436290E-12
   14.26531       -5.8478977E-12
   14.39211       -2.3974262E-12
   14.51890        2.2394907E-12
   14.64569        8.0086120E-12
   14.77248        1.4754632E-11
   14.89928        2.2210898E-11
   15.02607        2.9995804E-11
   15.15286        3.7617423E-11
   15.27965        4.4487657E-11
   15.40645        4.9946564E-11
   15.53324        5.3296843E-11
   15.66003        5.3847638E-11
   15.78682        5.0965874E-11
   15.91362        4.4132566E-11
   16.04041        3.3000574E-11
   16.16720        1.7449701E-11
   16.29399       -2.3653720E-12
   16.42079       -2.5979018E-11
   16.54758       -5.2594873E-11
   16.67437       -8.1086172E-11
   16.80116       -1.1001902E-10
   16.92796       -1.3770027E-10
   17.05475       -1.6224969E-10
   17.18154       -1.8169496E-10
   17.30834       -1.9408566E-10
   17.43513       -1.9762067E-10
   17.56192       -1.9078249E-10
   17.68871       -1.7246965E-10
   17.81551       -1.4211861E-10
   17.94230       -9.9805705E-11
   18.06909       -4.6319972E-11
   18.19588        1.6800750E-11
   18.32268        8.7277061E-11
   18.44947        1.6214260E-10
   18.57626        2.3784749E-10
   18.70305        3.1040862E-10
   18.82985        3.7560244E-10
   18.95664        4.2919118E-10
   19.08343        4.6717219E-10
   19.21023        4.8603582E-10
   19.33702        4.8301707E-10
   19.46381        4.5632365E-10
   19.59060        4.0532525E-10
   19.71740        3.3068723E-10
   19.84419        2.3443764E-10
   19.97098        1.1995661E-10
   20.09777       -8.1167443E-12
   20.22457       -1.4406046E-10
   20.35136       -2.8132424E-10
   20.47815       -4.1285267E-10
   20.60494       -5.3146187E-10
   20.73174       -6.3025052E-10
   20.85853       -7.0302242E-10
   20.98532       -7.4469442E-10
   21.11212       -7.5166451E-10
   21.23891       -7.2211370E-10
   21.36570       -6.5621863E-10
   21.49249       -5.5625515E-10
   21.61929       -4.2657899E-10
   21.74608       -2.7347660E-10
   21.87287       -1.0488638E-10
   21.99966        7.0000304E-11
   22.12646        2.4124097E-10
   22.25325        3.9872122E-10
   22.38004        5.3277910E-10
   22.50683        6.3483707E-10
   22.63363        6.9800110E-10
   22.76042        7.1758505E-10
   22.88721        6.9152151E-10
   23.01401        6.2062255E-10
   23.14080        5.0866766E-10
   23.26759        3.6229580E-10
   23.39438        1.9070139E-10
   23.52118        5.1353219E-12
   23.64797       -1.8176079E-10
   23.77476       -3.5675740E-10
   23.90155       -5.0693016E-10
   24.02835       -6.2058680E-10
   24.15514       -6.8816403E-10
   24.28193       -7.0303069E-10
   24.40872       -6.6213390E-10
   24.53552       -5.6642302E-10
   24.66231       -4.2101755E-10
   24.78910       -2.3506919E-10
   24.91590       -2.1315751E-11
   25.04269        2.0466824E-10
   25.16948        4.2549972E-10
   25.29627        6.2324418E-10
   25.42307        7.8082202E-10
   25.54986        8.8348112E-10
   25.67665        9.2023067E-10
   25.80344        8.8512969E-10
   25.93024        7.7831785E-10
   26.05703        6.0668581E-10
   26.18382        3.8410047E-10
   26.31061        1.3111687E-10
   26.43741       -1.2585508E-10
   26.56420       -3.5593778E-10
   26.69099       -5.2568883E-10
   26.81779       -6.0144700E-10
   26.94458       -5.5200694E-10
   27.07137       -3.5148973E-10
   27.19816        1.7775713E-11
   27.32495        5.6256116E-10
   27.45175        1.2764021E-09
   27.57854        2.1378606E-09
   27.70533        3.1095710E-09
   27.83213        4.1381818E-09
   27.95892        5.1553788E-09
   28.08571        6.0800054E-09
   28.21250        6.8213186E-09
   28.33930        7.2833104E-09
   28.46609        7.3699620E-09
   28.59288        6.9912285E-09
   28.71968        6.0695076E-09
   28.84647        4.5462252E-09
   28.97326        2.3882196E-09
   29.10005       -4.0651413E-10
   29.22684       -3.8040686E-09
   29.35364       -7.7313214E-09
   29.48043       -1.2074349E-08
   29.60722       -1.6678879E-08
   29.73402       -2.1353010E-08
   29.86081       -2.5872236E-08
   29.98760       -2.9986790E-08
   30.11439       -3.3431178E-08
   30.24119       -3.5935585E-08
   30.36798       -3.7238802E-08
   30.49477       -3.7102087E-08
   30.62156       -3.5323453E-08
   30.74836       -3.1751622E-08
   30.87515       -2.6298947E-08
   31.00194       -1.8952594E-08
   31.12873       -9.7832666E-09
   31.25553        1.0491246E-09
   31.38232        1.3293442E-08
   31.50911        2.6609271E-08
   31.63591        4.0573077E-08
   31.76270        5.4688680E-08
   31.88949        6.8401768E-08
   32.01628        8.1118237E-08
   32.14308        9.2225640E-08
   32.26987        1.0111717E-07
   32.39666        1.0721720E-07
   32.52345        1.1000723E-07
   32.65025        1.0905151E-07
   32.77704        1.0402075E-07
   32.90383        9.4713172E-08
   33.03062        8.1071647E-08
   33.15742        6.3196083E-08
   33.28421        4.1350255E-08
   33.41100        1.5962566E-08
   33.53780       -1.2379616E-08
   33.66459       -4.2942059E-08
   33.79138       -7.4861994E-08
   33.91817       -1.0717223E-07
   34.04497       -1.3883019E-07
   34.17176       -1.6875099E-07
   34.29855       -1.9584337E-07
   34.42534       -2.1904704E-07
   34.55214       -2.3737029E-07
   34.67893       -2.4992616E-07
   34.80572       -2.5596586E-07
   34.93251       -2.5490837E-07
   35.05931       -2.4636449E-07
   35.18610       -2.3015521E-07
   35.31289       -2.0632291E-07
   35.43969       -1.7513560E-07
   35.56648       -1.3708355E-07
   35.69327       -9.2868959E-08
   35.82006       -4.3388845E-08
   35.94686        1.0288129E-08
   36.07365        6.6949845E-08
   36.20044        1.2527295E-07
   36.32723        1.8385768E-07
   36.45403        2.4126444E-07
   36.58082        2.9605030E-07
   36.70761        3.4680474E-07
   36.83440        3.9218321E-07
   36.96120        4.3093800E-07
   37.08799        4.6194501E-07
   37.21478        4.8422692E-07
   37.34158        4.9697138E-07
   37.46837        4.9954554E-07
   37.59516        4.9150532E-07
   37.72195        4.7260190E-07
   37.84875        4.4278360E-07
   37.97554        4.0219581E-07
   38.10233        3.5117802E-07
   38.22912        2.9025935E-07
   38.35592        2.2015278E-07
   38.48271        1.4174839E-07
   38.60950        5.6106103E-08
   38.73629       -3.5552144E-08
   38.86309       -1.3185105E-07
   38.98988       -2.3127141E-07
   39.11667       -3.3216097E-07
   39.24347       -4.3274721E-07
   39.37026       -5.3115269E-07
   39.49705       -6.2541335E-07
   39.62384       -7.1350058E-07
   39.75064       -7.9334728E-07
   39.87743       -8.6287810E-07
   40.00422       -9.2004467E-07
   40.13101       -9.6286351E-07
   40.25780       -9.8945861E-07
   40.38460       -9.9810563E-07
   40.51139       -9.8727730E-07
   40.63818       -9.5568907E-07
   40.76498       -9.0234175E-07
   40.89177       -8.2656055E-07
   41.01856       -7.2802777E-07
   41.14536       -6.0680787E-07
   41.27215       -4.6336172E-07
   41.39894       -2.9855028E-07
   41.52573       -1.1362507E-07
   41.65253        8.9794717E-08
   41.77932        3.0975872E-07
   41.90611        5.4403552E-07
   42.03290        7.9017462E-07
   42.15969        1.0455797E-06
   42.28649        1.3075897E-06
   42.41328        1.5735658E-06
   42.54007        1.8409812E-06
   42.66687        2.1075093E-06
   42.79366        2.3711077E-06
   42.92045        2.6300938E-06
   43.04725        2.8832078E-06
   43.17404        3.1296611E-06
   43.30083        3.3691688E-06
   43.42762        3.6019592E-06
   43.55442        3.8287649E-06
   43.68121        4.0507921E-06
   43.80800        4.2696688E-06
   43.93479        4.4873736E-06
   44.06158        4.7061471E-06
   44.18838        4.9283904E-06
   44.31517        5.1565503E-06
   44.44196        5.3930030E-06
   44.56876        5.6399308E-06
   44.69555        5.8992073E-06
   44.82234        6.1722853E-06
   44.94913        6.4601036E-06
   45.07593        6.7630026E-06
   45.20272        7.0806682E-06
   45.32951        7.4120953E-06
   45.45631        7.7555751E-06
   45.58310        8.1087110E-06
   45.70989        8.4684625E-06
   45.83668        8.8312072E-06
   45.96347        9.1928332E-06
   46.09027        9.5488494E-06
   46.21706        9.8945093E-06
   46.34385        1.0224950E-05
   46.47065        1.0535333E-05
   46.59744        1.0820995E-05
   46.72423        1.1077585E-05
   46.85102        1.1301199E-05
   46.97782        1.1488498E-05
   47.10461        1.1636805E-05
   47.23140        1.1744196E-05
   47.35820        1.1809547E-05
   47.48499        1.1832571E-05
   47.61178        1.1813820E-05
   47.73857        1.1754671E-05
   47.86536        1.1657280E-05
   47.99216        1.1524518E-05
   48.11895        1.1359894E-05
   48.24574        1.1167448E-05
   48.37254        1.0951655E-05
   48.49933        1.0717294E-05
   48.62612        1.0469342E-05
   48.75291        1.0212865E-05
   48.87971        9.9528934E-06
   49.00650        9.6943349E-06
   49.13329        9.4418710E-06
   49.26009        9.1998891E-06
   49.38688        8.9724199E-06
   49.51367        8.7630888E-06
   49.64046        8.5750862E-06
   49.76725        8.4111498E-06
   49.89405        8.2735569E-06
   50.02084        8.1641419E-06
   50.14763        8.0842901E-06
   50.27443        8.0349782E-06
   50.40122        8.0167783E-06
   50.52801        8.0298996E-06
   50.65480        8.0742020E-06
   50.78160        8.1492108E-06
   50.90839        8.2541383E-06
   51.03518        8.3878813E-06
   51.16198        8.5490365E-06
   51.28877        8.7358785E-06
   51.41556        8.9463665E-06
   51.54235        9.1781158E-06
   51.66914        9.4284005E-06
   51.79594        9.6941330E-06
   51.92273        9.9718563E-06
   52.04952        1.0257735E-05
   52.17632        1.0547585E-05
   52.30311        1.0836874E-05
   52.42990        1.1120757E-05
   52.55669        1.1394134E-05
   52.68349        1.1651707E-05
   52.81028        1.1888067E-05
   52.93707        1.2097788E-05
   53.06387        1.2275531E-05
   53.19066        1.2416176E-05
   53.31745        1.2514947E-05
   53.44424        1.2567548E-05
   53.57103        1.2570290E-05
   53.69783        1.2520236E-05
   53.82462        1.2415309E-05
   53.95141        1.2254414E-05
   54.07821        1.2037516E-05
   54.20500        1.1765705E-05
   54.33179        1.1441254E-05
   54.45858        1.1067612E-05
   54.58538        1.0649402E-05
   54.71217        1.0192365E-05
   54.83896        9.7032789E-06
   54.96576        9.1898601E-06
   55.09255        8.6606133E-06
   55.21934        8.1246853E-06
   55.34613        7.5916778E-06
   55.47292        7.0714636E-06
   55.59972        6.5739705E-06
   55.72651        6.1089854E-06
   55.85330        5.6859417E-06
   55.98009        5.3137260E-06
   56.10689        5.0004919E-06
   56.23368        4.7534977E-06
   56.36047        4.5789448E-06
   56.48727        4.4818671E-06
   56.61406        4.4660324E-06
   56.74085        4.5338707E-06
   56.86765        4.6864311E-06
   56.99444        4.9233840E-06
   57.12123        5.2430187E-06
   57.24802        5.6423023E-06
   57.37481        6.1169362E-06
   57.50161        6.6614443E-06
   57.62840        7.2692733E-06
   57.75519        7.9329038E-06
   57.88198        8.6439950E-06
   58.00878        9.3934987E-06
   58.13557        1.0171799E-05
   58.26236        1.0968864E-05
   58.38916        1.1774381E-05
   58.51595        1.2577882E-05
   58.64274        1.3368901E-05
   58.76954        1.4137092E-05
   58.89633        1.4872355E-05
   59.02312        1.5564967E-05
   59.14991        1.6205693E-05
   59.27670        1.6785907E-05
   59.40350        1.7297687E-05
   59.53029        1.7733943E-05
   59.65708        1.8088489E-05
   59.78387        1.8356161E-05
   59.91067        1.8532875E-05
   60.03746        1.8615719E-05
   60.16425        1.8603008E-05
   60.29105        1.8494327E-05
   60.41784        1.8290581E-05
   60.54463        1.7993993E-05
   60.67142        1.7608099E-05
   60.79822        1.7137718E-05
   60.92501        1.6588909E-05
   61.05180        1.5968890E-05
   61.17859        1.5285925E-05
   61.30539        1.4549224E-05
   61.43218        1.3768769E-05
   61.55897        1.2955168E-05
   61.68576        1.2119473E-05
   61.81256        1.1272983E-05
   61.93935        1.0427050E-05
   62.06614        9.5928754E-06
   62.19294        8.7813196E-06
   62.31973        8.0026994E-06
   62.44652        7.2666298E-06
   62.57331        6.5818472E-06
   62.70011        5.9560871E-06
   62.82690        5.3959729E-06
   62.95369        4.9069417E-06
   63.08048        4.4931849E-06
   63.20728        4.1576254E-06
   63.33407        3.9019419E-06
   63.46086        3.7266018E-06
   63.58765        3.6309093E-06
   63.71445        3.6131323E-06
   63.84124        3.6705771E-06
   63.96803        3.7997413E-06
   64.09483        3.9964134E-06
   64.22162        4.2558340E-06
   64.34841        4.5728152E-06
   64.47520        4.9418854E-06
   64.60200        5.3573908E-06
   64.72879        5.8136079E-06
   64.85558        6.3048378E-06
   64.98238        6.8254635E-06
   65.10917        7.3700144E-06
   65.23596        7.9331876E-06
   65.36275        8.5098627E-06
   65.48955        9.0951171E-06
   65.61633        9.6842041E-06
   65.74313        1.0272544E-05
   65.86992        1.0855696E-05
   65.99671        1.1429353E-05
   66.12350        1.1989322E-05
   66.25030        1.2531530E-05
   66.37709        1.3052023E-05
   66.50388        1.3547005E-05
   66.63068        1.4012863E-05
   66.75747        1.4446261E-05
   66.88426        1.4844182E-05
   67.01105        1.5204049E-05
   67.13785        1.5523807E-05
   67.26464        1.5802019E-05
   67.39143        1.6037986E-05
   67.51823        1.6231803E-05
   67.64502        1.6384460E-05
   67.77181        1.6497870E-05
   67.89861        1.6574902E-05
   68.02540        1.6619353E-05
   68.15219        1.6635908E-05
   68.27898        1.6630058E-05
   68.40578        1.6607952E-05
   68.53257        1.6576274E-05
   68.65936        1.6542039E-05
   68.78616        1.6512382E-05
   68.91295        1.6494330E-05
   69.03974        1.6494572E-05
   69.16653        1.6519234E-05
   69.29333        1.6573647E-05
   69.42011        1.6662163E-05
   69.54691        1.6787984E-05
   69.67370        1.6953025E-05
   69.80049        1.7157843E-05
   69.92728        1.7401590E-05
   70.05408        1.7682041E-05
   70.18087        1.7995655E-05
   70.30766        1.8337725E-05
   70.43446        1.8702522E-05
   70.56125        1.9083529E-05
   70.68804        1.9473666E-05
   70.81483        1.9865589E-05
   70.94163        2.0251940E-05
   71.06842        2.0625635E-05
   71.19521        2.0980131E-05
   71.32201        2.1309670E-05
   71.44880        2.1609470E-05
   71.57559        2.1875896E-05
   71.70238        2.2106558E-05
   71.82918        2.2300381E-05
   71.95597        2.2457545E-05
   72.08276        2.2579454E-05
   72.20956        2.2668559E-05
   72.33635        2.2728178E-05
   72.46314        2.2762251E-05
   72.58994        2.2775084E-05
   72.71673        2.2770997E-05
   72.84352        2.2754060E-05
   72.97031        2.2727771E-05
   73.09711        2.2694765E-05
   73.22389        2.2656570E-05
   73.35069        2.2613407E-05
   73.47748        2.2564056E-05
   73.60427        2.2505777E-05
   73.73106        2.2434329E-05
   73.85786        2.2344060E-05
   73.98465        2.2228063E-05
   74.11144        2.2078406E-05
   74.23824        2.1886457E-05
   74.36503        2.1643216E-05
   74.49182        2.1339745E-05
   74.61861        2.0967556E-05
   74.74541        2.0519064E-05
   74.87220        1.9988029E-05
   74.99899        1.9369927E-05
   75.12579        1.8662327E-05
   75.25258        1.7865124E-05
   75.37937        1.6980837E-05
   75.50616        1.6014677E-05
   75.63296        1.4974629E-05
   75.75975        1.3871325E-05
   75.88654        1.2717920E-05
   76.01334        1.1529807E-05
   76.14013        1.0324259E-05
   76.26692        9.1200263E-06
   76.39371        7.9368028E-06
   76.52051        6.7946789E-06
   76.64730        5.7136031E-06
   76.77409        4.7127442E-06
   76.90089        3.8099665E-06
   77.02767        3.0212077E-06
   77.15446        2.3600712E-06
   77.28126        1.8373404E-06
   77.40805        1.4606449E-06
   77.53484        1.2342038E-06
   77.66164        1.1586769E-06
   77.78843        1.2311616E-06
   77.91522        1.4452423E-06
   78.04202        1.7911733E-06
   78.16881        2.2562515E-06
   78.29560        2.8251732E-06
   78.42239        3.4805828E-06
   78.54919        4.2036013E-06
   78.67598        4.9745336E-06
   78.80277        5.7734551E-06
   78.92957        6.5809777E-06
   79.05636        7.3788797E-06
   79.18315        8.1507769E-06
   79.30994        8.8826637E-06
   79.43674        9.5634805E-06
   79.56353        1.0185468E-05
   79.69032        1.0744537E-05
   79.81712        1.1240356E-05
   79.94391        1.1676438E-05
   80.07070        1.2060040E-05
   80.19749        1.2401902E-05
   80.32429        1.2715908E-05
   80.45108        1.3018555E-05
   80.57787        1.3328398E-05
   80.70466        1.3665354E-05
   80.83145        1.4049946E-05
   80.95824        1.4502535E-05
   81.08504        1.5042513E-05
   81.21183        1.5687527E-05
   81.33862        1.6452759E-05
   81.46542        1.7350254E-05
   81.59221        1.8388386E-05
   81.71900        1.9571386E-05
   81.84579        2.0899060E-05
   81.97259        2.2366612E-05
   82.09938        2.3964640E-05
   82.22617        2.5679283E-05
   82.35297        2.7492504E-05
   82.47976        2.9382525E-05
   82.60655        3.1324380E-05
   82.73335        3.3290573E-05
   82.86014        3.5251840E-05
   82.98693        3.7177942E-05
   83.11372        3.9038488E-05
   83.24052        4.0803785E-05
   83.36731        4.2445663E-05
   83.49410        4.3938227E-05
   83.62090        4.5258559E-05
   83.74769        4.6387348E-05
   83.87448        4.7309364E-05
   84.00127        4.8013866E-05
   84.12807        4.8494840E-05
   84.25486        4.8751117E-05
   84.38165        4.8786384E-05
   84.50844        4.8609003E-05
   84.63523        4.8231792E-05
   84.76202        4.7671609E-05
   84.88882        4.6948902E-05
   85.01561        4.6087127E-05
   85.14240        4.5112152E-05
   85.26920        4.4051558E-05
   85.39599        4.2933942E-05
   85.52278        4.1788218E-05
   85.64957        4.0642895E-05
   85.77637        3.9525417E-05
   85.90316        3.8461538E-05
   86.02995        3.7474747E-05
   86.15675        3.6585792E-05
   86.28354        3.5812282E-05
   86.41033        3.5168396E-05
   86.53712        3.4664659E-05
   86.66392        3.4307872E-05
   86.79071        3.4101125E-05
   86.91750        3.4043896E-05
   87.04430        3.4132263E-05
   87.17109        3.4359196E-05
   87.29788        3.4714925E-05
   87.42467        3.5187353E-05
   87.55147        3.5762518E-05
   87.67826        3.6425085E-05
   87.80505        3.7158814E-05
   87.93185        3.7947055E-05
   88.05864        3.8773171E-05
   88.18543        3.9620954E-05
   88.31222        4.0474948E-05
   88.43901        4.1320731E-05
   88.56580        4.2145119E-05
   88.69260        4.2936266E-05
   88.81939        4.3683725E-05
   88.94618        4.4378401E-05
   89.07298        4.5012464E-05
   89.19977        4.5579181E-05
   89.32656        4.6072731E-05
   89.45335        4.6487978E-05
   89.58015        4.6820212E-05
   89.70694        4.7064943E-05
   89.83373        4.7217654E-05
   89.96053        4.7273606E-05
   90.08732        4.7227699E-05
   90.21411        4.7074369E-05
   90.34090        4.6807523E-05
   90.46770        4.6420566E-05
   90.59449        4.5906487E-05
   90.72128        4.5257970E-05
   90.84808        4.4467601E-05
   90.97487        4.3528093E-05
   91.10166        4.2432534E-05
   91.22845        4.1174699E-05
   91.35525        3.9749306E-05
   91.48204        3.8152324E-05
   91.60883        3.6381214E-05
   91.73563        3.4435165E-05
   91.86242        3.2315271E-05
   91.98921        3.0024661E-05
   92.11600        2.7568569E-05
   92.24279        2.4954306E-05
   92.36958        2.2191207E-05
   92.49638        1.9290490E-05
   92.62317        1.6265045E-05
   92.74996        1.3129198E-05
   92.87675        9.8984183E-06
   93.00355        6.5889790E-06
   93.13034        3.2176524E-06
   93.25713       -1.9864883E-07
   93.38393       -3.6431588E-06
   93.51072       -7.0995557E-06
   93.63751       -1.0552175E-05
   93.76431       -1.3986197E-05
   93.89110       -1.7387751E-05
   94.01789       -2.0743923E-05
   94.14468       -2.4042736E-05
   94.27148       -2.7273027E-05
   94.39827       -3.0424271E-05
   94.52506       -3.3486343E-05
   94.65186       -3.6449299E-05
   94.77865       -3.9303046E-05
   94.90544       -4.2037096E-05
   95.03223       -4.4640303E-05
   95.15903       -4.7100664E-05
   95.28582       -4.9405131E-05
   95.41261       -5.1539577E-05
   95.53941       -5.3488791E-05
   95.66620       -5.5236589E-05
   95.79299       -5.6766039E-05
   95.91978       -5.8059788E-05
   96.04657       -5.9100475E-05
   96.17336       -5.9871210E-05
   96.30016       -6.0356175E-05
   96.42695       -6.0541217E-05
   96.55374       -6.0414488E-05
   96.68053       -5.9967078E-05
   96.80733       -5.9193622E-05
   96.93412       -5.8092806E-05
   97.06091       -5.6667865E-05
   97.18771       -5.4926903E-05
   97.31450       -5.2883122E-05
   97.44129       -5.0554921E-05
   97.56808       -4.7965790E-05
   97.69488       -4.5144116E-05
   97.82167       -4.2122785E-05
   97.94846       -3.8938666E-05
   98.07526       -3.5631954E-05
   98.20205       -3.2245393E-05
   98.32884       -2.8823431E-05
   98.45564       -2.5411271E-05
   98.58243       -2.2053899E-05
   98.70922       -1.8795095E-05
   98.83601       -1.5676491E-05
   98.96281       -1.2736608E-05
   99.08960       -1.0010022E-05
   99.21639       -7.5266180E-06
   99.34319       -5.3109370E-06
   99.46998       -3.3816946E-06
   99.59677       -1.7514227E-06
   99.72356       -4.2627426E-07
   99.85035        5.9399457E-07
   99.97714        1.3159001E-06
   100.1039        1.7519523E-06
   100.2307        1.9201912E-06
   100.3575        1.8436472E-06
   100.4843        1.5496367E-06
   100.6111        1.0690038E-06
   100.7379        4.3525279E-07
   100.8647       -3.1632695E-07
   100.9915       -1.1495738E-06
   101.1183       -2.0283505E-06
   101.2451       -2.9174180E-06
   101.3719       -3.7832422E-06
   101.4987       -4.5947245E-06
   101.6255       -5.3238396E-06
   101.7522       -5.9461677E-06
   101.8790       -6.4413052E-06
   102.0058       -6.7931546E-06
   102.1326       -6.9900975E-06
   102.2594       -7.0250417E-06
   102.3862       -6.8953618E-06
   102.5130       -6.6027483E-06
   102.6398       -6.1529568E-06
   102.7666       -5.5554960E-06
   102.8934       -4.8232610E-06
   103.0202       -3.9721162E-06
   103.1470       -3.0204594E-06
   103.2738       -1.9887664E-06
   103.4006       -8.9913027E-07
   103.5273        2.2519264E-07
   103.6541        1.3602285E-06
   103.7809        2.4817166E-06
   103.9077        3.5655271E-06
   104.0345        4.5880574E-06
   104.1613        5.5266182E-06
   104.2881        6.3597968E-06
   104.4149        7.0678166E-06
   104.5417        7.6328761E-06
   104.6685        8.0394793E-06
   104.7953        8.2747501E-06
   104.9221        8.3287241E-06
   105.0489        8.1946118E-06
   105.1756        7.8690500E-06
   105.3024        7.3522829E-06
   105.4292        6.6483226E-06
   105.5560        5.7650464E-06
   105.6828        4.7142062E-06
   105.8096        3.5114012E-06
   105.9364        2.1759433E-06
   106.0632        7.3064382E-07
   106.1900       -7.9848382E-07
   106.3168       -2.3826069E-06
   106.4436       -3.9905512E-06
   106.5704       -5.5893447E-06
   106.6972       -7.1448362E-06
   106.8240       -8.6223654E-06
   106.9507       -9.9874778E-06
   107.0775       -1.1206660E-05
   107.2043       -1.2248074E-05
   107.3311       -1.3082281E-05
   107.4579       -1.3682911E-05
   107.5847       -1.4027294E-05
   107.7115       -1.4096990E-05
   107.8383       -1.3878229E-05
   107.9651       -1.3362235E-05
   108.0919       -1.2545422E-05
   108.2187       -1.1429457E-05
   108.3455       -1.0021205E-05
   108.4723       -8.3325076E-06
   108.5990       -6.3798652E-06
   108.7258       -4.1839885E-06
   108.8526       -1.7692698E-06
   108.9794        8.3686120E-07
   109.1062        3.6045883E-06
   109.2330        6.5024255E-06
   109.3598        9.4979387E-06
   109.4866        1.2558417E-05
   109.6134        1.5651549E-05
   109.7402        1.8746010E-05
   109.8670        2.1811922E-05
   109.9938        2.4821262E-05
   110.1206        2.7748130E-05
   110.2474        3.0568925E-05
   110.3741        3.3262368E-05
   110.5009        3.5809429E-05
   110.6277        3.8193171E-05
   110.7545        4.0398449E-05
   110.8813        4.2411648E-05
   111.0081        4.4220309E-05
   111.1349        4.5812769E-05
   111.2617        4.7177855E-05
   111.3885        4.8304591E-05
   111.5153        4.9182014E-05
   111.6421        4.9799062E-05
   111.7689        5.0144601E-05
   111.8957        5.0207596E-05
   112.0224        4.9977392E-05
   112.1492        4.9444108E-05
   112.2760        4.8599159E-05
   112.4028        4.7435893E-05
   112.5296        4.5950288E-05
   112.6564        4.4141609E-05
   112.7832        4.2013180E-05
   112.9100        3.9572991E-05
   113.0368        3.6834303E-05
   113.1636        3.3816068E-05
   113.2904        3.0543215E-05
   113.4172        2.7046708E-05
   113.5440        2.3363427E-05
   113.6708        1.9535768E-05
   113.7975        1.5611051E-05
   113.9243        1.1640668E-05
   114.0511        7.6790493E-06
   114.1779        3.7824200E-06
   114.3047        7.4196276E-09
   114.4315       -3.5903579E-06
   114.5583       -6.9578914E-06
   114.6851       -1.0046253E-05
   114.8119       -1.2812052E-05
   114.9387       -1.5218760E-05
   115.0655       -1.7237871E-05
   115.1923       -1.8849831E-05
   115.3191       -2.0044703E-05
   115.4458       -2.0822541E-05
   115.5726       -2.1193449E-05
   115.6994       -2.1177311E-05
   115.8262       -2.0803194E-05
   115.9530       -2.0108469E-05
   116.0798       -1.9137617E-05
   116.2066       -1.7940814E-05
   116.3334       -1.6572323E-05
   116.4602       -1.5088714E-05
   116.5870       -1.3547054E-05
   116.7138       -1.2003017E-05
   116.8406       -1.0509095E-05
   116.9674       -9.1128704E-06
   117.0942       -7.8554785E-06
   117.2209       -6.7702836E-06
   117.3477       -5.8818155E-06
   117.4745       -5.2050182E-06
   117.6013       -4.7448034E-06
   117.7281       -4.4959706E-06
   117.8549       -4.4434596E-06
   117.9817       -4.5629527E-06
   118.1085       -4.8217944E-06
   118.2353       -5.1802040E-06
   118.3621       -5.5927330E-06
   118.4889       -6.0099255E-06
   118.6157       -6.3801208E-06
   118.7425       -6.6513280E-06
   118.8692       -6.7731326E-06
   118.9960       -6.6985376E-06
   119.1228       -6.3857060E-06
   119.2496       -5.7995235E-06
   119.3764       -4.9129449E-06
   119.5032       -3.7080861E-06
   119.6300       -2.1770115E-06
   119.7568       -3.2220970E-07
   119.8836        1.8432615E-06
   120.0104        4.2959596E-06
   120.1372        7.0025540E-06
   120.2640        9.9206300E-06
   120.3908        1.2999754E-05
   120.5176        1.6182774E-05
   120.6443        1.9407305E-05
   120.7711        2.2607384E-05
   120.8979        2.5715179E-05
   121.0247        2.8662780E-05
   121.1515        3.1383963E-05
   121.2783        3.3815923E-05
   121.4051        3.5900892E-05
   121.5319        3.7587655E-05
   121.6587        3.8832855E-05
   121.7855        3.9602135E-05
   121.9123        3.9871040E-05
   122.0391        3.9625666E-05
   122.1659        3.8863094E-05
   122.2927        3.7591526E-05
   122.4194        3.5830170E-05
   122.5462        3.3608867E-05
   122.6730        3.0967458E-05
   122.7998        2.7954919E-05
   122.9266        2.4628271E-05
   123.0534        2.1051297E-05
   123.1802        1.7293085E-05
   123.3070        1.3426429E-05
   123.4338        9.5261512E-06
   123.5606        5.6673216E-06
   123.6874        1.9235065E-06
   123.8142       -1.6349950E-06
   123.9410       -4.9428195E-06
   124.0677       -7.9410966E-06
   124.1945       -1.0578856E-05
   124.3213       -1.2814221E-05
   124.4481       -1.4615372E-05
   124.5749       -1.5961243E-05
   124.7017       -1.6841921E-05
   124.8285       -1.7258762E-05
   124.9553       -1.7224165E-05
   125.0821       -1.6761085E-05
   125.2089       -1.5902213E-05
   125.3357       -1.4688937E-05
   125.4625       -1.3170043E-05
   125.5893       -1.1400256E-05
   125.7161       -9.4386251E-06
   125.8428       -7.3468304E-06
   125.9696       -5.1874663E-06
   126.0964       -3.0223493E-06
   126.2232       -9.1090254E-07
   126.3500        1.0913199E-06
   126.4768        2.9339440E-06
   126.6036        4.5728693E-06
   126.7304        5.9711210E-06
   126.8572        7.0994597E-06
   126.9840        7.9367228E-06
   127.1108        8.4698959E-06
   127.2376        8.6939563E-06
   127.3644        8.6114787E-06
   127.4911        8.2320566E-06
   127.6179        7.5715461E-06
   127.7447        6.6512121E-06
   127.8715        5.4967813E-06
   127.9983        4.1374656E-06
   128.1251        2.6049938E-06
   128.2519        9.3269045E-07
   128.3787       -8.4537083E-07
   128.5055       -2.6951052E-06
   128.6323       -4.5830366E-06
   128.7591       -6.4767714E-06
   128.8859       -8.3453560E-06
   129.0127       -1.0159477E-05
   129.1395       -1.1891556E-05
   129.2663       -1.3515736E-05
   129.3930       -1.5007792E-05
   129.5198       -1.6344989E-05
   129.6466       -1.7505916E-05
   129.7734       -1.8470329E-05
   129.9002       -1.9219036E-05
   130.0270       -1.9733838E-05
   130.1538       -1.9997544E-05
   130.2806       -1.9994117E-05
   130.4074       -1.9708888E-05
   130.5342       -1.9128898E-05
   130.6610       -1.8243327E-05
   130.7878       -1.7044025E-05
   130.9146       -1.5526077E-05
   131.0414       -1.3688425E-05
   131.1681       -1.1534476E-05
   131.2949       -9.0726717E-06
   131.4217       -6.3169891E-06
   131.5485       -3.2873170E-06
   131.6753       -9.6966595E-09
   131.8021        3.4836235E-06
   131.9289        7.1543295E-06
   132.0557        1.0958391E-05
   132.1825        1.4846632E-05
   132.3093        1.8765519E-05
   132.4361        2.2658129E-05
   132.5629        2.6465310E-05
   132.6897        3.0126968E-05
   132.8164        3.3583481E-05
   132.9432        3.6777124E-05
   133.0700        3.9653554E-05
   133.1968        4.2163210E-05
   133.3236        4.4262648E-05
   133.4504        4.5915691E-05
   133.5772        4.7094447E-05
   133.7040        4.7780086E-05
   133.8308        4.7963378E-05
   133.9576        4.7644935E-05
   134.0844        4.6835234E-05
   134.2112        4.5554316E-05
   134.3380        4.3831264E-05
   134.4648        4.1703413E-05
   134.5915        3.9215349E-05
   134.7183        3.6417718E-05
   134.8451        3.3365923E-05
   134.9719        3.0118666E-05
   135.0987        2.6736498E-05
   135.2255        2.3280301E-05
   135.3523        1.9809851E-05
   135.4791        1.6382401E-05
   135.6059        1.3051437E-05
   135.7327        9.8655291E-06
   135.8595        6.8673703E-06
   135.9863        4.0930208E-06
   136.1131        1.5713410E-06
   136.2398       -6.7635330E-07
   136.3666       -2.6364085E-06
   136.4934       -4.3027576E-06
   136.6202       -5.6766112E-06
   136.7470       -6.7659971E-06
   136.8738       -7.5851058E-06
   137.0006       -8.1535263E-06
   137.1274       -8.4953390E-06
   137.2542       -8.6381588E-06
   137.3810       -8.6121054E-06
   137.5078       -8.4487738E-06
   137.6346       -8.1802073E-06
   137.7614       -7.8379226E-06
   137.8882       -7.4520199E-06
   138.0149       -7.0503720E-06
   138.1417       -6.6579437E-06
   138.2685       -6.2962408E-06
   138.3953       -5.9828981E-06
   138.5221       -5.7314151E-06
   138.6489       -5.5510345E-06
   138.7757       -5.4467632E-06
   138.9025       -5.4195189E-06
   139.0293       -5.4663974E-06
   139.1561       -5.5810365E-06
   139.2829       -5.7540647E-06
   139.4097       -5.9736026E-06
   139.5365       -6.2258055E-06
   139.6632       -6.4954161E-06
   139.7900       -6.7663113E-06
   139.9168       -7.0220281E-06
   140.0436       -7.2462431E-06
   140.1704       -7.4232066E-06
   140.2972       -7.5381154E-06
   140.4240       -7.5774146E-06
   140.5508       -7.5290445E-06
   140.6776       -7.3826222E-06
   140.8044       -7.1295617E-06
   140.9312       -6.7631554E-06
   141.0580       -6.2786162E-06
   141.1848       -5.6730923E-06
   141.3116       -4.9456662E-06
   141.4383       -4.0973459E-06
   141.5651       -3.1310599E-06
   141.6919       -2.0516475E-06
   141.8187       -8.6586203E-07
   141.9455        4.1763909E-07
   142.0723        1.7882932E-06
   142.1991        3.2336534E-06
   142.3259        4.7394274E-06
   142.4527        6.2895315E-06
   142.5795        7.8661969E-06
   142.7063        9.4501038E-06
   142.8331        1.1020568E-05
   142.9599        1.2555787E-05
   143.0867        1.4033135E-05
   143.2134        1.5429512E-05
   143.3402        1.6721751E-05
   143.4670        1.7887056E-05
   143.5938        1.8903482E-05
   143.7206        1.9750421E-05
   143.8474        2.0409110E-05
   143.9742        2.0863112E-05
   144.1010        2.1098787E-05
   144.2278        2.1105710E-05
   144.3546        2.0877062E-05
   144.4814        2.0409916E-05
   144.6082        1.9705498E-05
   144.7350        1.8769315E-05
   144.8617        1.7611235E-05
   144.9885        1.6245447E-05
   145.1153        1.4690349E-05
   145.2421        1.2968332E-05
   145.3689        1.1105502E-05
   145.4957        9.1312959E-06
   145.6225        7.0780534E-06
   145.7493        4.9805162E-06
   145.8761        2.8752959E-06
   146.0029        8.0026672E-07
   146.1297       -1.2060585E-06
   146.2565       -3.1051600E-06
   146.3833       -4.8591960E-06
   146.5101       -6.4316687E-06
   146.6368       -7.7881041E-06
   146.7636       -8.8967126E-06
   146.8904       -9.7290449E-06
   147.0172       -1.0260605E-05
   147.1440       -1.0471445E-05
   147.2708       -1.0346695E-05
   147.3976       -9.8770333E-06
   147.5244       -9.0590847E-06
   147.6512       -7.8957255E-06
   147.7780       -6.3962689E-06
   147.9048       -4.5765587E-06
   148.0316       -2.4589103E-06
   148.1584       -7.1923367E-08
   148.2851        2.5498555E-06
   148.4119        5.3664075E-06
   148.5387        8.3328687E-06
   148.6655        1.1400286E-05
   148.7923        1.4516502E-05
   148.9191        1.7627170E-05
   149.0459        2.0676820E-05
   149.1727        2.3610051E-05
   149.2995        2.6372714E-05
   149.4263        2.8913126E-05
   149.5531        3.1183263E-05
   149.6799        3.3139906E-05
   149.8067        3.4745677E-05
   149.9335        3.5969962E-05
   150.0602        3.6789705E-05
   150.1870        3.7189984E-05
   150.3138        3.7164442E-05
   150.4406        3.6715439E-05
   150.5674        3.5854016E-05
   150.6942        3.4599627E-05
   150.8210        3.2979595E-05
   150.9478        3.1028409E-05
   151.0746        2.8786770E-05
   151.2014        2.6300466E-05
   151.3282        2.3619121E-05
   151.4550        2.0794814E-05
   151.5818        1.7880646E-05
   151.7085        1.4929274E-05
   151.8353        1.1991491E-05
   151.9621        9.1148786E-06
   152.0889        6.3425869E-06
   152.2157        3.7122920E-06
   152.3425        1.2553610E-06
   152.4693       -1.0037317E-06
   152.5961       -3.0477293E-06
   152.7229       -4.8666375E-06
   152.8497       -6.4575020E-06
   152.9765       -7.8239145E-06
   153.1033       -8.9752939E-06
   153.2301       -9.9259514E-06
   153.3569       -1.0694012E-05
   153.4836       -1.1300212E-05
   153.6104       -1.1766661E-05
   153.7372       -1.2115596E-05
   153.8640       -1.2368201E-05
   153.9908       -1.2543549E-05
   154.1176       -1.2657702E-05
   154.2444       -1.2723013E-05
   154.3712       -1.2747679E-05
   154.4980       -1.2735526E-05
   154.6248       -1.2686073E-05
   154.7516       -1.2594834E-05
   154.8784       -1.2453856E-05
   155.0052       -1.2252461E-05
   155.1319       -1.1978153E-05
   155.2587       -1.1617630E-05
   155.3855       -1.1157859E-05
   155.5123       -1.0587157E-05
   155.6391       -9.8961982E-06
   155.7659       -9.0789263E-06
   155.8927       -8.1332882E-06
   156.0195       -7.0617725E-06
   156.1463       -5.8717087E-06
   156.2731       -4.5753122E-06
   156.3999       -3.1894665E-06
   156.5267       -1.7352532E-06
   156.6535       -2.3724677E-07
   156.7803        1.2773851E-06
   156.9070        2.7799390E-06
   157.0338        4.2413462E-06
   157.1606        5.6333779E-06
   157.2874        6.9298430E-06
   157.4142        8.1077123E-06
   157.5410        9.1481043E-06
   157.6678        1.0037089E-05
   157.7946        1.0766280E-05
   157.9214        1.1333153E-05
   158.0482        1.1741111E-05
   158.1750        1.1999277E-05
   158.3018        1.2122009E-05
   158.4286        1.2128202E-05
   158.5553        1.2040379E-05
   158.6821        1.1883621E-05
   158.8089        1.1684427E-05
   158.9357        1.1469497E-05
   159.0625        1.1264560E-05
   159.1893        1.1093259E-05
   159.3161        1.0976169E-05
   159.4429        1.0929985E-05
   159.5697        1.0966928E-05
   159.6965        1.1094354E-05
   159.8233        1.1314626E-05
   159.9501        1.1625213E-05
   160.0769        1.2019018E-05
   160.2037        1.2484912E-05
