  -4.500000        1.0472086E-17
  -4.373208        1.0472080E-17
  -4.246415        1.0472068E-17
  -4.119622        1.0472054E-17
  -3.992829        1.0472044E-17
  -3.866037        1.0472037E-17
  -3.739244        1.0472036E-17
  -3.612452        1.0472037E-17
  -3.485659        1.0472037E-17
  -3.358866        1.0472033E-17
  -3.232074        1.0472024E-17
  -3.105281        1.0472011E-17
  -2.978488        1.0471997E-17
  -2.851696        1.0471985E-17
  -2.724903        1.0471978E-17
  -2.598110        1.0471977E-17
  -2.471318        1.0471980E-17
  -2.344525        1.0471983E-17
  -2.217732        1.0471985E-17
  -2.090940        1.0471980E-17
  -1.964147        1.0471969E-17
  -1.837354        1.0471952E-17
  -1.710562        1.0471929E-17
  -1.583769        1.0471900E-17
  -1.456976        1.0471871E-17
  -1.330184        1.0471855E-17
  -1.203391        1.0471878E-17
  -1.076598        1.0471972E-17
 -0.9498057        1.0472143E-17
 -0.8230131        1.0472339E-17
 -0.6962205        1.0472395E-17
 -0.5694278        1.0472040E-17
 -0.4426351        1.0470985E-17
 -0.3158425        1.0469144E-17
 -0.1890498        1.0466950E-17
 -6.2257171E-02    1.0465616E-17
  6.4535484E-02    1.0467107E-17
  0.1913281        1.0473553E-17
  0.3181208        1.0485945E-17
  0.4449134        1.0502365E-17
  0.5717061        1.0516423E-17
  0.6984987        1.0517066E-17
  0.8252914        1.0490974E-17
  0.9520841        1.0428224E-17
   1.078877        1.0330630E-17
   1.205669        1.0220309E-17
   1.332462        1.0144365E-17
   1.459255        1.0170802E-17
   1.586047        1.0371940E-17
   1.712840        1.0795018E-17
   1.839633        1.1424949E-17
   1.966425        1.2150043E-17
   2.093218        1.2745718E-17
   2.220011        1.2891562E-17
   2.346803        1.2232010E-17
   2.473596        1.0480282E-17
   2.600389        7.5512292E-18
   2.727181        3.6948396E-18
   2.853974       -4.0697537E-19
   2.980767       -3.6186753E-18
   3.107559       -4.4343188E-18
   3.234352       -1.1796238E-18
   3.361145        7.6722797E-18
   3.487937        2.3093749E-17
   3.614730        4.5039270E-17
   3.741522        7.1971437E-17
   3.868315        1.0043657E-16
   3.995108        1.2477746E-16
   4.121901        1.3711390E-16
   4.248693        1.2777116E-16
   4.375485        8.6368489E-17
   4.502278        3.7522290E-18
   4.629071       -1.2517019E-16
   4.755864       -2.9789648E-16
   4.882656       -5.0066852E-16
   5.009449       -7.0567141E-16
   5.136241       -8.7040735E-16
   5.263034       -9.4062850E-16
   5.389827       -8.5787116E-16
   5.516620       -5.7178626E-16
   5.643412       -5.6170295E-17
   5.770205        6.7392202E-16
   5.896997        1.5479772E-15
   6.023790        2.4334890E-15
   6.150583        3.1415745E-15
   6.277375        3.4476699E-15
   6.404168        3.1274815E-15
   6.530961        2.0048001E-15
   6.657753        4.2022157E-18
   6.784546       -2.8011454E-15
   6.911339       -6.1574759E-15
   7.038131       -9.6241129E-15
   7.164924       -1.2599593E-14
   7.291717       -1.4382113E-14
   7.418509       -1.4260603E-14
   7.545302       -1.1627367E-14
   7.672095       -6.0991166E-15
   7.798887        2.3691888E-15
   7.925680        1.3393919E-14
   8.052472        2.6111092E-14
   8.179265        3.9176904E-14
   8.306058        5.0831172E-14
   8.432851        5.9030953E-14
   8.559643        6.1656260E-14
   8.686436        5.6782819E-14
   8.813229        4.3006512E-14
   8.940022        1.9791567E-14
   9.066813       -1.2198966E-14
   9.193606       -5.0844576E-14
   9.320399       -9.2442140E-14
   9.447192       -1.3177571E-13
   9.573984       -1.6243174E-13
   9.700777       -1.7738831E-13
   9.827570       -1.6987387E-13
   9.954362       -1.3445259E-13
   10.08115       -6.8251516E-14
   10.20795        2.7793628E-14
   10.33474        1.4782679E-13
   10.46153        2.8026667E-13
   10.58833        4.0748448E-13
   10.71512        5.0613105E-13
   10.84191        5.4824922E-13
   10.96870        5.0326594E-13
   11.09550        3.4088916E-13
   11.22229        3.4855355E-14
   11.34908       -4.3262849E-13
   11.47587       -1.0660173E-12
   11.60267       -1.8515176E-12
   11.72946       -2.7526291E-12
   11.85625       -3.7067081E-12
   11.98304       -4.6231816E-12
   12.10984       -5.3840183E-12
   12.23663       -5.8470147E-12
   12.36342       -5.8523091E-12
   12.49022       -5.2323571E-12
   12.61701       -3.8253450E-12
   12.74380       -1.4917235E-12
   12.87059        1.8667865E-12
   12.99739        6.2867142E-12
   13.12418        1.1722252E-11
   13.25097        1.8026247E-11
   13.37776        2.4934764E-11
   13.50456        3.2057350E-11
   13.63135        3.8875247E-11
   13.75814        4.4749583E-11
   13.88493        4.8941292E-11
   14.01173        5.0643854E-11
   14.13852        4.9029145E-11
   14.26531        4.3305654E-11
   14.39211        3.2787120E-11
   14.51890        1.6968468E-11
   14.64569       -4.3953374E-12
   14.77248       -3.1212925E-11
   14.89928       -6.2988795E-11
   15.02607       -9.8770908E-11
   15.15286       -1.3712026E-10
   15.27965       -1.7610860E-10
   15.40645       -2.1334962E-10
   15.53324       -2.4606736E-10
   15.66003       -2.7120348E-10
   15.78682       -2.8556285E-10
   15.91362       -2.8599403E-10
   16.04041       -2.6959820E-10
   16.16720       -2.3395719E-10
   16.29399       -1.7736909E-10
   16.42079       -9.9076677E-11
   16.54758        5.2652799E-13
   16.67437        1.1972913E-10
   16.80116        2.5538957E-10
   16.92796        4.0289319E-10
   17.05475        5.5619043E-10
   17.18154        7.0792505E-10
   17.30834        8.4965590E-10
   17.43513        9.7217123E-10
   17.56192        1.0658895E-09
   17.68871        1.1213328E-09
   17.81551        1.1296560E-09
   17.94230        1.0832089E-09
   18.06909        9.7610009E-10
   18.19588        8.0473800E-10
   18.32268        5.6831073E-10
   18.44947        2.6917538E-10
   18.57626       -8.6873800E-11
   18.70305       -4.9048576E-10
   18.82985       -9.2880276E-10
   18.95664       -1.3856928E-09
   19.08343       -1.8421723E-09
   19.21023       -2.2770128E-09
   19.33702       -2.6675191E-09
   19.46381       -2.9904585E-09
   19.59060       -3.2231042E-09
   19.71740       -3.3443563E-09
   19.84419       -3.3358951E-09
   19.97098       -3.1833067E-09
   20.09777       -2.8771392E-09
   20.22457       -2.4138189E-09
   20.35136       -1.7963874E-09
   20.47815       -1.0349994E-09
   20.60494       -1.4714681E-10
   20.73174        8.4242641E-10
   20.85853        1.9021387E-09
   20.98532        2.9943226E-09
   21.11212        4.0763086E-09
   21.23891        5.1018176E-09
   21.36570        6.0226326E-09
   21.49249        6.7904913E-09
   21.61929        7.3591502E-09
   21.74608        7.6865287E-09
   21.87287        7.7368725E-09
   21.99966        7.4828197E-09
   22.12646        6.9073041E-09
   22.25325        6.0051759E-09
   22.38004        4.7844702E-09
   22.50683        3.2672269E-09
   22.63363        1.4897932E-09
   22.76042       -4.9744653E-10
   22.88721       -2.6309486E-09
   23.01401       -4.8355204E-09
   23.14080       -7.0264505E-09
   23.26759       -9.1122256E-09
   23.39438       -1.0997778E-08
   23.52118       -1.2588167E-08
   23.64797       -1.3792594E-08
   23.77476       -1.4528609E-08
   23.90155       -1.4726339E-08
   24.02835       -1.4332581E-08
   24.15514       -1.3314565E-08
   24.28193       -1.1663178E-08
   24.40872       -9.3955022E-09
   24.53552       -6.5564563E-09
   24.66231       -3.2193983E-09
   24.78910        5.1442745E-10
   24.91590        4.5176987E-09
   25.04269        8.6400993E-09
   25.16948        1.2712695E-08
   25.29627        1.6553509E-08
   25.42307        1.9974195E-08
   25.54986        2.2787596E-08
   25.67665        2.4815977E-08
   25.80344        2.5899606E-08
   25.93024        2.5905374E-08
   26.05703        2.4735057E-08
   26.18382        2.2332834E-08
   26.31061        1.8691679E-08
   26.43741        1.3858213E-08
   26.56420        7.9357108E-09
   26.69099        1.0848834E-09
   26.81779       -6.4776815E-09
   26.94458       -1.4483700E-08
   27.07137       -2.2619938E-08
   27.19816       -3.0537528E-08
   27.32495       -3.7863639E-08
   27.45175       -4.4215227E-08
   27.57854       -4.9214471E-08
   27.70533       -5.2505328E-08
   27.83213       -5.3770666E-08
   27.95892       -5.2749254E-08
   28.08571       -4.9251881E-08
   28.21250       -4.3175852E-08
   28.33930       -3.4517171E-08
   28.46609       -2.3379620E-08
   28.59288       -9.9801598E-09
   28.71968        5.3498104E-09
   28.84647        2.2167836E-08
   28.97326        3.9928544E-08
   29.10005        5.7996630E-08
   29.22684        7.5664481E-08
   29.35364        9.2174169E-08
   29.48043        1.0674312E-07
   29.60722        1.1859289E-07
   29.73402        1.2697998E-07
   29.86081        1.3122769E-07
   29.98760        1.3075784E-07
   30.11439        1.2512113E-07
   30.24119        1.1402489E-07
   30.36798        9.7356903E-08
   30.49477        7.5204198E-08
   30.62156        4.7865836E-08
   30.74836        1.5858722E-08
   30.87515       -2.0084121E-08
   31.00194       -5.9023296E-08
   31.12873       -9.9830778E-08
   31.25553       -1.4121566E-07
   31.38232       -1.8175736E-07
   31.50911       -2.1994536E-07
   31.63591       -2.5422491E-07
   31.76270       -2.8304675E-07
   31.88949       -3.0491989E-07
   32.01628       -3.1846568E-07
   32.14308       -3.2247115E-07
   32.26987       -3.1593999E-07
   32.39666       -2.9813953E-07
   32.52345       -2.6864163E-07
   32.65025       -2.2735611E-07
   32.77704       -1.7455538E-07
   32.90383       -1.1088883E-07
   33.03062       -3.7386492E-08
   33.15742        4.4548877E-08
   33.28421        1.3316136E-07
   33.41100        2.2637295E-07
   33.53780        3.2182564E-07
   33.66459        4.1693374E-07
   33.79138        5.0894499E-07
   33.91817        5.9500923E-07
   34.04497        6.7225290E-07
   34.17176        7.3785731E-07
   34.29855        7.8913814E-07
   34.42534        8.2362556E-07
   34.55214        8.3914023E-07
   34.67893        8.3386561E-07
   34.80572        8.0641280E-07
   34.93251        7.5587621E-07
   35.05931        6.8187899E-07
   35.18610        5.8460643E-07
   35.31289        4.6482552E-07
   35.43969        3.2389144E-07
   35.56648        1.6373858E-07
   35.69327       -1.3142434E-08
   35.82006       -2.0374195E-07
   35.94686       -4.0458218E-07
   36.07365       -6.1178048E-07
   36.20044       -8.2112348E-07
   36.32723       -1.0281508E-06
   36.45403       -1.2282455E-06
   36.58082       -1.4167305E-06
   36.70761       -1.5889661E-06
   36.83440       -1.7404499E-06
   36.96120       -1.8669131E-06
   37.08799       -1.9644128E-06
   37.21478       -2.0294187E-06
   37.34158       -2.0588891E-06
   37.46837       -2.0503387E-06
   37.59516       -2.0018949E-06
   37.72195       -1.9123399E-06
   37.84875       -1.7811420E-06
   37.97554       -1.6084716E-06
   38.10233       -1.3952073E-06
   38.22912       -1.1429271E-06
   38.35592       -8.5389183E-07
   38.48271       -5.3101735E-07
   38.60950       -1.7784055E-07
   38.73629        2.0152039E-07
   38.86309        6.0240899E-07
   38.98988        1.0196748E-06
   39.11667        1.4477165E-06
   39.24347        1.8805230E-06
   39.37026        2.3117109E-06
   39.49705        2.7345557E-06
   39.62384        3.1420195E-06
   39.75064        3.5267715E-06
   39.87743        3.8812041E-06
   40.00422        4.1974445E-06
   40.13101        4.4673666E-06
   40.25780        4.6825962E-06
   40.38460        4.8345260E-06
   40.51139        4.9143291E-06
   40.63818        4.9129831E-06
   40.76498        4.8213028E-06
   40.89177        4.6299861E-06
   41.01856        4.3296754E-06
   41.14536        3.9110350E-06
   41.27215        3.3648455E-06
   41.39894        2.6821203E-06
   41.52573        1.8542368E-06
   41.65253        8.7308507E-07
   41.77932       -2.6876640E-07
   41.90611       -1.5778932E-06
   42.03290       -3.0598299E-06
   42.15969       -4.7188773E-06
   42.28649       -6.5579147E-06
   42.41328       -8.5782112E-06
   42.54007       -1.0779258E-05
   42.66687       -1.3158596E-05
   42.79366       -1.5711696E-05
   42.92045       -1.8431836E-05
   43.04725       -2.1310016E-05
   43.17404       -2.4334931E-05
   43.30083       -2.7492943E-05
   43.42762       -3.0768118E-05
   43.55442       -3.4142307E-05
   43.68121       -3.7595248E-05
   43.80800       -4.1104719E-05
   43.93479       -4.4646749E-05
   44.06158       -4.8195830E-05
   44.18838       -5.1725176E-05
   44.31517       -5.5207031E-05
   44.44196       -5.8612972E-05
   44.56876       -6.1914245E-05
   44.69555       -6.5082124E-05
   44.82234       -6.8088259E-05
   44.94913       -7.0905029E-05
   45.07593       -7.3505937E-05
   45.20272       -7.5865930E-05
   45.32951       -7.7961726E-05
   45.45631       -7.9772115E-05
   45.58310       -8.1278296E-05
   45.70989       -8.2464117E-05
   45.83668       -8.3316263E-05
   45.96347       -8.3824489E-05
   46.09027       -8.3981766E-05
   46.21706       -8.3784355E-05
   46.34385       -8.3231876E-05
   46.47065       -8.2327293E-05
   46.59744       -8.1076905E-05
   46.72423       -7.9490244E-05
   46.85102       -7.7579985E-05
   46.97782       -7.5361721E-05
   47.10461       -7.2853793E-05
   47.23140       -7.0077018E-05
   47.35820       -6.7054440E-05
   47.48499       -6.3811000E-05
   47.61178       -6.0373215E-05
   47.73857       -5.6768917E-05
   47.86536       -5.3026841E-05
   47.99216       -4.9176364E-05
   48.11895       -4.5247176E-05
   48.24574       -4.1268984E-05
   48.37254       -3.7271220E-05
   48.49933       -3.3282806E-05
   48.62612       -2.9331932E-05
   48.75291       -2.5445890E-05
   48.87971       -2.1650883E-05
   49.00650       -1.7971952E-05
   49.13329       -1.4432831E-05
   49.26009       -1.1055932E-05
   49.38688       -7.8622516E-06
   49.51367       -4.8713787E-06
   49.64046       -2.1014166E-06
   49.76725        4.3100908E-07
   49.89405        2.7108017E-06
   50.02084        4.7244330E-06
   50.14763        6.4600122E-06
   50.27443        7.9073361E-06
   50.40122        9.0580343E-06
   50.52801        9.9056797E-06
   50.65480        1.0445932E-05
   50.78160        1.0676760E-05
   50.90839        1.0598577E-05
   51.03518        1.0214452E-05
   51.16198        9.5302876E-06
   51.28877        8.5549846E-06
   51.41556        7.3005717E-06
   51.54235        5.7823117E-06
   51.66914        4.0187601E-06
   51.79594        2.0317680E-06
   51.92273       -1.5359693E-07
   52.04952       -2.5091924E-06
   52.17632       -5.0040489E-06
   52.30311       -7.6046676E-06
   52.42990       -1.0275437E-05
   52.55669       -1.2979103E-05
   52.68349       -1.5677302E-05
   52.81028       -1.8331142E-05
   52.93707       -2.0901851E-05
   53.06387       -2.3351440E-05
   53.19066       -2.5643376E-05
   53.31745       -2.7743257E-05
   53.44424       -2.9619443E-05
   53.57103       -3.1243653E-05
   53.69783       -3.2591495E-05
   53.82462       -3.3642889E-05
   53.95141       -3.4382418E-05
   54.07821       -3.4799603E-05
   54.20500       -3.4888981E-05
   54.33179       -3.4650184E-05
   54.45858       -3.4087792E-05
   54.58538       -3.3211145E-05
   54.71217       -3.2034081E-05
   54.83896       -3.0574498E-05
   54.96576       -2.8853970E-05
   55.09255       -2.6897160E-05
   55.21934       -2.4731296E-05
   55.34613       -2.2385619E-05
   55.47292       -1.9890804E-05
   55.59972       -1.7278384E-05
   55.72651       -1.4580275E-05
   55.85330       -1.1828266E-05
   55.98009       -9.0536223E-06
   56.10689       -6.2866993E-06
   56.23368       -3.5566527E-06
   56.36047       -8.9117350E-07
   56.48727        1.6836856E-06
   56.61406        4.1437129E-06
   56.74085        6.4665901E-06
   56.86765        8.6319642E-06
   56.99444        1.0621543E-05
   57.12123        1.2419127E-05
   57.24802        1.4010691E-05
   57.37481        1.5384465E-05
   57.50161        1.6531047E-05
   57.62840        1.7443519E-05
   57.75519        1.8117616E-05
   57.88198        1.8551849E-05
   58.00878        1.8747720E-05
   58.13557        1.8709878E-05
   58.26236        1.8446282E-05
   58.38916        1.7968379E-05
   58.51595        1.7291182E-05
   58.64274        1.6433323E-05
   58.76954        1.5417041E-05
   58.89633        1.4268064E-05
   59.02312        1.3015377E-05
   59.14991        1.1690892E-05
   59.27670        1.0329029E-05
   59.40350        8.9661316E-06
   59.53029        7.6398219E-06
   59.65708        6.3882635E-06
   59.78387        5.2493351E-06
   59.91067        4.2597558E-06
   60.03746        3.4541602E-06
   60.16425        2.8641703E-06
   60.29105        2.5174827E-06
   60.41784        2.4369979E-06
   60.54463        2.6400901E-06
   60.67142        3.1379225E-06
   60.79822        3.9349661E-06
   60.92501        5.0286758E-06
   61.05180        6.4093365E-06
   61.17859        8.0601149E-06
   61.30539        9.9572635E-06
   61.43218        1.2070626E-05
   61.55897        1.4364229E-05
   61.68576        1.6797116E-05
   61.81256        1.9324380E-05
   61.93935        2.1898260E-05
   62.06614        2.4469411E-05
   62.19294        2.6988195E-05
   62.31973        2.9406039E-05
   62.44652        3.1676744E-05
   62.57331        3.3757809E-05
   62.70011        3.5611556E-05
   62.82690        3.7206217E-05
   62.95369        3.8516795E-05
   63.08048        3.9525825E-05
   63.20728        4.0223840E-05
   63.33407        4.0609608E-05
   63.46086        4.0690182E-05
   63.58765        4.0480689E-05
   63.71445        4.0003786E-05
   63.84124        3.9288956E-05
   63.96803        3.8371574E-05
   64.09483        3.7291804E-05
   64.22162        3.6093334E-05
   64.34841        3.4821995E-05
   64.47520        3.3524309E-05
   64.60200        3.2246062E-05
   64.72879        3.1030762E-05
   64.85558        2.9918288E-05
   64.98238        2.8943536E-05
   65.10917        2.8135264E-05
   65.23596        2.7515118E-05
   65.36275        2.7096865E-05
   65.48955        2.6885898E-05
   65.61633        2.6878981E-05
   65.74313        2.7064267E-05
   65.86992        2.7421635E-05
   65.99671        2.7923203E-05
   66.12350        2.8534194E-05
   66.25030        2.9213948E-05
   66.37709        2.9917201E-05
   66.50388        3.0595504E-05
   66.63068        3.1198779E-05
   66.75747        3.1676984E-05
   66.88426        3.1981774E-05
   67.01105        3.2068136E-05
   67.13785        3.1895957E-05
   67.26464        3.1431475E-05
   67.39143        3.0648542E-05
   67.51823        2.9529690E-05
   67.64502        2.8066945E-05
   67.77181        2.6262358E-05
   67.89861        2.4128287E-05
   68.02540        2.1687390E-05
   68.15219        1.8972276E-05
   68.27898        1.6024838E-05
   68.40578        1.2895385E-05
   68.53257        9.6414387E-06
   68.65936        6.3263974E-06
   68.78616        3.0179790E-06
   68.91295       -2.1345974E-07
   69.03974       -3.2966786E-06
   69.16653       -6.1612918E-06
   69.29333       -8.7395319E-06
   69.42011       -1.0967982E-05
   69.54691       -1.2789070E-05
   69.67370       -1.4152544E-05
   69.80049       -1.5016673E-05
   69.92728       -1.5349189E-05
   70.05408       -1.5128048E-05
   70.18087       -1.4341856E-05
   70.30766       -1.2990004E-05
   70.43446       -1.1082570E-05
   70.56125       -8.6399386E-06
   70.68804       -5.6921281E-06
   70.81483       -2.2779773E-06
   70.94163        1.5559579E-06
   71.06842        5.7566817E-06
   71.19521        1.0266093E-05
   71.32201        1.5022481E-05
   71.44880        1.9962095E-05
   71.57559        2.5020609E-05
   71.70238        3.0134674E-05
   71.82918        3.5243331E-05
   71.95597        4.0289280E-05
   72.08276        4.5220047E-05
   72.20956        4.9989001E-05
   72.33635        5.4556076E-05
   72.46314        5.8888436E-05
   72.58994        6.2960818E-05
   72.71673        6.6755747E-05
   72.84352        7.0263399E-05
   72.97031        7.3481409E-05
   73.09711        7.6414370E-05
   73.22389        7.9073274E-05
   73.35069        8.1474798E-05
   73.47748        8.3640378E-05
   73.60427        8.5595348E-05
   73.73106        8.7368011E-05
   73.85786        8.8988636E-05
   73.98465        9.0488560E-05
   74.11144        9.1899215E-05
   74.23824        9.3251372E-05
   74.36503        9.4574323E-05
   74.49182        9.5895288E-05
   74.61861        9.7238924E-05
   74.74541        9.8626893E-05
   74.87220        1.0007765E-04
   74.99899        1.0160638E-04
   75.12579        1.0322491E-04
   75.25258        1.0494188E-04
   75.37937        1.0676290E-04
   75.50616        1.0869085E-04
   75.63296        1.1072616E-04
   75.75975        1.1286719E-04
   75.88654        1.1511063E-04
   76.01334        1.1745189E-04
   76.14013        1.1988543E-04
   76.26692        1.2240504E-04
   76.39371        1.2500410E-04
   76.52051        1.2767578E-04
   76.64730        1.3041313E-04
   76.77409        1.3320902E-04
   76.90089        1.3605610E-04
   77.02767        1.3894671E-04
   77.15446        1.4187254E-04
   77.28126        1.4482447E-04
   77.40805        1.4779206E-04
   77.53484        1.5076334E-04
   77.66164        1.5372432E-04
   77.78843        1.5665853E-04
   77.91522        1.5954678E-04
   78.04202        1.6236684E-04
   78.16881        1.6509304E-04
   78.29560        1.6769631E-04
   78.42239        1.7014398E-04
   78.54919        1.7239993E-04
   78.67598        1.7442470E-04
   78.80277        1.7617585E-04
   78.92957        1.7760842E-04
   79.05636        1.7867555E-04
   79.18315        1.7932906E-04
   79.30994        1.7952036E-04
   79.43674        1.7920131E-04
   79.56353        1.7832516E-04
   79.69032        1.7684761E-04
   79.81712        1.7472776E-04
   79.94391        1.7192913E-04
   80.07070        1.6842061E-04
   80.19749        1.6417723E-04
   80.32429        1.5918101E-04
   80.45108        1.5342164E-04
   80.57787        1.4689683E-04
   80.70466        1.3961278E-04
   80.83145        1.3158424E-04
   80.95824        1.2283456E-04
   81.08504        1.1339546E-04
   81.21183        1.0330661E-04
   81.33862        9.2615184E-05
   81.46542        8.1375139E-05
   81.59221        6.9646463E-05
   81.71900        5.7494239E-05
   81.84579        4.4987723E-05
   81.97259        3.2199270E-05
   82.09938        1.9203311E-05
   82.22617        6.0752768E-06
   82.35297       -7.1094573E-06
   82.47976       -2.0276560E-05
   82.60655       -3.3353674E-05
   82.73335       -4.6271271E-05
   82.86014       -5.8963393E-05
   82.98693       -7.1368348E-05
   83.11372       -8.3429251E-05
   83.24052       -9.5094481E-05
   83.36731       -1.0631807E-04
   83.49410       -1.1705988E-04
   83.62090       -1.2728588E-04
   83.74769       -1.3696802E-04
   83.87448       -1.4608429E-04
   84.00127       -1.5461858E-04
   84.12807       -1.6256045E-04
   84.25486       -1.6990487E-04
   84.38165       -1.7665193E-04
   84.50844       -1.8280646E-04
   84.63523       -1.8837761E-04
   84.76202       -1.9337858E-04
   84.88882       -1.9782592E-04
   85.01561       -2.0173925E-04
   85.14240       -2.0514075E-04
   85.26920       -2.0805460E-04
   85.39599       -2.1050664E-04
   85.52278       -2.1252396E-04
   85.64957       -2.1413439E-04
   85.77637       -2.1536624E-04
   85.90316       -2.1624789E-04
   86.02995       -2.1680760E-04
   86.15675       -2.1707320E-04
   86.28354       -2.1707184E-04
   86.41033       -2.1682990E-04
   86.53712       -2.1637288E-04
   86.66392       -2.1572535E-04
   86.79071       -2.1491092E-04
   86.91750       -2.1395233E-04
   87.04430       -2.1287147E-04
   87.17109       -2.1168952E-04
   87.29788       -2.1042707E-04
   87.42467       -2.0910423E-04
   87.55147       -2.0774078E-04
   87.67826       -2.0635627E-04
   87.80505       -2.0497016E-04
   87.93185       -2.0360191E-04
   88.05864       -2.0227105E-04
   88.18543       -2.0099709E-04
   88.31222       -1.9979954E-04
   88.43901       -1.9869777E-04
   88.56580       -1.9771075E-04
   88.69260       -1.9685685E-04
   88.81939       -1.9615343E-04
   88.94618       -1.9561642E-04
   89.07298       -1.9525990E-04
   89.19977       -1.9509550E-04
   89.32656       -1.9513190E-04
   89.45335       -1.9537426E-04
   89.58015       -1.9582362E-04
   89.70694       -1.9647644E-04
   89.83373       -1.9732403E-04
   89.96053       -1.9835230E-04
   90.08732       -1.9954142E-04
   90.21411       -2.0086580E-04
   90.34090       -2.0229406E-04
   90.46770       -2.0378933E-04
   90.59449       -2.0530971E-04
   90.72128       -2.0680889E-04
   90.84808       -2.0823708E-04
   90.97487       -2.0954186E-04
   91.10166       -2.1066952E-04
   91.22845       -2.1156629E-04
   91.35525       -2.1217982E-04
   91.48204       -2.1246060E-04
   91.60883       -2.1236351E-04
   91.73563       -2.1184918E-04
   91.86242       -2.1088535E-04
   91.98921       -2.0944807E-04
   92.11600       -2.0752261E-04
   92.24279       -2.0510415E-04
   92.36958       -2.0219825E-04
   92.49638       -1.9882093E-04
   92.62317       -1.9499847E-04
   92.74996       -1.9076691E-04
   92.87675       -1.8617112E-04
   93.00355       -1.8126368E-04
   93.13034       -1.7610345E-04
   93.25713       -1.7075392E-04
   93.38393       -1.6528132E-04
   93.51072       -1.5975277E-04
   93.63751       -1.5423428E-04
   93.76431       -1.4878879E-04
   93.89110       -1.4347439E-04
   94.01789       -1.3834258E-04
   94.14468       -1.3343690E-04
   94.27148       -1.2879167E-04
   94.39827       -1.2443111E-04
   94.52506       -1.2036884E-04
   94.65186       -1.1660763E-04
   94.77865       -1.1313972E-04
   94.90544       -1.0994729E-04
   95.03223       -1.0700337E-04
   95.15903       -1.0427307E-04
   95.28582       -1.0171504E-04
   95.41261       -9.9283076E-05
   95.53941       -9.6927972E-05
   95.66620       -9.4599331E-05
   95.79299       -9.2247486E-05
   95.91978       -8.9825327E-05
   96.04657       -8.7290020E-05
   96.17336       -8.4604566E-05
   96.30016       -8.1739134E-05
   96.42695       -7.8672070E-05
   96.55374       -7.5390650E-05
   96.68053       -7.1891416E-05
   96.80733       -6.8180278E-05
   96.93412       -6.4272157E-05
   97.06091       -6.0190421E-05
   97.18771       -5.5965982E-05
   97.31450       -5.1636162E-05
   97.44129       -4.7243346E-05
   97.56808       -4.2833461E-05
   97.69488       -3.8454367E-05
   97.82167       -3.4154193E-05
   97.94846       -2.9979708E-05
   98.07526       -2.5974758E-05
   98.20205       -2.2178876E-05
   98.32884       -1.8626079E-05
   98.45564       -1.5343887E-05
   98.58243       -1.2352671E-05
   98.70922       -9.6651784E-06
   98.83601       -7.2863972E-06
   98.96281       -5.2136556E-06
   99.08960       -3.4369721E-06
   99.21639       -1.9396527E-06
   99.34319       -6.9909316E-07
   99.46998        3.1227304E-07
   99.59677        1.1258694E-06
   99.72356        1.7758558E-06
   99.85035        2.2979857E-06
   99.97714        2.7284896E-06
   100.1039        3.1030995E-06
   100.2307        3.4561754E-06
   100.3575        3.8199560E-06
   100.4843        4.2240158E-06
   100.6111        4.6948262E-06
   100.7379        5.2555097E-06
   100.8647        5.9257277E-06
   100.9915        6.7217011E-06
   101.1183        7.6563583E-06
   101.2451        8.7395993E-06
   101.3719        9.9786303E-06
   101.4987        1.1378279E-05
   101.6255        1.2941330E-05
   101.7522        1.4668783E-05
   101.8790        1.6560047E-05
   102.0058        1.8613046E-05
   102.1326        2.0824215E-05
   102.2594        2.3188395E-05
   102.3862        2.5698720E-05
   102.5130        2.8346381E-05
   102.6398        3.1120398E-05
   102.7666        3.4007324E-05
   102.8934        3.6990976E-05
   103.0202        4.0052160E-05
   103.1470        4.3168497E-05
   103.2738        4.6314268E-05
   103.4006        4.9460479E-05
   103.5273        5.2575018E-05
   103.6541        5.5623055E-05
   103.7809        5.8567563E-05
   103.9077        6.1370025E-05
   104.0345        6.3991298E-05
   104.1613        6.6392589E-05
   104.2881        6.8536487E-05
   104.4149        7.0388131E-05
   104.5417        7.1916329E-05
   104.6685        7.3094750E-05
   104.7953        7.3903058E-05
   104.9221        7.4327880E-05
   105.0489        7.4363743E-05
   105.1756        7.4013740E-05
   105.3024        7.3289935E-05
   105.4292        7.2213530E-05
   105.5560        7.0814713E-05
   105.6828        6.9132228E-05
   105.8096        6.7212633E-05
   105.9364        6.5109321E-05
   106.0632        6.2881256E-05
   106.1900        6.0591505E-05
   106.3168        5.8305530E-05
   106.4436        5.6089375E-05
   106.5704        5.4007691E-05
   106.6972        5.2121766E-05
   106.8240        5.0487564E-05
   106.9507        4.9153863E-05
   107.0775        4.8160633E-05
   107.2043        4.7537596E-05
   107.3311        4.7303125E-05
   107.4579        4.7463443E-05
   107.5847        4.8012203E-05
   107.7115        4.8930426E-05
   107.8383        5.0186845E-05
   107.9651        5.1738632E-05
   108.0919        5.3532531E-05
   108.2187        5.5506353E-05
   108.3455        5.7590787E-05
   108.4723        5.9711489E-05
   108.5990        6.1791317E-05
   108.7258        6.3752712E-05
   108.8526        6.5520129E-05
   108.9794        6.7022273E-05
   109.1062        6.8194415E-05
   109.2330        6.8980291E-05
   109.3598        6.9333917E-05
   109.4866        6.9221009E-05
   109.6134        6.8620066E-05
   109.7402        6.7523011E-05
   109.8670        6.5935543E-05
   109.9938        6.3876869E-05
   110.1206        6.1379127E-05
   110.2474        5.8486345E-05
   110.3741        5.5253076E-05
   110.5009        5.1742751E-05
   110.6277        4.8025719E-05
   110.7545        4.4177203E-05
   110.8813        4.0275085E-05
   111.0081        3.6397687E-05
   111.1349        3.2621534E-05
   111.2617        2.9019224E-05
   111.3885        2.5657417E-05
   111.5153        2.2595084E-05
   111.6421        1.9881962E-05
   111.7689        1.7557382E-05
   111.8957        1.5649393E-05
   112.0224        1.4174270E-05
   112.1492        1.3136355E-05
   112.2760        1.2528248E-05
   112.4028        1.2331296E-05
   112.5296        1.2516428E-05
   112.6564        1.3045212E-05
   112.7832        1.3871174E-05
   112.9100        1.4941312E-05
   113.0368        1.6197788E-05
   113.1636        1.7579683E-05
   113.2904        1.9024816E-05
   113.4172        2.0471558E-05
   113.5440        2.1860566E-05
   113.6708        2.3136374E-05
   113.7975        2.4248871E-05
   113.9243        2.5154552E-05
   114.0511        2.5817568E-05
   114.1779        2.6210544E-05
   114.3047        2.6315134E-05
   114.4315        2.6122321E-05
   114.5583        2.5632411E-05
   114.6851        2.4854795E-05
   114.8119        2.3807415E-05
   114.9387        2.2515978E-05
   115.0655        2.1012973E-05
   115.1923        1.9336516E-05
   115.3191        1.7529042E-05
   115.4458        1.5635940E-05
   115.5726        1.3704112E-05
   115.6994        1.1780535E-05
   115.8262        9.9108674E-06
   115.9530        8.1381186E-06
   116.0798        6.5013910E-06
   116.2066        5.0348535E-06
   116.3334        3.7668228E-06
   116.4602        2.7191104E-06
   116.5870        1.9066093E-06
   116.7138        1.3370843E-06
   116.8406        1.0112452E-06
   116.9674        9.2304072E-07
   117.0942        1.0601306E-06
   117.2209        1.4045644E-06
   117.3477        1.9336221E-06
   117.4745        2.6207440E-06
   117.6013        3.4365751E-06
   117.7281        4.3500463E-06
   117.8549        5.3294639E-06
   117.9817        6.3435718E-06
   118.1085        7.3625270E-06
   118.2353        8.3587656E-06
   118.3621        9.3077097E-06
   118.4889        1.0188310E-05
   118.6157        1.0983410E-05
   118.7425        1.1679893E-05
   118.8692        1.2268697E-05
   118.9960        1.2744618E-05
   119.1228        1.3105994E-05
   119.2496        1.3354243E-05
   119.3764        1.3493303E-05
   119.5032        1.3529007E-05
   119.6300        1.3468399E-05
   119.7568        1.3319062E-05
   119.8836        1.3088487E-05
   120.0104        1.2783506E-05
   120.1372        1.2409853E-05
   120.2640        1.1971859E-05
   120.3908        1.1472270E-05
   120.5176        1.0912252E-05
   120.6443        1.0291533E-05
   120.7711        9.6086769E-06
   120.8979        8.8614843E-06
   121.0247        8.0475056E-06
   121.1515        7.1646095E-06
   121.2783        6.2116160E-06
   121.4051        5.1889315E-06
   121.5319        4.0991458E-06
   121.6587        2.9475693E-06
   121.7855        1.7426529E-06
   121.9123        4.9626300E-07
   122.0391       -7.7623412E-07
   122.1659       -2.0560647E-06
   122.2927       -3.3213439E-06
   122.4194       -4.5475599E-06
   122.5462       -5.7082334E-06
   122.6730       -6.7757483E-06
   122.7998       -7.7222721E-06
   122.9266       -8.5207948E-06
   123.0534       -9.1462007E-06
   123.1802       -9.5763526E-06
   123.3070       -9.7931243E-06
   123.4338       -9.7833336E-06
   123.5606       -9.5395135E-06
   123.6874       -9.0604999E-06
   123.8142       -8.3517862E-06
   123.9410       -7.4255727E-06
   124.0677       -6.3006219E-06
   124.1945       -5.0017861E-06
   124.3213       -3.5593243E-06
   124.4481       -2.0079458E-06
   124.5749       -3.8572657E-07
   124.7017        1.2671859E-06
   124.8285        2.9099622E-06
   124.9553        4.5025185E-06
   125.0821        6.0069556E-06
   125.2089        7.3889178E-06
   125.3357        8.6188238E-06
   125.4625        9.6729191E-06
   125.5893        1.0534076E-05
   125.7161        1.1192358E-05
   125.8428        1.1645256E-05
   125.9696        1.1897635E-05
   126.0964        1.1961440E-05
   126.2232        1.1855049E-05
   126.3500        1.1602435E-05
   126.4768        1.1232076E-05
   126.6036        1.0775690E-05
   126.7304        1.0266870E-05
   126.8572        9.7396160E-06
   126.9840        9.2268883E-06
   127.1108        8.7592234E-06
   127.2376        8.3634332E-06
   127.3644        8.0615064E-06
   127.4911        7.8697121E-06
   127.6179        7.7979666E-06
   127.7447        7.8494522E-06
   127.8715        8.0205455E-06
   127.9983        8.3009991E-06
   128.1251        8.6744230E-06
   128.2519        9.1189895E-06
   128.3787        9.6083832E-06
   128.5055        1.0112924E-05
   128.6323        1.0600837E-05
   128.7591        1.1039571E-05
   128.8859        1.1397180E-05
   129.0127        1.1643628E-05
   129.1395        1.1752029E-05
   129.2663        1.1699741E-05
   129.3930        1.1469296E-05
   129.5198        1.1049096E-05
   129.6466        1.0433892E-05
   129.7734        9.6250096E-06
   129.9002        8.6303471E-06
   130.0270        7.4641048E-06
   130.1538        6.1463184E-06
   130.2806        4.7021949E-06
   130.4074        3.1612954E-06
   130.5342        1.5565847E-06
   130.6610       -7.6558820E-08
   130.7878       -1.7014013E-06
   130.9146       -3.2809151E-06
   131.0414       -4.7787616E-06
   131.1681       -6.1602641E-06
   131.2949       -7.3932438E-06
   131.4217       -8.4487465E-06
   131.5485       -9.3016697E-06
   131.6753       -9.9312238E-06
   131.8021       -1.0321316E-05
   131.9289       -1.0460772E-05
   132.0557       -1.0343490E-05
   132.1825       -9.9684785E-06
   132.3093       -9.3398248E-06
   132.4361       -8.4665735E-06
   132.5629       -7.3625401E-06
   132.6897       -6.0460657E-06
   132.8164       -4.5397032E-06
   132.9432       -2.8698360E-06
   133.0700       -1.0662488E-06
   133.1968        8.3837409E-07
   133.3236        2.8089967E-06
   133.4504        4.8088450E-06
   133.5772        6.8000854E-06
   133.7040        8.7445669E-06
   133.8308        1.0604629E-05
   133.9576        1.2343934E-05
   134.0844        1.3928318E-05
   134.2112        1.5326659E-05
   134.3380        1.6511658E-05
   134.4648        1.7460583E-05
   134.5915        1.8155843E-05
   134.7183        1.8585486E-05
   134.8451        1.8743476E-05
   134.9719        1.8629808E-05
   135.0987        1.8250426E-05
   135.2255        1.7616940E-05
   135.3523        1.6746095E-05
   135.4791        1.5659089E-05
   135.6059        1.4380652E-05
   135.7327        1.2938036E-05
   135.8595        1.1359848E-05
   135.9863        9.6749263E-06
   136.1131        7.9111414E-06
   136.2398        6.0943689E-06
   136.3666        4.2475308E-06
   136.4934        2.3898538E-06
   136.6202        5.3633232E-07
   136.7470       -1.3025714E-06
   136.8738       -3.1209879E-06
   137.0006       -4.9173755E-06
   137.1274       -6.6940693E-06
   137.2542       -8.4565045E-06
   137.3810       -1.0212281E-05
   137.5078       -1.1970067E-05
   137.6346       -1.3738387E-05
   137.7614       -1.5524394E-05
   137.8882       -1.7332724E-05
   138.0149       -1.9164450E-05
   138.1417       -2.1016240E-05
   138.2685       -2.2879751E-05
   138.3953       -2.4741281E-05
   138.5221       -2.6581731E-05
   138.6489       -2.8376862E-05
   138.7757       -3.0097875E-05
   138.9025       -3.1712290E-05
   139.0293       -3.3185101E-05
   139.1561       -3.4480170E-05
   139.2829       -3.5561774E-05
   139.4097       -3.6396250E-05
   139.5365       -3.6953636E-05
   139.6632       -3.7209214E-05
   139.7900       -3.7144891E-05
   139.9168       -3.6750323E-05
   140.0436       -3.6023797E-05
   140.1704       -3.4972723E-05
   140.2972       -3.3613804E-05
   140.4240       -3.1972802E-05
   140.5508       -3.0083940E-05
   140.6776       -2.7988901E-05
   140.8044       -2.5735466E-05
   140.9312       -2.3375866E-05
   141.0580       -2.0964888E-05
   141.1848       -1.8557854E-05
   141.3116       -1.6208523E-05
   141.4383       -1.3967088E-05
   141.5651       -1.1878263E-05
   141.6919       -9.9796343E-06
   141.8187       -8.3002724E-06
   141.9455       -6.8596823E-06
   142.0723       -5.6671511E-06
   142.1991       -4.7215040E-06
   142.3259       -4.0113036E-06
   142.4527       -3.5154776E-06
   142.5795       -3.2043845E-06
   142.7063       -3.0412718E-06
   142.8331       -2.9840303E-06
   142.9599       -2.9871935E-06
   143.0867       -3.0040524E-06
   143.2134       -2.9888288E-06
   143.3402       -2.8987567E-06
   143.4670       -2.6960392E-06
   143.5938       -2.3495732E-06
   143.7206       -1.8363786E-06
   143.8474       -1.1426885E-06
   143.9742       -2.6463294E-07
   144.1010        7.9150914E-07
   144.2278        2.0095174E-06
   144.3546        3.3638917E-06
   144.4814        4.8209481E-06
   144.6082        6.3402886E-06
   144.7350        7.8765852E-06
   144.8617        9.3815679E-06
   144.9885        1.0806138E-05
   145.1153        1.2102505E-05
   145.2421        1.3226268E-05
   145.3689        1.4138353E-05
   145.4957        1.4806729E-05
   145.6225        1.5207857E-05
   145.7493        1.5327754E-05
   145.8761        1.5162675E-05
   146.0029        1.4719337E-05
   146.1297        1.4014679E-05
   146.2565        1.3075140E-05
   146.3833        1.1935565E-05
   146.5101        1.0637684E-05
   146.6368        9.2283663E-06
   146.7636        7.7576206E-06
   146.8904        6.2765280E-06
   147.0172        4.8350967E-06
   147.1440        3.4802031E-06
   147.2708        2.2536642E-06
   147.3976        1.1904940E-06
   147.5244        3.1747894E-07
   147.6512       -3.4788266E-07
   147.7780       -7.9807484E-07
   147.9048       -1.0357237E-06
   148.0316       -1.0733695E-06
   148.1584       -9.3274167E-07
   148.2851       -6.4368794E-07
   148.4119       -2.4272313E-07
   148.5387        2.2867603E-07
   148.6655        7.2598675E-07
   148.7923        1.2036566E-06
   148.9191        1.6171555E-06
   149.0459        1.9249755E-06
   149.1727        2.0905234E-06
   149.2995        2.0837711E-06
   149.4263        1.8826364E-06
   149.5531        1.4739637E-06
   149.6799        8.5411625E-07
   149.8067        2.9111124E-08
   149.9335       -9.8568557E-07
   150.0602       -2.1662865E-06
   150.1870       -3.4811842E-06
   150.3138       -4.8927704E-06
   150.4406       -6.3590323E-06
   150.5674       -7.8354124E-06
   150.6942       -9.2768105E-06
   150.8210       -1.0639609E-05
   150.9478       -1.1883648E-05
   151.0746       -1.2974062E-05
   151.2014       -1.3882885E-05
   151.3282       -1.4590338E-05
   151.4550       -1.5085745E-05
   151.5818       -1.5368018E-05
   151.7085       -1.5445707E-05
   151.8353       -1.5336622E-05
   151.9621       -1.5067045E-05
   152.0889       -1.4670562E-05
   152.2157       -1.4186585E-05
   152.3425       -1.3658597E-05
   152.4693       -1.3132213E-05
   152.5961       -1.2653120E-05
   152.7229       -1.2264992E-05
   152.8497       -1.2007453E-05
   152.9765       -1.1914228E-05
   153.1033       -1.2011503E-05
   153.2301       -1.2316627E-05
   153.3569       -1.2837208E-05
   153.4836       -1.3570584E-05
   153.6104       -1.4503767E-05
   153.7372       -1.5613807E-05
   153.8640       -1.6868535E-05
   153.9908       -1.8227711E-05
   154.1176       -1.9644483E-05
   154.2444       -2.1067104E-05
   154.3712       -2.2440876E-05
   154.4980       -2.3710183E-05
   154.6248       -2.4820609E-05
   154.7516       -2.5720985E-05
   154.8784       -2.6365324E-05
   155.0052       -2.6714519E-05
   155.1319       -2.6737760E-05
   155.2587       -2.6413672E-05
   155.3855       -2.5731017E-05
   155.5123       -2.4689096E-05
   155.6391       -2.3297769E-05
   155.7659       -2.1577105E-05
   155.8927       -1.9556728E-05
   156.0195       -1.7274839E-05
   156.1463       -1.4777002E-05
   156.2731       -1.2114699E-05
   156.3999       -9.3437257E-06
   156.5267       -6.5225181E-06
   156.6535       -3.7104394E-06
   156.7803       -9.6612905E-07
   156.9070        1.6540980E-06
   157.0338        4.0976611E-06
   157.1606        6.3169869E-06
   157.2874        8.2705710E-06
   157.4142        9.9238378E-06
   157.5410        1.1249778E-05
   157.6678        1.2229372E-05
   157.7946        1.2851783E-05
   157.9214        1.3114320E-05
   158.0482        1.3022212E-05
   158.1750        1.2588160E-05
   158.3018        1.1831732E-05
   158.4286        1.0778604E-05
   158.5553        9.4596999E-06
   158.6821        7.9102656E-06
   158.8089        6.1688856E-06
   158.9357        4.2764882E-06
   159.0625        2.2753652E-06
   159.1893        2.0819533E-07
   159.3161       -1.8828706E-06
   159.4429       -3.9570759E-06
   159.5697       -5.9758431E-06
   159.6965       -7.9034498E-06
   159.8233       -9.7075945E-06
   159.9501       -1.1359835E-05
   160.0769       -1.2835886E-05
   160.2037       -1.4115808E-05
