  -4.500000        9.7081507E-18
  -4.373208        9.7085072E-18
  -4.246415        9.7090548E-18
  -4.119622        9.7096487E-18
  -3.992829        9.7102062E-18
  -3.866037        9.7107083E-18
  -3.739244        9.7111798E-18
  -3.612452        9.7116587E-18
  -3.485659        9.7121724E-18
  -3.358866        9.7127275E-18
  -3.232074        9.7133205E-18
  -3.105281        9.7139393E-18
  -2.978488        9.7145795E-18
  -2.851696        9.7152429E-18
  -2.724903        9.7159369E-18
  -2.598110        9.7166632E-18
  -2.471318        9.7174167E-18
  -2.344525        9.7181819E-18
  -2.217732        9.7189429E-18
  -2.090940        9.7196882E-18
  -1.964147        9.7204120E-18
  -1.837354        9.7211175E-18
  -1.710562        9.7218082E-18
  -1.583769        9.7224865E-18
  -1.456976        9.7231458E-18
  -1.330184        9.7237736E-18
  -1.203391        9.7243510E-18
  -1.076598        9.7248647E-18
 -0.9498057        9.7253072E-18
 -0.8230131        9.7256836E-18
 -0.6962205        9.7260062E-18
 -0.5694278        9.7262866E-18
 -0.4426351        9.7265339E-18
 -0.3158425        9.7267440E-18
 -0.1890498        9.7269062E-18
 -6.2257171E-02    9.7270054E-18
  6.4535484E-02    9.7270360E-18
  0.1913281        9.7270029E-18
  0.3181208        9.7269268E-18
  0.4449134        9.7268342E-18
  0.5717061        9.7267540E-18
  0.6984987        9.7267085E-18
  0.8252914        9.7267052E-18
  0.9520841        9.7267399E-18
   1.078877        9.7268011E-18
   1.205669        9.7268772E-18
   1.332462        9.7269649E-18
   1.459255        9.7270732E-18
   1.586047        9.7272197E-18
   1.712840        9.7274256E-18
   1.839633        9.7277077E-18
   1.966425        9.7280675E-18
   2.093218        9.7284968E-18
   2.220011        9.7289774E-18
   2.346803        9.7294911E-18
   2.473596        9.7300246E-18
   2.600389        9.7305747E-18
   2.727181        9.7311496E-18
   2.853974        9.7317625E-18
   2.980767        9.7324226E-18
   3.107559        9.7331266E-18
   3.234352        9.7338611E-18
   3.361145        9.7346006E-18
   3.487937        9.7353186E-18
   3.614730        9.7359919E-18
   3.741522        9.7366115E-18
   3.868315        9.7371781E-18
   3.995108        9.7377042E-18
   4.121901        9.7382021E-18
   4.248693        9.7386794E-18
   4.375485        9.7391311E-18
   4.502278        9.7395471E-18
   4.629071        9.7399094E-18
   4.755864        9.7402047E-18
   4.882656        9.7404306E-18
   5.009449        9.7405943E-18
   5.136241        9.7407135E-18
   5.263034        9.7408094E-18
   5.389827        9.7408979E-18
   5.516620        9.7409823E-18
   5.643412        9.7410592E-18
   5.770205        9.7411163E-18
   5.896997        9.7411419E-18
   6.023790        9.7411312E-18
   6.150583        9.7410898E-18
   6.277375        9.7410344E-18
   6.404168        9.7409897E-18
   6.530961        9.7409732E-18
   6.657753        9.7409947E-18
   6.784546        9.7410534E-18
   6.911339        9.7411403E-18
   7.038131        9.7412412E-18
   7.164924        9.7413438E-18
   7.291717        9.7414505E-18
   7.418509        9.7415688E-18
   7.545302        9.7417135E-18
   7.672095        9.7418980E-18
   7.798887        9.7421263E-18
   7.925680        9.7423935E-18
   8.052472        9.7426813E-18
   8.179265        9.7429659E-18
   8.306058        9.7432281E-18
   8.432851        9.7434547E-18
   8.559643        9.7436466E-18
   8.686436        9.7438121E-18
   8.813229        9.7439634E-18
   8.940022        9.7441099E-18
   9.066813        9.7442513E-18
   9.193606        9.7443803E-18
   9.320399        9.7444837E-18
   9.447192        9.7445516E-18
   9.573984        9.7445797E-18
   9.700777        9.7445772E-18
   9.827570        9.7445598E-18
   9.954362        9.7445499E-18
   10.08115        9.7445665E-18
   10.20795        9.7446202E-18
   10.33474        9.7447079E-18
   10.46153        9.7448221E-18
   10.58833        9.7449478E-18
   10.71512        9.7450768E-18
   10.84191        9.7452092E-18
   10.96870        9.7453506E-18
   11.09550        9.7455169E-18
   11.22229        9.7457187E-18
   11.34908        9.7459627E-18
   11.47587        9.7462448E-18
   11.60267        9.7465509E-18
   11.72946        9.7468602E-18
   11.85625        9.7471572E-18
   11.98304        9.7474310E-18
   12.10984        9.7476825E-18
   12.23663        9.7479174E-18
   12.36342        9.7481465E-18
   12.49022        9.7483756E-18
   12.61701        9.7486031E-18
   12.74380        9.7488190E-18
   12.87059        9.7490051E-18
   12.99739        9.7491474E-18
   13.12418        9.7492384E-18
   13.25097        9.7492773E-18
   13.37776        9.7492764E-18
   13.50456        9.7492491E-18
   13.63135        9.7492119E-18
   13.75814        9.7491714E-18
   13.88493        9.7491251E-18
   14.01173        9.7490647E-18
   14.13852        9.7489828E-18
   14.26531        9.7488728E-18
   14.39211        9.7487363E-18
   14.51890        9.7485849E-18
   14.64569        9.7484360E-18
   14.77248        9.7483053E-18
   14.89928        9.7482019E-18
   15.02607        9.7481258E-18
   15.15286        9.7480687E-18
   15.27965        9.7480191E-18
   15.40645        9.7479653E-18
   15.53324        9.7479050E-18
   15.66003        9.7478421E-18
   15.78682        9.7477875E-18
   15.91362        9.7477528E-18
   16.04041        9.7477461E-18
   16.16720        9.7477693E-18
   16.29399        9.7478148E-18
   16.42079        9.7478677E-18
   16.54758        9.7479132E-18
   16.67437        9.7479447E-18
   16.80116        9.7479604E-18
   16.92796        9.7479687E-18
   17.05475        9.7479778E-18
   17.18154        9.7479976E-18
   17.30834        9.7480299E-18
   17.43513        9.7480712E-18
   17.56192        9.7481126E-18
   17.68871        9.7481440E-18
   17.81551        9.7481614E-18
   17.94230        9.7481672E-18
   18.06909        9.7481705E-18
   18.19588        9.7481887E-18
   18.32268        9.7482334E-18
   18.44947        9.7483128E-18
   18.57626        9.7484261E-18
   18.70305        9.7485634E-18
   18.82985        9.7487123E-18
   18.95664        9.7488587E-18
   19.08343        9.7489977E-18
   19.21023        9.7491284E-18
   19.33702        9.7492582E-18
   19.46381        9.7493939E-18
   19.59060        9.7495411E-18
   19.71740        9.7496991E-18
   19.84419        9.7498596E-18
   19.97098        9.7500101E-18
   20.09777        9.7501408E-18
   20.22457        9.7502426E-18
   20.35136        9.7503170E-18
   20.47815        9.7503708E-18
   20.60494        9.7504130E-18
   20.73174        9.7504568E-18
   20.85853        9.7505015E-18
   20.98532        9.7505453E-18
   21.11212        9.7505801E-18
   21.23891        9.7505958E-18
   21.36570        9.7505875E-18
   21.49249        9.7505577E-18
   21.61929        9.7505155E-18
   21.74608        9.7504742E-18
   21.87287        9.7504502E-18
   21.99966        9.7504494E-18
   22.12646        9.7504750E-18
   22.25325        9.7505205E-18
   22.38004        9.7505784E-18
   22.50683        9.7506396E-18
   22.63363        9.7507017E-18
   22.76042        9.7507670E-18
   22.88721        9.7508448E-18
   23.01401        9.7509432E-18
   23.14080        9.7510681E-18
   23.26759        9.7512153E-18
   23.39438        9.7513791E-18
   23.52118        9.7515437E-18
   23.64797        9.7516976E-18
   23.77476        9.7518332E-18
   23.90155        9.7519491E-18
   24.02835        9.7520500E-18
   24.15514        9.7521443E-18
   24.28193        9.7522427E-18
   24.40872        9.7523469E-18
   24.53552        9.7524545E-18
   24.66231        9.7525595E-18
   24.78910        9.7526538E-18
   24.91590        9.7527307E-18
   25.04269        9.7527928E-18
   25.16948        9.7528474E-18
   25.29627        9.7529036E-18
   25.42307        9.7529756E-18
   25.54986        9.7530699E-18
   25.67665        9.7531882E-18
   25.80344        9.7533230E-18
   25.93024        9.7534669E-18
   26.05703        9.7536125E-18
   26.18382        9.7537556E-18
   26.31061        9.7538987E-18
   26.43741        9.7540476E-18
   26.56420        9.7542114E-18
   26.69099        9.7543959E-18
   26.81779        9.7546002E-18
   26.94458        9.7548202E-18
   27.07137        9.7550452E-18
   27.19816        9.7552660E-18
   27.32495        9.7554745E-18
   27.45175        9.7556714E-18
   27.57854        9.7558591E-18
   27.70533        9.7560461E-18
   27.83213        9.7562372E-18
   27.95892        9.7564357E-18
   28.08571        9.7566342E-18
   28.21250        9.7568269E-18
   28.33930        9.7570023E-18
   28.46609        9.7571545E-18
   28.59288        9.7572794E-18
   28.71968        9.7573820E-18
   28.84647        9.7574721E-18
   28.97326        9.7575615E-18
   29.10005        9.7576591E-18
   29.22684        9.7577674E-18
   29.35364        9.7578857E-18
   29.48043        9.7580073E-18
   29.60722        9.7581297E-18
   29.73402        9.7582489E-18
   29.86081        9.7583688E-18
   29.98760        9.7584962E-18
   30.11439        9.7586368E-18
   30.24119        9.7587973E-18
   30.36798        9.7589776E-18
   30.49477        9.7591720E-18
   30.62156        9.7593722E-18
   30.74836        9.7595699E-18
   30.87515        9.7597601E-18
   31.00194        9.7599438E-18
   31.12873        9.7601266E-18
   31.25553        9.7603209E-18
   31.38232        9.7605344E-18
   31.50911        9.7607718E-18
   31.63591        9.7610307E-18
   31.76270        9.7613053E-18
   31.88949        9.7615849E-18
   32.01628        9.7618628E-18
   32.14308        9.7621366E-18
   32.26987        9.7624063E-18
   32.39666        9.7626768E-18
   32.52345        9.7629539E-18
   32.65025        9.7632401E-18
   32.77704        9.7635379E-18
   32.90383        9.7638423E-18
   33.03062        9.7641450E-18
   33.15742        9.7644411E-18
   33.28421        9.7647298E-18
   33.41100        9.7650127E-18
   33.53780        9.7652948E-18
   33.66459        9.7655860E-18
   33.79138        9.7658904E-18
   33.91817        9.7662055E-18
   34.04497        9.7665273E-18
   34.17176        9.7668433E-18
   34.29855        9.7671452E-18
   34.42534        9.7674273E-18
   34.55214        9.7676895E-18
   34.67893        9.7679360E-18
   34.80572        9.7681759E-18
   34.93251        9.7684207E-18
   35.05931        9.7686746E-18
   35.18610        9.7689377E-18
   35.31289        9.7692049E-18
   35.43969        9.7694696E-18
   35.56648        9.7697260E-18
   35.69327        9.7699733E-18
   35.82006        9.7702173E-18
   35.94686        9.7704638E-18
   36.07365        9.7707244E-18
   36.20044        9.7710040E-18
   36.32723        9.7713043E-18
   36.45403        9.7716186E-18
   36.58082        9.7719420E-18
   36.70761        9.7722663E-18
   36.83440        9.7725897E-18
   36.96120        9.7729131E-18
   37.08799        9.7732399E-18
   37.21478        9.7735757E-18
   37.34158        9.7739215E-18
   37.46837        9.7742747E-18
   37.59516        9.7746270E-18
   37.72195        9.7749678E-18
   37.84875        9.7752846E-18
   37.97554        9.7755725E-18
   38.10233        9.7758306E-18
   38.22912        9.7760655E-18
   38.35592        9.7762855E-18
   38.48271        9.7764989E-18
   38.60950        9.7767099E-18
   38.73629        9.7769183E-18
   38.86309        9.7771177E-18
   38.98988        9.7773046E-18
   39.11667        9.7774742E-18
   39.24347        9.7776297E-18
   39.37026        9.7777794E-18
   39.49705        9.7779324E-18
   39.62384        9.7780962E-18
   39.75064        9.7782774E-18
   39.87743        9.7784776E-18
   40.00422        9.7786918E-18
   40.13101        9.7789135E-18
   40.25780        9.7791360E-18
   40.38460        9.7793602E-18
   40.51139        9.7795868E-18
   40.63818        9.7798250E-18
   40.76498        9.7800790E-18
   40.89177        9.7803511E-18
   41.01856        9.7806406E-18
   41.14536        9.7809409E-18
   41.27215        9.7812420E-18
   41.39894        9.7815381E-18
   41.52573        9.7818252E-18
   41.65253        9.7821047E-18
   41.77932        9.7823843E-18
   41.90611        9.7826705E-18
   42.03290        9.7829700E-18
   42.15969        9.7832835E-18
   42.28649        9.7836077E-18
   42.41328        9.7839361E-18
   42.54007        9.7842620E-18
   42.66687        9.7845797E-18
   42.79366        9.7848899E-18
   42.92045        9.7851967E-18
   43.04725        9.7855078E-18
   43.17404        9.7858287E-18
   43.30083        9.7861604E-18
   43.42762        9.7865012E-18
   43.55442        9.7868420E-18
   43.68121        9.7871762E-18
   43.80800        9.7874955E-18
   43.93479        9.7878015E-18
   44.06158        9.7880977E-18
   44.18838        9.7883905E-18
   44.31517        9.7886908E-18
   44.44196        9.7890026E-18
   44.56876        9.7893252E-18
   44.69555        9.7896536E-18
   44.82234        9.7899820E-18
   44.94913        9.7903029E-18
   45.07593        9.7906181E-18
   45.20272        9.7909275E-18
   45.32951        9.7912376E-18
   45.45631        9.7915553E-18
   45.58310        9.7918828E-18
   45.70989        9.7922228E-18
   45.83668        9.7925711E-18
   45.96347        9.7929185E-18
   46.09027        9.7932618E-18
   46.21706        9.7935968E-18
   46.34385        9.7939252E-18
   46.47065        9.7942527E-18
   46.59744        9.7945877E-18
   46.72423        9.7949343E-18
   46.85102        9.7952941E-18
   46.97782        9.7956606E-18
   47.10461        9.7960254E-18
   47.23140        9.7963811E-18
   47.35820        9.7967202E-18
   47.48499        9.7970411E-18
   47.61178        9.7973480E-18
   47.73857        9.7976491E-18
   47.86536        9.7979519E-18
   47.99216        9.7982629E-18
   48.11895        9.7985814E-18
   48.24574        9.7989056E-18
   48.37254        9.7992315E-18
   48.49933        9.7995550E-18
   48.62612        9.7998767E-18
   48.75291        9.8001985E-18
   48.87971        9.8005277E-18
   49.00650        9.8008677E-18
   49.13329        9.8012201E-18
   49.26009        9.8015807E-18
   49.38688        9.8019430E-18
   49.51367        9.8022987E-18
   49.64046        9.8026379E-18
   49.76725        9.8029596E-18
   49.89405        9.8032649E-18
   50.02084        9.8035577E-18
   50.14763        9.8038439E-18
   50.27443        9.8041301E-18
   50.40122        9.8044171E-18
   50.52801        9.8047033E-18
   50.65480        9.8049854E-18
   50.78160        9.8052608E-18
   50.90839        9.8055280E-18
   51.03518        9.8057886E-18
   51.16198        9.8060508E-18
   51.28877        9.8063196E-18
   51.41556        9.8065984E-18
   51.54235        9.8068904E-18
   51.66914        9.8071923E-18
   51.79594        9.8074984E-18
   51.92273        9.8078036E-18
   52.04952        9.8081030E-18
   52.17632        9.8083967E-18
   52.30311        9.8086862E-18
   52.42990        9.8089774E-18
   52.55669        9.8092768E-18
   52.68349        9.8095853E-18
   52.81028        9.8099038E-18
   52.93707        9.8102289E-18
   53.06387        9.8105589E-18
   53.19066        9.8108898E-18
   53.31745        9.8112223E-18
   53.44424        9.8115565E-18
   53.57103        9.8118981E-18
   53.69783        9.8122497E-18
   53.82462        9.8126112E-18
   53.95141        9.8129834E-18
   54.07821        9.8133598E-18
   54.20500        9.8137370E-18
   54.33179        9.8141092E-18
   54.45858        9.8144748E-18
   54.58538        9.8148338E-18
   54.71217        9.8151878E-18
   54.83896        9.8155427E-18
   54.96576        9.8158992E-18
   55.09255        9.8162607E-18
   55.21934        9.8166255E-18
   55.34613        9.8169903E-18
   55.47292        9.8173534E-18
   55.59972        9.8177132E-18
   55.72651        9.8180706E-18
   55.85330        9.8184287E-18
   55.98009        9.8187943E-18
   56.10689        9.8191691E-18
   56.23368        9.8195570E-18
   56.36047        9.8199549E-18
   56.48727        9.8203602E-18
   56.61406        9.8207688E-18
   56.74085        9.8211741E-18
   56.86765        9.8215753E-18
   56.99444        9.8219707E-18
   57.12123        9.8223620E-18
   57.24802        9.8227499E-18
   57.37481        9.8231370E-18
   57.50161        9.8235209E-18
   57.62840        9.8238989E-18
   57.75519        9.8242670E-18
   57.88198        9.8246218E-18
   58.00878        9.8249626E-18
   58.13557        9.8252910E-18
   58.26236        9.8256095E-18
   58.38916        9.8259238E-18
   58.51595        9.8262365E-18
   58.64274        9.8265492E-18
   58.76954        9.8268627E-18
   58.89633        9.8271770E-18
   59.02312        9.8274888E-18
   59.14991        9.8277999E-18
   59.27670        9.8281076E-18
   59.40350        9.8284161E-18
   59.53029        9.8287288E-18
   59.65708        9.8290489E-18
   59.78387        9.8293781E-18
   59.91067        9.8297156E-18
   60.03746        9.8300572E-18
   60.16425        9.8303989E-18
   60.29105        9.8307372E-18
   60.41784        9.8310689E-18
   60.54463        9.8313923E-18
   60.67142        9.8317099E-18
   60.79822        9.8320243E-18
   60.92501        9.8323369E-18
   61.05180        9.8326480E-18
   61.17859        9.8329582E-18
   61.30539        9.8332667E-18
   61.43218        9.8335728E-18
   61.55897        9.8338772E-18
   61.68576        9.8341824E-18
   61.81256        9.8344918E-18
   61.93935        9.8348077E-18
   62.06614        9.8351353E-18
   62.19294        9.8354769E-18
   62.31973        9.8358326E-18
   62.44652        9.8361982E-18
   62.57331        9.8365713E-18
   62.70011        9.8369510E-18
   62.82690        9.8373348E-18
   62.95369        9.8377244E-18
   63.08048        9.8381214E-18
   63.20728        9.8385276E-18
   63.33407        9.8389420E-18
   63.46086        9.8393663E-18
   63.58765        9.8397940E-18
   63.71445        9.8402225E-18
   63.84124        9.8406460E-18
   63.96803        9.8410612E-18
   64.09483        9.8414682E-18
   64.22162        9.8418685E-18
   64.34841        9.8422623E-18
   64.47520        9.8426527E-18
   64.60200        9.8430382E-18
   64.72879        9.8434203E-18
   64.85558        9.8437967E-18
   64.98238        9.8441665E-18
   65.10917        9.8445288E-18
   65.23596        9.8448869E-18
   65.36275        9.8452393E-18
   65.48955        9.8455917E-18
   65.61633        9.8459441E-18
   65.74313        9.8462989E-18
   65.86992        9.8466579E-18
   65.99671        9.8470169E-18
   66.12350        9.8473751E-18
   66.25030        9.8477308E-18
   66.37709        9.8480823E-18
   66.50388        9.8484306E-18
   66.63068        9.8487780E-18
   66.75747        9.8491246E-18
   66.88426        9.8494736E-18
   67.01105        9.8498244E-18
   67.13785        9.8501743E-18
   67.26464        9.8505217E-18
   67.39143        9.8508641E-18
   67.51823        9.8512016E-18
   67.64502        9.8515358E-18
   67.77181        9.8518667E-18
   67.89861        9.8521984E-18
   68.02540        9.8525359E-18
   68.15219        9.8528783E-18
   68.27898        9.8532282E-18
   68.40578        9.8535831E-18
   68.53257        9.8539429E-18
   68.65936        9.8543036E-18
   68.78616        9.8546642E-18
   68.91295        9.8550265E-18
   69.03974        9.8553905E-18
   69.16653        9.8557602E-18
   69.29333        9.8561358E-18
   69.42011        9.8565163E-18
   69.54691        9.8569009E-18
   69.67370        9.8572880E-18
   69.80049        9.8576776E-18
   69.92728        9.8580664E-18
   70.05408        9.8584560E-18
   70.18087        9.8588431E-18
   70.30766        9.8592294E-18
   70.43446        9.8596149E-18
   70.56125        9.8599979E-18
   70.68804        9.8603742E-18
   70.81483        9.8607440E-18
   70.94163        9.8611055E-18
   71.06842        9.8614570E-18
   71.19521        9.8617995E-18
   71.32201        9.8621345E-18
   71.44880        9.8624645E-18
   71.57559        9.8627937E-18
   71.70238        9.8631254E-18
   71.82918        9.8634613E-18
   71.95597        9.8638021E-18
   72.08276        9.8641478E-18
   72.20956        9.8644977E-18
   72.33635        9.8648509E-18
   72.46314        9.8652058E-18
   72.58994        9.8655631E-18
   72.71673        9.8659230E-18
   72.84352        9.8662861E-18
   72.97031        9.8666525E-18
   73.09711        9.8670223E-18
   73.22389        9.8673937E-18
   73.35069        9.8677667E-18
   73.47748        9.8681415E-18
   73.60427        9.8685162E-18
   73.73106        9.8688958E-18
   73.85786        9.8692805E-18
   73.98465        9.8696717E-18
   74.11144        9.8700738E-18
   74.23824        9.8704824E-18
   74.36503        9.8708968E-18
   74.49182        9.8713137E-18
   74.61861        9.8717306E-18
   74.74541        9.8721425E-18
   74.87220        9.8725478E-18
   74.99899        9.8729466E-18
   75.12579        9.8733378E-18
   75.25258        9.8737224E-18
   75.37937        9.8740980E-18
   75.50616        9.8744653E-18
   75.63296        9.8748218E-18
   75.75975        9.8751684E-18
   75.88654        9.8755050E-18
   76.01334        9.8758351E-18
   76.14013        9.8761593E-18
   76.26692        9.8764844E-18
   76.39371        9.8768103E-18
   76.52051        9.8771420E-18
   76.64730        9.8774795E-18
   76.77409        9.8778220E-18
   76.90089        9.8781694E-18
   77.02767        9.8785184E-18
   77.15446        9.8788700E-18
   77.28126        9.8792232E-18
   77.40805        9.8795814E-18
   77.53484        9.8799462E-18
   77.66164        9.8803184E-18
   77.78843        9.8806989E-18
   77.91522        9.8810844E-18
   78.04202        9.8814764E-18
   78.16881        9.8818702E-18
   78.29560        9.8822639E-18
   78.42239        9.8826577E-18
   78.54919        9.8830514E-18
   78.67598        9.8834476E-18
   78.80277        9.8838471E-18
   78.92957        9.8842491E-18
   79.05636        9.8846553E-18
   79.18315        9.8850623E-18
   79.30994        9.8854684E-18
   79.43674        9.8858688E-18
   79.56353        9.8862650E-18
   79.69032        9.8866546E-18
   79.81712        9.8870376E-18
   79.94391        9.8874164E-18
   80.07070        9.8877903E-18
   80.19749        9.8881592E-18
   80.32429        9.8885224E-18
   80.45108        9.8888780E-18
   80.57787        9.8892230E-18
   80.70466        9.8895580E-18
   80.83145        9.8898856E-18
   80.95824        9.8902082E-18
   81.08504        9.8905308E-18
   81.21183        9.8908558E-18
   81.33862        9.8911867E-18
   81.46542        9.8915275E-18
   81.59221        9.8918791E-18
   81.71900        9.8922422E-18
   81.84579        9.8926161E-18
   81.97259        9.8930024E-18
   82.09938        9.8934019E-18
   82.22617        9.8938147E-18
   82.35297        9.8942423E-18
   82.47976        9.8946824E-18
   82.60655        9.8951307E-18
   82.73335        9.8955848E-18
   82.86014        9.8960356E-18
   82.98693        9.8964765E-18
   83.11372        9.8969017E-18
   83.24052        9.8973070E-18
   83.36731        9.8976892E-18
   83.49410        9.8980457E-18
   83.62090        9.8983733E-18
   83.74769        9.8986702E-18
   83.87448        9.8989349E-18
   84.00127        9.8991624E-18
   84.12807        9.8993535E-18
   84.25486        9.8995098E-18
   84.38165        9.8996364E-18
   84.50844        9.8997406E-18
   84.63523        9.8998365E-18
   84.76202        9.8999399E-18
   84.88882        9.9000665E-18
   85.01561        9.9002319E-18
   85.14240        9.9004520E-18
   85.26920        9.9007440E-18
   85.39599        9.9011211E-18
   85.52278        9.9015968E-18
   85.64957        9.9021849E-18
   85.77637        9.9028938E-18
   85.90316        9.9037251E-18
   86.02995        9.9046747E-18
   86.15675        9.9057294E-18
   86.28354        9.9068651E-18
   86.41033        9.9080488E-18
   86.53712        9.9092432E-18
   86.66392        9.9104046E-18
   86.79071        9.9114865E-18
   86.91750        9.9124428E-18
   87.04430        9.9132253E-18
   87.17109        9.9137902E-18
   87.29788        9.9140955E-18
   87.42467        9.9141079E-18
   87.55147        9.9138018E-18
   87.67826        9.9131666E-18
   87.80505        9.9122070E-18
   87.93185        9.9109497E-18
   88.05864        9.9094393E-18
   88.18543        9.9077427E-18
   88.31222        9.9059411E-18
   88.43901        9.9041346E-18
   88.56580        9.9024322E-18
   88.69260        9.9009524E-18
   88.81939        9.8998183E-18
   88.94618        9.8991500E-18
   89.07298        9.8990640E-18
   89.19977        9.8996645E-18
   89.32656        9.9010318E-18
   89.45335        9.9032214E-18
   89.58015        9.9062488E-18
   89.70694        9.9100886E-18
   89.83373        9.9146704E-18
   89.96053        9.9198758E-18
   90.08732        9.9255437E-18
   90.21411        9.9314679E-18
   90.34090        9.9374071E-18
   90.46770        9.9430906E-18
   90.59449        9.9482266E-18
   90.72128        9.9525131E-18
   90.84808        9.9556505E-18
   90.97487        9.9573578E-18
   91.10166        9.9573901E-18
   91.22845        9.9555546E-18
   91.35525        9.9517297E-18
   91.48204        9.9458799E-18
   91.60883        9.9380663E-18
   91.73563        9.9284537E-18
   91.86242        9.9173116E-18
   91.98921        9.9050188E-18
   92.11600        9.8920470E-18
   92.24279        9.8789610E-18
   92.36958        9.8663953E-18
   92.49638        9.8550340E-18
   92.62317        9.8455859E-18
   92.74996        9.8387492E-18
   92.87675        9.8351750E-18
   93.00355        9.8354331E-18
   93.13034        9.8399685E-18
   93.25713        9.8490692E-18
   93.38393        9.8628334E-18
   93.51072        9.8811447E-18
   93.63751        9.9036589E-18
   93.76431        9.9297904E-18
   93.89110        9.9587177E-18
   94.01789        9.9893962E-18
   94.14468        1.0020582E-17
   94.27148        1.0050869E-17
   94.39827        1.0078738E-17
   94.52506        1.0102622E-17
   94.65186        1.0120966E-17
   94.77865        1.0132318E-17
   94.90544        1.0135401E-17
   95.03223        1.0129196E-17
   95.15903        1.0113016E-17
   95.28582        1.0086575E-17
   95.41261        1.0050043E-17
   95.53941        1.0004082E-17
   95.66620        9.9498652E-18
   95.79299        9.8890774E-18
   95.91978        9.8238898E-18
   96.04657        9.7569006E-18
   96.17336        9.6910686E-18
   96.30016        9.6295991E-18
   96.42695        9.5758258E-18
   96.55374        9.5330580E-18
   96.68053        9.5044260E-18
   96.80733        9.4927148E-18
   96.93412        9.5001991E-18
   97.06091        9.5284862E-18
   97.18771        9.5783776E-18
   97.31450        9.6497492E-18
   97.44129        9.7414695E-18
   97.56808        9.8513530E-18
   97.69488        9.9761580E-18
   97.82167        1.0111634E-17
   97.94846        1.0252623E-17
   98.07526        1.0393205E-17
   98.20205        1.0526909E-17
   98.32884        1.0646958E-17
   98.45564        1.0746551E-17
   98.58243        1.0819183E-17
   98.70922        1.0858965E-17
   98.83601        1.0860959E-17
   98.96281        1.0821492E-17
   99.08960        1.0738439E-17
   99.21639        1.0611470E-17
   99.34319        1.0442224E-17
   99.46998        1.0234424E-17
   99.59677        9.9938911E-18
   99.72356        9.7284761E-18
   99.85035        9.4478808E-18
   99.97714        9.1633861E-18
   100.1039        8.8874733E-18
   100.2307        8.6333709E-18
   100.3575        8.4145097E-18
   100.4843        8.2439392E-18
   100.6111        8.1336992E-18
   100.7379        8.0941856E-18
   100.8647        8.1335421E-18
   100.9915        8.2570898E-18
   101.1183        8.4668437E-18
   101.2451        8.7611397E-18
   101.3719        9.1343785E-18
   101.4987        9.5769532E-18
   101.6255        1.0075328E-17
   101.7522        1.0612313E-17
   101.8790        1.1167528E-17
   102.0058        1.1718041E-17
   102.1326        1.2239178E-17
   102.2594        1.2705475E-17
   102.3862        1.3091744E-17
   102.5130        1.3374212E-17
   102.6398        1.3531693E-17
   102.7666        1.3546731E-17
   102.8934        1.3406681E-17
   103.0202        1.3104654E-17
   103.1470        1.2640288E-17
   103.2738        1.2020283E-17
   103.4006        1.1258683E-17
   103.5273        1.0376831E-17
   103.6541        9.4030228E-18
   103.7809        8.3718048E-18
   103.9077        7.3229696E-18
   104.0345        6.3002232E-18
   104.1613        5.3495966E-18
   104.2881        4.5176287E-18
   104.4149        3.8493954E-18
   104.5417        3.3864524E-18
   104.6685        3.1647775E-18
   104.7953        3.2128075E-18
   104.9221        3.5496508E-18
   105.0489        4.1835768E-18
   105.1756        5.1108678E-18
   105.3024        6.3150938E-18
   105.4292        7.7668934E-18
   105.5560        9.4242830E-18
   105.6828        1.1233527E-17
   105.8096        1.3130574E-17
   105.9364        1.5043019E-17
   106.0632        1.6892563E-17
   106.1900        1.8597887E-17
   106.3168        2.0077844E-17
   106.4436        2.1254853E-17
   106.5704        2.2058372E-17
   106.6972        2.2428322E-17
   106.8240        2.2318240E-17
   106.9507        2.1698144E-17
   107.0775        2.0556828E-17
   107.2043        1.8903570E-17
   107.3311        1.6769079E-17
   107.4579        1.4205616E-17
   107.5847        1.1286257E-17
   107.7115        8.1032366E-18
   107.8383        4.7654268E-18
   107.9651        1.3949954E-18
   108.0919       -1.8766824E-18
   108.2187       -4.9137208E-18
   108.3455       -7.5808638E-18
   108.4723       -9.7488943E-18
   108.5990       -1.1300090E-17
   108.7258       -1.2133537E-17
   108.8526       -1.2170054E-17
   108.9794       -1.1356527E-17
   109.1062       -9.6694394E-18
   109.2330       -7.1174367E-18
   109.3598       -3.7427594E-18
   109.4866        3.7854111E-19
   109.6134        5.1376895E-18
   109.7402        1.0395594E-17
   109.8670        1.5986480E-17
   109.9938        2.1722754E-17
   110.1206        2.7400890E-17
   110.2474        3.2808164E-17
   110.3741        3.7730060E-17
   110.5009        4.1958045E-17
   110.6277        4.5297420E-17
   110.7545        4.7575048E-17
   110.8813        4.8646561E-17
   111.0081        4.8402847E-17
   111.1349        4.6775489E-17
   111.2617        4.3741013E-17
   111.3885        3.9323690E-17
   111.5153        3.3596788E-17
   111.6421        2.6682180E-17
   111.7689        1.8748298E-17
   111.8957        1.0006497E-17
   112.0224        7.0578731E-19
   112.1492       -8.8737587E-18
   112.2760       -1.8428828E-17
   112.4028       -2.7641646E-17
   112.5296       -3.6189466E-17
   112.6564       -4.3754480E-17
   112.7832       -5.0033829E-17
   112.9100       -5.4749480E-17
   113.0368       -5.7657658E-17
   113.1636       -5.8557479E-17
   113.2904       -5.7298702E-17
   113.4172       -5.3788220E-17
   113.5440       -4.7995305E-17
   113.6708       -3.9955196E-17
   113.7975       -2.9771276E-17
   113.9243       -1.7615453E-17
   114.0511       -3.7269375E-18
   114.1779        1.1590676E-17
   114.3047        2.7974011E-17
   114.4315        4.5006063E-17
   114.5583        6.2223927E-17
   114.6851        7.9127879E-17
   114.8119        9.5191998E-17
   114.9387        1.0987589E-16
   115.0655        1.2263756E-16
   115.1923        1.3294735E-16
   115.3191        1.4030262E-16
   115.4458        1.4424307E-16
   115.5726        1.4436650E-16
   115.6994        1.4034460E-16
   115.8262        1.3193866E-16
   115.9530        1.1901446E-16
   116.0798        1.0155640E-16
   116.2066        7.9679833E-17
   116.3334        5.3641399E-17
   116.4602        2.3846595E-17
   116.5870       -9.1459665E-18
   116.7138       -4.4624207E-17
   116.8406       -8.1726887E-17
   116.9674       -1.1945302E-16
   117.0942       -1.5667686E-16
   117.2209       -1.9216876E-16
   117.3477       -2.2462223E-16
   117.4745       -2.5268695E-16
   117.6013       -2.7500743E-16
   117.7281       -2.9026694E-16
   117.8549       -2.9723583E-16
   117.9817       -2.9482284E-16
   118.1085       -2.8212817E-16
   118.2353       -2.5849669E-16
   118.3621       -2.2356908E-16
   118.4889       -1.7732854E-16
   118.6157       -1.2014125E-16
   118.7425       -5.2787950E-17
   118.8692        2.3516019E-17
   118.9960        1.0711375E-16
   119.1228        1.9591536E-16
   119.2496        2.8742332E-16
   119.3764        3.7877598E-16
   119.5032        4.6680944E-16
   119.6300        5.4813773E-16
   119.7568        6.1925049E-16
   119.8836        6.7662591E-16
   120.0104        7.1685722E-16
   120.1372        7.3678843E-16
   120.2640        7.3365552E-16
   120.3908        7.0522841E-16
   120.5176        6.4994813E-16
   120.6443        5.6705367E-16
   120.7711        4.5669242E-16
   120.8979        3.2000762E-16
   121.0247        1.5919804E-16
   121.1515       -2.2454804E-17
   121.2783       -2.2059847E-16
   121.4051       -4.2986147E-16
   121.5319       -6.4394875E-16
   121.6587       -8.5578057E-16
   121.7855       -1.0576738E-15
   121.9123       -1.2415641E-15
   122.0391       -1.3992616E-15
   122.1659       -1.5227377E-15
   122.2927       -1.6044313E-15
   122.4194       -1.6375663E-15
   122.5462       -1.6164704E-15
   122.6730       -1.5368821E-15
   122.7998       -1.3962330E-15
   122.9266       -1.1938948E-15
   123.0534       -9.3137583E-16
   123.1802       -6.1245803E-16
   123.3070       -2.4326310E-16
   123.4338        1.6776246E-16
   123.5606        6.0994472E-16
   123.6874        1.0705732E-15
   123.8142        1.5351765E-15
   123.9410        1.9878898E-15
   124.0677        2.4118998E-15
   124.1945        2.7899635E-15
   124.3213        3.1049829E-15
   124.4481        3.3406232E-15
   124.5749        3.4819547E-15
   124.7017        3.5160948E-15
   124.8285        3.4328304E-15
   124.9553        3.2251948E-15
   125.0821        2.8899773E-15
   125.2089        2.4281366E-15
   125.3357        1.8451048E-15
   125.4625        1.1509541E-15
   125.5893        3.6041493E-16
   125.7161       -5.0726649E-16
   125.8428       -1.4286408E-15
   125.9696       -2.3765388E-15
   126.0964       -3.3207183E-15
   126.2232       -4.2286722E-15
   126.3500       -5.0665695E-15
   126.4768       -5.8003173E-15
   126.6036       -6.3967115E-15
   126.7304       -6.8246419E-15
   126.8572       -7.0563181E-15
   126.9840       -7.0684671E-15
   127.1108       -6.8434735E-15
   127.2376       -6.3704048E-15
   127.3644       -5.6458888E-15
   127.4911       -4.6747952E-15
   127.6179       -3.4706889E-15
   127.7447       -2.0560293E-15
   127.8715       -4.6206987E-16
   127.9983        1.2715346E-15
   128.1251        3.0974339E-15
   128.2519        4.9616060E-15
   128.3787        6.8046726E-15
   128.5055        8.5634929E-15
   128.6323        1.0172997E-14
   128.7591        1.1568221E-14
   128.8859        1.2686488E-14
   129.0127        1.3469664E-14
   129.1395        1.3866426E-14
   129.2663        1.3834485E-14
   129.3930        1.3342651E-14
   129.5198        1.2372686E-14
   129.6466        1.0920866E-14
   129.7734        8.9991686E-15
   129.9002        6.6360267E-15
   130.0270        3.8765987E-15
   130.1538        7.8249512E-16
   130.2806       -2.5690520E-15
   130.4074       -6.0866085E-15
   130.5342       -9.6665179E-15
   130.6610       -1.3195432E-14
   130.7878       -1.6553358E-14
   130.9146       -1.9617120E-14
   131.0414       -2.2264225E-14
   131.1681       -2.4376931E-14
   131.2949       -2.5846489E-14
   131.4217       -2.6577383E-14
   131.5485       -2.6491459E-14
   131.6753       -2.5531730E-14
   131.8021       -2.3665819E-14
   131.9289       -2.0888778E-14
   132.0557       -1.7225233E-14
   132.1825       -1.2730707E-14
   132.3093       -7.4920064E-15
   132.4361       -1.6266010E-15
   132.5629        4.7190564E-15
   132.6897        1.1372299E-14
   132.8164        1.8138062E-14
   132.9432        2.4803732E-14
   133.0700        3.1144897E-14
   133.1968        3.6931921E-14
   133.3236        4.1937099E-14
   133.4504        4.5942308E-14
   133.5772        4.8746834E-14
   133.7040        5.0175145E-14
   133.8308        5.0084414E-14
   133.9576        4.8371460E-14
   134.0844        4.4978774E-14
   134.2112        3.9899538E-14
   134.3380        3.3181245E-14
   134.4648        2.4927729E-14
   134.5915        1.5299573E-14
   134.7183        4.5125299E-15
   134.8451       -7.1658530E-15
   134.9719       -1.9421634E-14
   135.0987       -3.1901683E-14
   135.2255       -4.4222675E-14
   135.3523       -5.5981627E-14
   135.4791       -6.6767718E-14
   135.6059       -7.6175096E-14
   135.7327       -8.3816295E-14
   135.8595       -8.9335820E-14
   135.9863       -9.2423553E-14
   136.1131       -9.2827323E-14
   136.2398       -9.0364443E-14
   136.3666       -8.4931499E-14
   136.4934       -7.6512249E-14
   136.6202       -6.5183000E-14
   136.7470       -5.1115318E-14
   136.8738       -3.4575834E-14
   137.0006       -1.5922983E-14
   137.1274        4.3994459E-15
   137.2542        2.5871681E-14
   137.3810        4.7910335E-14
   137.5078        6.9883240E-14
   137.6346        9.1126644E-14
   137.7614        1.1096403E-13
   137.8882        1.2872621E-13
   138.0149        1.4377196E-13
   138.1417        1.5550865E-13
   138.2685        1.6341220E-13
   138.3953        1.6704554E-13
   138.5221        1.6607519E-13
   138.6489        1.6028522E-13
   138.7757        1.4958804E-13
   138.9025        1.3403172E-13
   139.0293        1.1380342E-13
   139.1561        8.9228910E-14
   139.2829        6.0767878E-14
   139.4097        2.9005332E-14
   139.5365       -5.3607275E-15
   139.6632       -4.1535053E-14
   139.7900       -7.8643906E-14
   139.9168       -1.1575611E-13
   140.0436       -1.5190599E-13
   140.1704       -1.8611742E-13
   140.2972       -2.1742800E-13
   140.4240       -2.4491330E-13
   140.5508       -2.6770974E-13
   140.6776       -2.8503610E-13
   140.8044       -2.9621279E-13
   140.9312       -3.0067837E-13
   141.0580       -2.9800370E-13
   141.1848       -2.8790249E-13
   141.3116       -2.7023896E-13
   141.4383       -2.4503270E-13
   141.5651       -2.1246003E-13
   141.6919       -1.7285328E-13
   141.8187       -1.2669743E-13
   141.9455       -7.4624849E-14
   142.0723       -1.7408448E-14
   142.1991        4.4046327E-14
   142.3259        1.0871054E-13
   142.4527        1.7544171E-13
   142.5795        2.4299402E-13
   142.7063        3.1002959E-13
   142.8331        3.7513051E-13
   142.9599        4.3681180E-13
   143.0867        4.9353620E-13
   143.2134        5.4373075E-13
   143.3402        5.8580625E-13
   143.4670        6.1817982E-13
   143.5938        6.3930149E-13
   143.7206        6.4768471E-13
   143.8474        6.4194196E-13
   143.9742        6.2082517E-13
   144.1010        5.8327047E-13
   144.2278        5.2844740E-13
   144.3546        4.5581193E-13
   144.4814        3.6516084E-13
   144.6082        2.5668763E-13
   144.7350        1.3103628E-13
   144.8617       -1.0648641E-14
   144.9885       -1.6667818E-13
   145.1153       -3.3478480E-13
   145.2421       -5.1210051E-13
   145.3689       -6.9515124E-13
   145.4957       -8.7986893E-13
   145.6225       -1.0616257E-12
   145.7493       -1.2352914E-12
   145.8761       -1.3953160E-12
   146.0029       -1.5358394E-12
   146.1297       -1.6508254E-12
   146.2565       -1.7342226E-12
   146.3833       -1.7801461E-12
   146.5101       -1.7830813E-12
   146.6368       -1.7381002E-12
   146.7636       -1.6410884E-12
   146.8904       -1.4889727E-12
   147.0172       -1.2799449E-12
   147.1440       -1.0136704E-12
   147.2708       -6.9147260E-13
   147.3976       -3.1648740E-13
   147.5244        1.0622749E-13
   147.6512        5.6962914E-13
   147.7780        1.0646898E-12
   147.9048        1.5804584E-12
   148.0316        2.1041933E-12
   148.1584        2.6215679E-12
   148.2851        3.1169505E-12
   148.4119        3.5737559E-12
   148.5387        3.9748656E-12
   148.6655        4.3031056E-12
   148.7923        4.5417775E-12
   148.9191        4.6752224E-12
   149.0459        4.6894125E-12
   149.1727        4.5725411E-12
   149.2995        4.3156000E-12
   149.4263        3.9129229E-12
   149.5531        3.3626695E-12
   149.6799        2.6672295E-12
   149.8067        1.8335366E-12
   149.9335        8.7325449E-13
   150.0602       -1.9715855E-13
   150.1870       -1.3565400E-12
   150.3138       -2.5792638E-12
   150.4406       -3.8356427E-12
   150.5674       -5.0924911E-12
   150.6942       -6.3138392E-12
   150.8210       -7.4617968E-12
   150.9478       -8.4975369E-12
   151.0746       -9.3823924E-12
   151.2014       -1.0079023E-11
   151.3282       -1.0552635E-11
   151.4550       -1.0772212E-11
   151.5818       -1.0711714E-11
   151.7085       -1.0351221E-11
   151.8353       -9.6779642E-12
   151.9621       -8.6872124E-12
   152.0889       -7.3829822E-12
   152.2157       -5.7785265E-12
   152.3425       -3.8965810E-12
   152.4693       -1.7693475E-12
   152.5961        5.6181091E-13
   152.7229        3.0469657E-12
   152.8497        5.6285068E-12
   152.9765        8.2423035E-12
   153.1033        1.0819139E-11
   153.2301        1.3286361E-11
   153.3569        1.5569740E-11
   153.4836        1.7595475E-11
   153.6104        1.9292295E-11
   153.7372        2.0593605E-11
   153.8640        2.1439623E-11
   153.9908        2.1779419E-11
   154.1176        2.1572813E-11
   154.2444        2.0792073E-11
   154.3712        1.9423333E-11
   154.4980        1.7467692E-11
   154.6248        1.4941949E-11
   154.7516        1.1878935E-11
   154.8784        8.3274143E-12
   155.0052        4.3515452E-12
   155.1319        2.9894276E-14
   155.2587       -4.5459899E-12
   155.3855       -9.2734015E-12
   155.5123       -1.4040699E-11
   155.6391       -1.8729832E-11
   155.7659       -2.3219137E-11
   155.8927       -2.7386347E-11
   156.0195       -3.1111693E-11
   156.1463       -3.4281081E-11
   156.2731       -3.6789207E-11
   156.3999       -3.8542534E-11
   156.5267       -3.9462072E-11
   156.6535       -3.9485894E-11
   156.7803       -3.8571230E-11
   156.9070       -3.6696205E-11
   157.0338       -3.3861046E-11
   157.1606       -3.0088810E-11
   157.2874       -2.5425547E-11
   157.4142       -1.9939932E-11
   157.5410       -1.3722326E-11
   157.6678       -6.8833064E-12
   157.7946        4.4829881E-13
   157.9214        8.1278430E-12
   158.0482        1.5997701E-11
   158.1750        2.3890437E-11
   158.3018        3.1632252E-11
   158.4286        3.9046617E-11
   158.5553        4.5958012E-11
   158.6821        5.2195675E-11
   158.8089        5.7597330E-11
   158.9357        6.2012735E-11
   159.0625        6.5307065E-11
   159.1893        6.7363982E-11
   159.3161        6.8088396E-11
   159.4429        6.7408829E-11
   159.5697        6.5279386E-11
   159.6965        6.1681243E-11
   159.8233        5.6623709E-11
   159.9501        5.0144753E-11
   160.0769        4.2311116E-11
   160.2037        3.3217911E-11
