  -4.500000        5.0095452E-18
  -4.373208        5.0093152E-18
  -4.246415        5.0089591E-18
  -4.119622        5.0085534E-18
  -3.992829        5.0081460E-18
  -3.866037        5.0077651E-18
  -3.739244        5.0074251E-18
  -3.612452        5.0071319E-18
  -3.485659        5.0068870E-18
  -3.358866        5.0066914E-18
  -3.232074        5.0065421E-18
  -3.105281        5.0064354E-18
  -2.978488        5.0063659E-18
  -2.851696        5.0063250E-18
  -2.724903        5.0063022E-18
  -2.598110        5.0062886E-18
  -2.471318        5.0062728E-18
  -2.344525        5.0062489E-18
  -2.217732        5.0062116E-18
  -2.090940        5.0061583E-18
  -1.964147        5.0060871E-18
  -1.837354        5.0059999E-18
  -1.710562        5.0058961E-18
  -1.583769        5.0057741E-18
  -1.456976        5.0056351E-18
  -1.330184        5.0054808E-18
  -1.203391        5.0053117E-18
  -1.076598        5.0051301E-18
 -0.9498057        5.0049390E-18
 -0.8230131        5.0047401E-18
 -0.6962205        5.0045370E-18
 -0.5694278        5.0043298E-18
 -0.4426351        5.0041201E-18
 -0.3158425        5.0039067E-18
 -0.1890498        5.0036891E-18
 -6.2257171E-02    5.0034687E-18
  6.4535484E-02    5.0032466E-18
  0.1913281        5.0030233E-18
  0.3181208        5.0028020E-18
  0.4449134        5.0025853E-18
  0.5717061        5.0023764E-18
  0.6984987        5.0021754E-18
  0.8252914        5.0019827E-18
  0.9520841        5.0017995E-18
   1.078877        5.0016241E-18
   1.205669        5.0014545E-18
   1.332462        5.0012924E-18
   1.459255        5.0011361E-18
   1.586047        5.0009867E-18
   1.712840        5.0008420E-18
   1.839633        5.0007030E-18
   1.966425        5.0005657E-18
   2.093218        5.0004296E-18
   2.220011        5.0002923E-18
   2.346803        5.0001538E-18
   2.473596        5.0000111E-18
   2.600389        4.9998667E-18
   2.727181        4.9997212E-18
   2.853974        4.9995764E-18
   2.980767        4.9994312E-18
   3.107559        4.9992877E-18
   3.234352        4.9991459E-18
   3.361145        4.9990040E-18
   3.487937        4.9988625E-18
   3.614730        4.9987219E-18
   3.741522        4.9985821E-18
   3.868315        4.9984440E-18
   3.995108        4.9983087E-18
   4.121901        4.9981764E-18
   4.248693        4.9980461E-18
   4.375485        4.9979171E-18
   4.502278        4.9977872E-18
   4.629071        4.9976569E-18
   4.755864        4.9975233E-18
   4.882656        4.9973864E-18
   5.009449        4.9972471E-18
   5.136241        4.9971044E-18
   5.263034        4.9969592E-18
   5.389827        4.9968120E-18
   5.516620        4.9966614E-18
   5.643412        4.9965071E-18
   5.770205        4.9963479E-18
   5.896997        4.9961837E-18
   6.023790        4.9960154E-18
   6.150583        4.9958433E-18
   6.277375        4.9956684E-18
   6.404168        4.9954930E-18
   6.530961        4.9953164E-18
   6.657753        4.9951394E-18
   6.784546        4.9949620E-18
   6.911339        4.9947841E-18
   7.038131        4.9946063E-18
   7.164924        4.9944293E-18
   7.291717        4.9942535E-18
   7.418509        4.9940806E-18
   7.545302        4.9939127E-18
   7.672095        4.9937497E-18
   7.798887        4.9935922E-18
   7.925680        4.9934395E-18
   8.052472        4.9932902E-18
   8.179265        4.9931434E-18
   8.306058        4.9929966E-18
   8.432851        4.9928506E-18
   8.559643        4.9927034E-18
   8.686436        4.9925545E-18
   8.813229        4.9924031E-18
   8.940022        4.9922492E-18
   9.066813        4.9920912E-18
   9.193606        4.9919287E-18
   9.320399        4.9917612E-18
   9.447192        4.9915900E-18
   9.573984        4.9914150E-18
   9.700777        4.9912384E-18
   9.827570        4.9910631E-18
   9.954362        4.9908894E-18
   10.08115        4.9907202E-18
   10.20795        4.9905564E-18
   10.33474        4.9903980E-18
   10.46153        4.9902437E-18
   10.58833        4.9900940E-18
   10.71512        4.9899476E-18
   10.84191        4.9898033E-18
   10.96870        4.9896602E-18
   11.09550        4.9895175E-18
   11.22229        4.9893723E-18
   11.34908        4.9892242E-18
   11.47587        4.9890704E-18
   11.60267        4.9889091E-18
   11.72946        4.9887383E-18
   11.85625        4.9885571E-18
   11.98304        4.9883652E-18
   12.10984        4.9881634E-18
   12.23663        4.9879541E-18
   12.36342        4.9877353E-18
   12.49022        4.9875091E-18
   12.61701        4.9872746E-18
   12.74380        4.9870310E-18
   12.87059        4.9867754E-18
   12.99739        4.9865078E-18
   13.12418        4.9862249E-18
   13.25097        4.9859267E-18
   13.37776        4.9856128E-18
   13.50456        4.9852827E-18
   13.63135        4.9849357E-18
   13.75814        4.9845726E-18
   13.88493        4.9841942E-18
   14.01173        4.9838012E-18
   14.13852        4.9833947E-18
   14.26531        4.9829778E-18
   14.39211        4.9825526E-18
   14.51890        4.9821229E-18
   14.64569        4.9816894E-18
   14.77248        4.9812539E-18
   14.89928        4.9808164E-18
   15.02607        4.9803763E-18
   15.15286        4.9799325E-18
   15.27965        4.9794838E-18
   15.40645        4.9790292E-18
   15.53324        4.9785668E-18
   15.66003        4.9780982E-18
   15.78682        4.9776234E-18
   15.91362        4.9771429E-18
   16.04041        4.9766594E-18
   16.16720        4.9761730E-18
   16.29399        4.9756862E-18
   16.42079        4.9751990E-18
   16.54758        4.9747109E-18
   16.67437        4.9742233E-18
   16.80116        4.9737365E-18
   16.92796        4.9732506E-18
   17.05475        4.9727667E-18
   17.18154        4.9722861E-18
   17.30834        4.9718092E-18
   17.43513        4.9713369E-18
   17.56192        4.9708695E-18
   17.68871        4.9704067E-18
   17.81551        4.9699501E-18
   17.94230        4.9694993E-18
   18.06909        4.9690551E-18
   18.19588        4.9686188E-18
   18.32268        4.9681911E-18
   18.44947        4.9677709E-18
   18.57626        4.9673594E-18
   18.70305        4.9669532E-18
   18.82985        4.9665529E-18
   18.95664        4.9661571E-18
   19.08343        4.9657642E-18
   19.21023        4.9653733E-18
   19.33702        4.9649837E-18
   19.46381        4.9645933E-18
   19.59060        4.9642012E-18
   19.71740        4.9638050E-18
   19.84419        4.9634034E-18
   19.97098        4.9629964E-18
   20.09777        4.9625836E-18
   20.22457        4.9621663E-18
   20.35136        4.9617461E-18
   20.47815        4.9613263E-18
   20.60494        4.9609103E-18
   20.73174        4.9604983E-18
   20.85853        4.9600942E-18
   20.98532        4.9596976E-18
   21.11212        4.9593088E-18
   21.23891        4.9589279E-18
   21.36570        4.9585549E-18
   21.49249        4.9581880E-18
   21.61929        4.9578274E-18
   21.74608        4.9574725E-18
   21.87287        4.9571238E-18
   21.99966        4.9567826E-18
   22.12646        4.9564493E-18
   22.25325        4.9561242E-18
   22.38004        4.9558086E-18
   22.50683        4.9555038E-18
   22.63363        4.9552106E-18
   22.76042        4.9549277E-18
   22.88721        4.9546564E-18
   23.01401        4.9543958E-18
   23.14080        4.9541431E-18
   23.26759        4.9538970E-18
   23.39438        4.9536542E-18
   23.52118        4.9534135E-18
   23.64797        4.9531707E-18
   23.77476        4.9529255E-18
   23.90155        4.9526773E-18
   24.02835        4.9524275E-18
   24.15514        4.9521752E-18
   24.28193        4.9519234E-18
   24.40872        4.9516715E-18
   24.53552        4.9514204E-18
   24.66231        4.9511702E-18
   24.78910        4.9509187E-18
   24.91590        4.9506673E-18
   25.04269        4.9504154E-18
   25.16948        4.9501619E-18
   25.29627        4.9499083E-18
   25.42307        4.9496532E-18
   25.54986        4.9493992E-18
   25.67665        4.9491449E-18
   25.80344        4.9488917E-18
   25.93024        4.9486407E-18
   26.05703        4.9483917E-18
   26.18382        4.9481469E-18
   26.31061        4.9479057E-18
   26.43741        4.9476700E-18
   26.56420        4.9474404E-18
   26.69099        4.9472150E-18
   26.81779        4.9469925E-18
   26.94458        4.9467729E-18
   27.07137        4.9465541E-18
   27.19816        4.9463329E-18
   27.32495        4.9461095E-18
   27.45175        4.9458833E-18
   27.57854        4.9456542E-18
   27.70533        4.9454213E-18
   27.83213        4.9451856E-18
   27.95892        4.9449477E-18
   28.08571        4.9447066E-18
   28.21250        4.9444634E-18
   28.33930        4.9442182E-18
   28.46609        4.9439725E-18
   28.59288        4.9437264E-18
   28.71968        4.9434824E-18
   28.84647        4.9432413E-18
   28.97326        4.9430035E-18
   29.10005        4.9427685E-18
   29.22684        4.9425369E-18
   29.35364        4.9423061E-18
   29.48043        4.9420749E-18
   29.60722        4.9418421E-18
   29.73402        4.9416055E-18
   29.86081        4.9413656E-18
   29.98760        4.9411191E-18
   30.11439        4.9408668E-18
   30.24119        4.9406075E-18
   30.36798        4.9403403E-18
   30.49477        4.9400670E-18
   30.62156        4.9397845E-18
   30.74836        4.9394933E-18
   30.87515        4.9391930E-18
   31.00194        4.9388841E-18
   31.12873        4.9385660E-18
   31.25553        4.9382389E-18
   31.38232        4.9379026E-18
   31.50911        4.9375577E-18
   31.63591        4.9372041E-18
   31.76270        4.9368430E-18
   31.88949        4.9364749E-18
   32.01628        4.9361019E-18
   32.14308        4.9357255E-18
   32.26987        4.9353462E-18
   32.39666        4.9349670E-18
   32.52345        4.9345885E-18
   32.65025        4.9342097E-18
   32.77704        4.9338304E-18
   32.90383        4.9334503E-18
   33.03062        4.9330674E-18
   33.15742        4.9326823E-18
   33.28421        4.9322931E-18
   33.41100        4.9319010E-18
   33.53780        4.9315069E-18
   33.66459        4.9311098E-18
   33.79138        4.9307115E-18
   33.91817        4.9303124E-18
   34.04497        4.9299125E-18
   34.17176        4.9295117E-18
   34.29855        4.9291114E-18
   34.42534        4.9287110E-18
   34.55214        4.9283098E-18
   34.67893        4.9279091E-18
   34.80572        4.9275079E-18
   34.93251        4.9271079E-18
   35.05931        4.9267088E-18
   35.18610        4.9263093E-18
   35.31289        4.9259106E-18
   35.43969        4.9255119E-18
   35.56648        4.9251124E-18
   35.69327        4.9247132E-18
   35.82006        4.9243150E-18
   35.94686        4.9239163E-18
   36.07365        4.9235196E-18
   36.20044        4.9231251E-18
   36.32723        4.9227309E-18
   36.45403        4.9223392E-18
   36.58082        4.9219509E-18
   36.70761        4.9215658E-18
   36.83440        4.9211845E-18
   36.96120        4.9208073E-18
   37.08799        4.9204347E-18
   37.21478        4.9200653E-18
   37.34158        4.9196981E-18
   37.46837        4.9193287E-18
   37.59516        4.9189557E-18
   37.72195        4.9185764E-18
   37.84875        4.9181876E-18
   37.97554        4.9177893E-18
   38.10233        4.9173803E-18
   38.22912        4.9169601E-18
   38.35592        4.9165337E-18
   38.48271        4.9161023E-18
   38.60950        4.9156705E-18
   38.73629        4.9152408E-18
   38.86309        4.9148156E-18
   38.98988        4.9143991E-18
   39.11667        4.9139922E-18
   39.24347        4.9135935E-18
   39.37026        4.9132043E-18
   39.49705        4.9128225E-18
   39.62384        4.9124470E-18
   39.75064        4.9120756E-18
   39.87743        4.9117058E-18
   40.00422        4.9113357E-18
   40.13101        4.9109651E-18
   40.25780        4.9105945E-18
   40.38460        4.9102239E-18
   40.51139        4.9098554E-18
   40.63818        4.9094902E-18
   40.76498        4.9091288E-18
   40.89177        4.9087731E-18
   41.01856        4.9084223E-18
   41.14536        4.9080741E-18
   41.27215        4.9077267E-18
   41.39894        4.9073780E-18
   41.52573        4.9070244E-18
   41.65253        4.9066646E-18
   41.77932        4.9062965E-18
   41.90611        4.9059197E-18
   42.03290        4.9055330E-18
   42.15969        4.9051376E-18
   42.28649        4.9047344E-18
   42.41328        4.9043249E-18
   42.54007        4.9039113E-18
   42.66687        4.9034952E-18
   42.79366        4.9030788E-18
   42.92045        4.9026627E-18
   43.04725        4.9022491E-18
   43.17404        4.9018396E-18
   43.30083        4.9014327E-18
   43.42762        4.9010290E-18
   43.55442        4.9006257E-18
   43.68121        4.9002246E-18
   43.80800        4.8998234E-18
   43.93479        4.8994234E-18
   44.06158        4.8990239E-18
   44.18838        4.8986252E-18
   44.31517        4.8982278E-18
   44.44196        4.8978311E-18
   44.56876        4.8974357E-18
   44.69555        4.8970407E-18
   44.82234        4.8966441E-18
   44.94913        4.8962458E-18
   45.07593        4.8958442E-18
   45.20272        4.8954373E-18
   45.32951        4.8950245E-18
   45.45631        4.8946051E-18
   45.58310        4.8941787E-18
   45.70989        4.8937465E-18
   45.83668        4.8933081E-18
   45.96347        4.8928660E-18
   46.09027        4.8924222E-18
   46.21706        4.8919805E-18
   46.34385        4.8915437E-18
   46.47065        4.8911165E-18
   46.59744        4.8907012E-18
   46.72423        4.8902996E-18
   46.85102        4.8899113E-18
   46.97782        4.8895357E-18
   47.10461        4.8891701E-18
   47.23140        4.8888132E-18
   47.35820        4.8884608E-18
   47.48499        4.8881097E-18
   47.61178        4.8877581E-18
   47.73857        4.8874029E-18
   47.86536        4.8870418E-18
   47.99216        4.8866741E-18
   48.11895        4.8862982E-18
   48.24574        4.8859143E-18
   48.37254        4.8855227E-18
   48.49933        4.8851240E-18
   48.62612        4.8847191E-18
   48.75291        4.8843088E-18
   48.87971        4.8838940E-18
   49.00650        4.8834762E-18
   49.13329        4.8830556E-18
   49.26009        4.8826321E-18
   49.38688        4.8822044E-18
   49.51367        4.8817718E-18
   49.64046        4.8813326E-18
   49.76725        4.8808851E-18
   49.89405        4.8804322E-18
   50.02084        4.8799715E-18
   50.14763        4.8795049E-18
   50.27443        4.8790347E-18
   50.40122        4.8785624E-18
   50.52801        4.8780896E-18
   50.65480        4.8776206E-18
   50.78160        4.8771574E-18
   50.90839        4.8767037E-18
   51.03518        4.8762607E-18
   51.16198        4.8758318E-18
   51.28877        4.8754162E-18
   51.41556        4.8750142E-18
   51.54235        4.8746225E-18
   51.66914        4.8742387E-18
   51.79594        4.8738594E-18
   51.92273        4.8734806E-18
   52.04952        4.8730988E-18
   52.17632        4.8727117E-18
   52.30311        4.8723184E-18
   52.42990        4.8719193E-18
   52.55669        4.8715160E-18
   52.68349        4.8711099E-18
   52.81028        4.8707021E-18
   52.93707        4.8702955E-18
   53.06387        4.8698902E-18
   53.19066        4.8694878E-18
   53.31745        4.8690858E-18
   53.44424        4.8686829E-18
   53.57103        4.8682772E-18
   53.69783        4.8678657E-18
   53.82462        4.8674455E-18
   53.95141        4.8670149E-18
   54.07821        4.8665744E-18
   54.20500        4.8661240E-18
   54.33179        4.8656658E-18
   54.45858        4.8652022E-18
   54.58538        4.8647377E-18
   54.71217        4.8642765E-18
   54.83896        4.8638208E-18
   54.96576        4.8633745E-18
   55.09255        4.8629398E-18
   55.21934        4.8625159E-18
   55.34613        4.8621027E-18
   55.47292        4.8616978E-18
   55.59972        4.8612991E-18
   55.72651        4.8609045E-18
   55.85330        4.8605116E-18
   55.98009        4.8601195E-18
   56.10689        4.8597258E-18
   56.23368        4.8593288E-18
   56.36047        4.8589296E-18
   56.48727        4.8585285E-18
   56.61406        4.8581252E-18
   56.74085        4.8577199E-18
   56.86765        4.8573146E-18
   56.99444        4.8569088E-18
   57.12123        4.8565019E-18
   57.24802        4.8560945E-18
   57.37481        4.8556863E-18
   57.50161        4.8552752E-18
   57.62840        4.8548603E-18
   57.75519        4.8544397E-18
   57.88198        4.8540125E-18
   58.00878        4.8535778E-18
   58.13557        4.8531340E-18
   58.26236        4.8526828E-18
   58.38916        4.8522237E-18
   58.51595        4.8517592E-18
   58.64274        4.8512915E-18
   58.76954        4.8508216E-18
   58.89633        4.8503526E-18
   59.02312        4.8498865E-18
   59.14991        4.8494249E-18
   59.27670        4.8489687E-18
   59.40350        4.8485179E-18
   59.53029        4.8480741E-18
   59.65708        4.8476349E-18
   59.78387        4.8472019E-18
   59.91067        4.8467717E-18
   60.03746        4.8463441E-18
   60.16425        4.8459197E-18
   60.29105        4.8454975E-18
   60.41784        4.8450773E-18
   60.54463        4.8446608E-18
   60.67142        4.8442484E-18
   60.79822        4.8438410E-18
   60.92501        4.8434386E-18
   61.05180        4.8430391E-18
   61.17859        4.8426437E-18
   61.30539        4.8422491E-18
   61.43218        4.8418525E-18
   61.55897        4.8414509E-18
   61.68576        4.8410427E-18
   61.81256        4.8406279E-18
   61.93935        4.8402043E-18
   62.06614        4.8397726E-18
   62.19294        4.8393346E-18
   62.31973        4.8388916E-18
   62.44652        4.8384462E-18
   62.57331        4.8379983E-18
   62.70011        4.8375507E-18
   62.82690        4.8371045E-18
   62.95369        4.8366611E-18
   63.08048        4.8362202E-18
   63.20728        4.8357810E-18
   63.33407        4.8353451E-18
   63.46086        4.8349108E-18
   63.58765        4.8344786E-18
   63.71445        4.8340485E-18
   63.84124        4.8336204E-18
   63.96803        4.8331956E-18
   64.09483        4.8327746E-18
   64.22162        4.8323548E-18
   64.34841        4.8319387E-18
   64.47520        4.8315235E-18
   64.60200        4.8311087E-18
   64.72879        4.8306918E-18
   64.85558        4.8302711E-18
   64.98238        4.8298451E-18
   65.10917        4.8294109E-18
   65.23596        4.8289683E-18
   65.36275        4.8285179E-18
   65.48955        4.8280601E-18
   65.61633        4.8275952E-18
   65.74313        4.8271270E-18
   65.86992        4.8266559E-18
   65.99671        4.8261857E-18
   66.12350        4.8257167E-18
   66.25030        4.8252518E-18
   66.37709        4.8247915E-18
   66.50388        4.8243357E-18
   66.63068        4.8238837E-18
   66.75747        4.8234357E-18
   66.88426        4.8229903E-18
   67.01105        4.8225469E-18
   67.13785        4.8221044E-18
   67.26464        4.8216631E-18
   67.39143        4.8212230E-18
   67.51823        4.8207846E-18
   67.64502        4.8203491E-18
   67.77181        4.8199177E-18
   67.89861        4.8194917E-18
   68.02540        4.8190719E-18
   68.15219        4.8186600E-18
   68.27898        4.8182555E-18
   68.40578        4.8178572E-18
   68.53257        4.8174656E-18
   68.65936        4.8170793E-18
   68.78616        4.8166971E-18
   68.91295        4.8163174E-18
   69.03974        4.8159378E-18
   69.16653        4.8155577E-18
   69.29333        4.8151730E-18
   69.42011        4.8147838E-18
   69.54691        4.8143876E-18
   69.67370        4.8139827E-18
   69.80049        4.8135704E-18
   69.92728        4.8131506E-18
   70.05408        4.8127242E-18
   70.18087        4.8122920E-18
   70.30766        4.8118556E-18
   70.43446        4.8114185E-18
   70.56125        4.8109800E-18
   70.68804        4.8105421E-18
   70.81483        4.8101049E-18
   70.94163        4.8096681E-18
   71.06842        4.8092310E-18
   71.19521        4.8087926E-18
   71.32201        4.8083509E-18
   71.44880        4.8079050E-18
   71.57559        4.8074546E-18
   71.70238        4.8069980E-18
   71.82918        4.8065360E-18
   71.95597        4.8060683E-18
   72.08276        4.8055980E-18
   72.20956        4.8051265E-18
   72.33635        4.8046538E-18
   72.46314        4.8041835E-18
   72.58994        4.8037178E-18
   72.71673        4.8032563E-18
   72.84352        4.8027996E-18
   72.97031        4.8023476E-18
   73.09711        4.8018976E-18
   73.22389        4.8014476E-18
   73.35069        4.8009960E-18
   73.47748        4.8005427E-18
   73.60427        4.8000848E-18
   73.73106        4.7996249E-18
   73.85786        4.7991629E-18
   73.98465        4.7987018E-18
   74.11144        4.7982435E-18
   74.23824        4.7977923E-18
   74.36503        4.7973498E-18
   74.49182        4.7969180E-18
   74.61861        4.7964978E-18
   74.74541        4.7960891E-18
   74.87220        4.7956900E-18
   74.99899        4.7952963E-18
   75.12579        4.7949050E-18
   75.25258        4.7945113E-18
   75.37937        4.7941114E-18
   75.50616        4.7937011E-18
   75.63296        4.7932813E-18
   75.75975        4.7928499E-18
   75.88654        4.7924078E-18
   76.01334        4.7919582E-18
   76.14013        4.7915041E-18
   76.26692        4.7910491E-18
   76.39371        4.7905983E-18
   76.52051        4.7901521E-18
   76.64730        4.7897124E-18
   76.77409        4.7892790E-18
   76.90089        4.7888492E-18
   77.02767        4.7884232E-18
   77.15446        4.7879973E-18
   77.28126        4.7875679E-18
   77.40805        4.7871357E-18
   77.53484        4.7866986E-18
   77.66164        4.7862560E-18
   77.78843        4.7858089E-18
   77.91522        4.7853602E-18
   78.04202        4.7849115E-18
   78.16881        4.7844660E-18
   78.29560        4.7840276E-18
   78.42239        4.7835971E-18
   78.54919        4.7831777E-18
   78.67598        4.7827707E-18
   78.80277        4.7823766E-18
   78.92957        4.7819932E-18
   79.05636        4.7816184E-18
   79.18315        4.7812483E-18
   79.30994        4.7808798E-18
   79.43674        4.7805067E-18
   79.56353        4.7801258E-18
   79.69032        4.7797350E-18
   79.81712        4.7793305E-18
   79.94391        4.7789115E-18
   80.07070        4.7784789E-18
   80.19749        4.7780318E-18
   80.32429        4.7775727E-18
   80.45108        4.7771025E-18
   80.57787        4.7766227E-18
   80.70466        4.7761347E-18
   80.83145        4.7756392E-18
   80.95824        4.7751383E-18
   81.08504        4.7746325E-18
   81.21183        4.7741242E-18
   81.33862        4.7736142E-18
   81.46542        4.7731047E-18
   81.59221        4.7725985E-18
   81.71900        4.7721005E-18
   81.84579        4.7716149E-18
   81.97259        4.7711472E-18
   82.09938        4.7707042E-18
   82.22617        4.7702906E-18
   82.35297        4.7699097E-18
   82.47976        4.7695639E-18
   82.60655        4.7692509E-18
   82.73335        4.7689659E-18
   82.86014        4.7687028E-18
   82.98693        4.7684535E-18
   83.11372        4.7682065E-18
   83.24052        4.7679509E-18
   83.36731        4.7676747E-18
   83.49410        4.7673682E-18
   83.62090        4.7670183E-18
   83.74769        4.7666175E-18
   83.87448        4.7661584E-18
   84.00127        4.7656336E-18
   84.12807        4.7650405E-18
   84.25486        4.7643775E-18
   84.38165        4.7636471E-18
   84.50844        4.7628543E-18
   84.63523        4.7620076E-18
   84.76202        4.7611188E-18
   84.88882        4.7602044E-18
   85.01561        4.7592813E-18
   85.14240        4.7583751E-18
   85.26920        4.7575086E-18
   85.39599        4.7567091E-18
   85.52278        4.7560052E-18
   85.64957        4.7554245E-18
   85.77637        4.7549907E-18
   85.90316        4.7547260E-18
   86.02995        4.7546437E-18
   86.15675        4.7547504E-18
   86.28354        4.7550444E-18
   86.41033        4.7555118E-18
   86.53712        4.7561305E-18
   86.66392        4.7568675E-18
   86.79071        4.7576790E-18
   86.91750        4.7585124E-18
   87.04430        4.7593081E-18
   87.17109        4.7600005E-18
   87.29788        4.7605212E-18
   87.42467        4.7608000E-18
   87.55147        4.7607727E-18
   87.67826        4.7603798E-18
   87.80505        4.7595733E-18
   87.93185        4.7583209E-18
   88.05864        4.7566062E-18
   88.18543        4.7544336E-18
   88.31222        4.7518317E-18
   88.43901        4.7488526E-18
   88.56580        4.7455724E-18
   88.69260        4.7420933E-18
   88.81939        4.7385389E-18
   88.94618        4.7350536E-18
   89.07298        4.7317936E-18
   89.19977        4.7289254E-18
   89.32656        4.7266167E-18
   89.45335        4.7250256E-18
   89.58015        4.7242948E-18
   89.70694        4.7245426E-18
   89.83373        4.7258512E-18
   89.96053        4.7282624E-18
   90.08732        4.7317701E-18
   90.21411        4.7363134E-18
   90.34090        4.7417723E-18
   90.46770        4.7479692E-18
   90.59449        4.7546689E-18
   90.72128        4.7615845E-18
   90.84808        4.7683844E-18
   90.97487        4.7747032E-18
   91.10166        4.7801581E-18
   91.22845        4.7843618E-18
   91.35525        4.7869467E-18
   91.48204        4.7875804E-18
   91.60883        4.7859880E-18
   91.73563        4.7819717E-18
   91.86242        4.7754299E-18
   91.98921        4.7663739E-18
   92.11600        4.7549381E-18
   92.24279        4.7413914E-18
   92.36958        4.7261337E-18
   92.49638        4.7096963E-18
   92.62317        4.6927259E-18
   92.74996        4.6759668E-18
   92.87675        4.6602322E-18
   93.00355        4.6463752E-18
   93.13034        4.6352484E-18
   93.25713        4.6276603E-18
   93.38393        4.6243346E-18
   93.51072        4.6258620E-18
   93.63751        4.6326606E-18
   93.76431        4.6449310E-18
   93.89110        4.6626302E-18
   94.01789        4.6854438E-18
   94.14468        4.7127739E-18
   94.27148        4.7437398E-18
   94.39827        4.7771914E-18
   94.52506        4.8117382E-18
   94.65186        4.8457936E-18
   94.77865        4.8776326E-18
   94.90544        4.9054623E-18
   95.03223        4.9275050E-18
   95.15903        4.9420865E-18
   95.28582        4.9477316E-18
   95.41261        4.9432541E-18
   95.53941        4.9278466E-18
   95.66620        4.9011613E-18
   95.79299        4.8633728E-18
   95.91978        4.8152218E-18
   96.04657        4.7580330E-18
   96.17336        4.6937115E-18
   96.30016        4.6247044E-18
   96.42695        4.5539300E-18
   96.55374        4.4846821E-18
   96.68053        4.4205003E-18
   96.80733        4.3650180E-18
   96.93412        4.3217896E-18
   97.06091        4.2941038E-18
   97.18771        4.2847956E-18
   97.31450        4.2960556E-18
   97.44129        4.3292586E-18
   97.56808        4.3848183E-18
   97.69488        4.4620633E-18
   97.82167        4.5591759E-18
   97.94846        4.6731635E-18
   98.07526        4.7999004E-18
   98.20205        4.9342213E-18
   98.32884        5.0700836E-18
   98.45564        5.2007840E-18
   98.58243        5.3192337E-18
   98.70922        5.4182783E-18
   98.83601        5.4910540E-18
   98.96281        5.5313580E-18
   99.08960        5.5340319E-18
   99.21639        5.4953210E-18
   99.34319        5.4131990E-18
   99.46998        5.2876425E-18
   99.59677        5.1208229E-18
   99.72356        4.9172111E-18
   99.85035        4.6835785E-18
   99.97714        4.4288718E-18
   100.1039        4.1639784E-18
   100.2307        3.9013626E-18
   100.3575        3.6545902E-18
   100.4843        3.4377521E-18
   100.6111        3.2648010E-18
   100.7379        3.1488400E-18
   100.8647        3.1013727E-18
   100.9915        3.1315716E-18
   101.1183        3.2455877E-18
   101.2451        3.4459463E-18
   101.3719        3.7310660E-18
   101.4987        4.0949382E-18
   101.6255        4.5269990E-18
   101.7522        5.0122116E-18
   101.8790        5.5313857E-18
   102.0058        6.0617313E-18
   102.1326        6.5776484E-18
   102.2594        7.0517271E-18
   102.3862        7.4559356E-18
   102.5130        7.7629552E-18
   102.6398        7.9476001E-18
   102.7666        7.9882743E-18
   102.8934        7.8683819E-18
   103.0202        7.5776295E-18
   103.1470        7.1131370E-18
   103.2738        6.4802901E-18
   103.4006        5.6932674E-18
   103.5273        4.7751879E-18
   103.6541        3.7578290E-18
   103.7809        2.6809029E-18
   103.9077        1.5908737E-18
   104.0345        5.3934182E-19
   104.1613       -4.1897510E-19
   104.2881       -1.2285923E-18
   104.4149       -1.8358662E-18
   104.5417       -2.1917461E-18
   104.6685       -2.2545533E-18
   104.7953       -1.9926589E-18
   104.9221       -1.3869213E-18
   105.0489       -4.3273881E-19
   105.1756        8.5841190E-19
   105.3024        2.4580590E-18
   105.4292        4.3205637E-18
   105.5560        6.3837358E-18
   105.6828        8.5702934E-18
   105.8096        1.0790162E-17
   105.9364        1.2943580E-17
   106.0632        1.4924924E-17
   106.1900        1.6627138E-17
   106.3168        1.7946593E-17
   106.4436        1.8788216E-17
   106.5704        1.9070624E-17
   106.6972        1.8731050E-17
   106.8240        1.7729814E-17
   106.9507        1.6054070E-17
   107.0775        1.3720614E-17
   107.2043        1.0777544E-17
   107.3311        7.3045987E-18
   107.4579        3.4120532E-18
   107.5847       -7.6187863E-19
   107.7115       -5.0551278E-18
   107.8383       -9.2872787E-18
   107.9651       -1.3266341E-17
   108.0919       -1.6796566E-17
   108.2187       -1.9687024E-17
   108.3455       -2.1760602E-17
   108.4723       -2.2863034E-17
   108.5990       -2.2871537E-17
   108.7258       -2.1702652E-17
   108.8526       -1.9318831E-17
   108.9794       -1.5733422E-17
   109.1062       -1.1013653E-17
   109.2330       -5.2814212E-18
   109.3598        1.2884096E-18
   109.4866        8.4721931E-18
   109.6134        1.6004195E-17
   109.7402        2.3585657E-17
   109.8670        3.0895957E-17
   109.9938        3.7605441E-17
   110.1206        4.3389547E-17
   110.2474        4.7943587E-17
   110.3741        5.0997521E-17
   110.5009        5.2330099E-17
   110.6277        5.1781635E-17
   110.7545        4.9264799E-17
   110.8813        4.4772666E-17
   111.0081        3.8383715E-17
   111.1349        3.0263117E-17
   111.2617        2.0660214E-17
   111.3885        9.9019698E-18
   111.5153       -1.6174363E-18
   111.6421       -1.3450725E-17
   111.7689       -2.5114765E-17
   111.8957       -3.6110444E-17
   112.0224       -4.5944291E-17
   112.1492       -5.4150929E-17
   112.2760       -6.0315496E-17
   112.4028       -6.4094685E-17
   112.5296       -6.5235678E-17
   112.6564       -6.3591673E-17
   112.7832       -5.9133269E-17
   112.9100       -5.1954890E-17
   113.0368       -4.2275590E-17
   113.1636       -3.0434205E-17
   113.2904       -1.6878339E-17
   113.4172       -2.1478725E-18
   113.5440        1.3146853E-17
   113.6708        2.8351132E-17
   113.7975        4.2795357E-17
   113.9243        5.5826506E-17
   114.0511        6.6840204E-17
   114.1779        7.5311870E-17
   114.3047        8.0825141E-17
   114.4315        8.3096367E-17
   114.5583        8.1993325E-17
   114.6851        7.7547256E-17
   114.8119        6.9957047E-17
   114.9387        5.9585016E-17
   115.0655        4.6944045E-17
   115.1923        3.2676271E-17
   115.3191        1.7523964E-17
   115.4458        2.2936627E-18
   115.5726       -1.2184899E-17
   115.6994       -2.5103300E-17
   115.8262       -3.5720097E-17
   115.9530       -4.3405403E-17
   116.0798       -4.7681880E-17
   116.2066       -4.8259854E-17
   116.3334       -4.5063969E-17
   116.4602       -3.8249857E-17
   116.5870       -2.8208831E-17
   116.7138       -1.5559830E-17
   116.8406       -1.1279275E-18
   116.9674        1.4090173E-17
   117.0942        2.8973007E-17
   117.2209        4.2331636E-17
   117.3477        5.2975326E-17
   117.4745        5.9782626E-17
   117.6013        6.1774278E-17
   117.7281        5.8184387E-17
   117.8549        4.8525674E-17
   117.9817        3.2645024E-17
   118.1085        1.0765321E-17
   118.2353       -1.6489698E-17
   118.3621       -4.8090405E-17
   118.4889       -8.2618065E-17
   118.6157       -1.1830438E-16
   118.7425       -1.5309379E-16
   118.8692       -1.8472723E-16
   118.9960       -2.1084498E-16
   119.1228       -2.2910473E-16
   119.2496       -2.3731049E-16
   119.3764       -2.3354628E-16
   119.5032       -2.1630851E-16
   119.6300       -1.8462982E-16
   119.7568       -1.3818760E-16
   119.8836       -7.7390337E-17
   120.0104       -3.4350017E-18
   120.1372        8.1669520E-17
   120.2640        1.7511752E-16
   120.3908        2.7336286E-16
   120.5176        3.7221746E-16
   120.6443        4.6699065E-16
   120.7711        5.5266724E-16
   120.8979        6.2411743E-16
   121.0247        6.7633299E-16
   121.1515        7.0467969E-16
   121.2783        7.0515530E-16
   121.4051        6.7464147E-16
   121.5319        6.1113739E-16
   121.6587        5.1396159E-16
   121.7855        3.8391085E-16
   121.9123        2.2336346E-16
   122.0391        3.6319019E-17
   122.1659       -1.7163407E-16
   122.2927       -3.9342724E-16
   122.4194       -6.2069770E-16
   122.5462       -8.4405044E-16
   122.6730       -1.0533894E-15
   122.7998       -1.2383099E-15
   122.9266       -1.3885374E-15
   123.0534       -1.4943979E-15
   123.1802       -1.5473008E-15
   123.3070       -1.5402129E-15
   123.4338       -1.4681015E-15
   123.5606       -1.3283251E-15
   123.6874       -1.1209488E-15
   123.8142       -8.4896397E-16
   123.9410       -5.1839825E-16
   124.0677       -1.3829703E-16
   124.1945        2.7942693E-16
   124.3213        7.2028315E-16
   124.4481        1.1676272E-15
   124.5749        1.6032123E-15
   124.7017        2.0078516E-15
   124.8285        2.3621720E-15
   124.9553        2.6474324E-15
   125.0821        2.8463744E-15
   125.2089        2.9440718E-15
   125.3357        2.9287411E-15
   125.4625        2.7924766E-15
   125.5893        2.5318672E-15
   125.7161        2.1484703E-15
   125.8428        1.6490997E-15
   125.9696        1.0459145E-15
   126.0964        3.5628339E-16
   126.2232       -3.9758334E-16
   126.3500       -1.1892307E-15
   126.4768       -1.9887756E-15
   126.6036       -2.7639274E-15
   126.7304       -3.4811735E-15
   126.8572       -4.1070980E-15
   126.9840       -4.6097803E-15
   127.1108       -4.9602216E-15
   127.2376       -5.1337418E-15
   127.3644       -5.1112827E-15
   127.4911       -4.8805581E-15
   127.6179       -4.4369945E-15
   127.7447       -3.7844068E-15
   127.8715       -2.9353668E-15
   127.9983       -1.9112329E-15
   128.1251       -7.4181425E-16
   128.2519        5.3533456E-16
   128.3787        1.8759777E-15
   128.5055        3.2306008E-15
   128.6323        4.5461101E-15
   128.7591        5.7677764E-15
   128.8859        6.8413526E-15
   129.0127        7.7152945E-15
   129.1395        8.3429823E-15
   129.2663        8.6848744E-15
   129.3930        8.7104709E-15
   129.5198        8.4000325E-15
   129.6466        7.7459333E-15
   129.7734        6.7536016E-15
   129.9002        5.4419838E-15
   130.0270        3.8434738E-15
   130.1538        2.0033136E-15
   130.2806       -2.1570783E-17
   130.4074       -2.1642355E-15
   130.5342       -4.3498839E-15
   130.6610       -6.4984236E-15
   130.7878       -8.5273636E-15
   130.9146       -1.0354915E-14
   131.0414       -1.1903213E-14
   131.1681       -1.3101496E-14
   131.2949       -1.3889137E-14
   131.4217       -1.4218395E-14
   131.5485       -1.4056734E-14
   131.6753       -1.3388654E-14
   131.8021       -1.2216891E-14
   131.9289       -1.0562930E-14
   132.0557       -8.4668050E-15
   132.1825       -5.9861529E-15
   132.3093       -3.1945250E-15
   132.4361       -1.7904360E-16
   132.5629        2.9625738E-15
   132.6897        6.1254797E-15
   132.8164        9.2015146E-15
   132.9432        1.2083272E-14
   133.0700        1.4668207E-14
   133.1968        1.6862627E-14
   133.3236        1.8585412E-14
   133.4504        1.9771274E-14
   133.5772        2.0373418E-14
   133.7040        2.0365510E-14
   133.8308        1.9742778E-14
   133.9576        1.8522244E-14
   134.0844        1.6742074E-14
   134.2112        1.4459977E-14
   134.3380        1.1750798E-14
   134.4648        8.7033245E-15
   134.5915        5.4165080E-15
   134.7183        1.9952168E-15
   134.8451       -1.4542985E-15
   134.9719       -4.8289501E-15
   135.0987       -8.0332528E-15
   135.2255       -1.0983356E-14
   135.3523       -1.3610487E-14
   135.4791       -1.5863658E-14
   135.6059       -1.7711434E-14
   135.7327       -1.9142646E-14
   135.8595       -2.0166055E-14
   135.9863       -2.0808831E-14
   136.1131       -2.1113992E-14
   136.2398       -2.1136848E-14
   136.3666       -2.0940592E-14
   136.4934       -2.0591286E-14
   136.6202       -2.0152428E-14
   136.7470       -1.9679432E-14
   136.8738       -1.9214295E-14
   137.0006       -1.8780747E-14
   137.1274       -1.8380254E-14
   137.2542       -1.7989106E-14
   137.3810       -1.7556852E-14
   137.5078       -1.7006326E-14
   137.6346       -1.6235365E-14
   137.7614       -1.5120353E-14
   137.8882       -1.3521459E-14
   138.0149       -1.1289643E-14
   138.1417       -8.2750697E-15
   138.2685       -4.3368066E-15
   138.3953        6.4667032E-16
   138.5221        6.7665028E-15
   138.6489        1.4072583E-14
   138.7757        2.2563247E-14
   138.9025        3.2176122E-14
   139.0293        4.2780700E-14
   139.1561        5.4173141E-14
   139.2829        6.6073801E-14
   139.4097        7.8127927E-14
   139.5365        8.9909749E-14
   139.6632        1.0093033E-13
   139.7900        1.1064903E-13
   139.9168        1.1848871E-13
   140.0436        1.2385435E-13
   140.1704        1.2615458E-13
   140.2972        1.2482575E-13
   140.4240        1.1935778E-13
   140.5508        1.0932079E-13
   140.6776        9.4391841E-14
   140.8044        7.4380552E-14
   140.9312        4.9252476E-14
   141.0580        1.9149355E-14
   141.1848       -1.5595086E-14
   141.3116       -5.4444567E-14
   141.4383       -9.6656041E-14
   141.5651       -1.4128234E-13
   141.6919       -1.8718256E-13
   141.8187       -2.3304001E-13
   141.9455       -2.7738857E-13
   142.0723       -3.1864637E-13
   142.1991       -3.5515707E-13
   142.3259       -3.8523750E-13
   142.4527       -4.0723073E-13
   142.5795       -4.1956345E-13
   142.7063       -4.2080540E-13
   142.8331       -4.0973019E-13
   142.9599       -3.8537430E-13
   143.0867       -3.4709291E-13
   143.2134       -2.9461085E-13
   143.3402       -2.2806485E-13
   143.4670       -1.4803778E-13
   143.5938       -5.5580245E-14
   143.7206        4.7780193E-14
   143.8474        1.6004408E-13
   143.9742        2.7876079E-13
   144.1010        4.0106422E-13
   144.2278        5.2372500E-13
   144.3546        6.4321790E-13
   144.4814        7.5580308E-13
   144.6082        8.5762099E-13
   144.7350        9.4479763E-13
   144.8617        1.0135586E-12
   144.9885        1.0603481E-12
   145.1153        1.0819513E-12
   145.2421        1.0756139E-12
   145.3689        1.0391588E-12
   145.4957        9.7109191E-13
   145.6225        8.7069718E-13
   145.7493        7.3811427E-13
   145.8761        5.7439768E-13
   146.0029        3.8155218E-13
   146.1297        1.6254501E-13
   146.2565       -7.8710787E-14
   146.3833       -3.3739908E-13
   146.5101       -6.0787351E-13
   146.6368       -8.8375769E-13
   146.7636       -1.1580721E-12
   146.8904       -1.4233860E-12
   147.0172       -1.6719920E-12
   147.1440       -1.8960970E-12
   147.2708       -2.0880296E-12
   147.3976       -2.2404533E-12
   147.5244       -2.3465856E-12
   147.6512       -2.4004132E-12
   147.7780       -2.3968987E-12
   147.9048       -2.3321720E-12
   148.0316       -2.2037027E-12
   148.1584       -2.0104435E-12
   148.2851       -1.7529445E-12
   148.4119       -1.4334297E-12
   148.5387       -1.0558353E-12
   148.6655       -6.2580355E-13
   148.7923       -1.5063314E-13
   148.9191        3.6081438E-13
   149.0459        8.9825364E-13
   149.1727        1.4501568E-12
   149.2995        2.0039742E-12
   149.4263        2.5463900E-12
   149.5531        3.0636090E-12
   149.6799        3.5416676E-12
   149.8067        3.9667601E-12
   149.9335        4.3255790E-12
   150.0602        4.6056522E-12
   150.1870        4.7956790E-12
   150.3138        4.8858491E-12
   150.4406        4.8681380E-12
   150.5674        4.7365779E-12
   150.6942        4.4874859E-12
   150.8210        4.1196534E-12
   150.9478        3.6344855E-12
   151.0746        3.0360885E-12
   151.2014        2.3313020E-12
   151.3282        1.5296723E-12
   151.4550        6.4336904E-13
   151.5818       -3.1295702E-13
   151.7085       -1.3223730E-12
   151.8353       -2.3659145E-12
   151.9621       -3.4228887E-12
   152.0889       -4.4712190E-12
   152.2157       -5.4878333E-12
   152.3425       -6.4490826E-12
   152.4693       -7.3311869E-12
   152.5961       -8.1107005E-12
   152.7229       -8.7649905E-12
   152.8497       -9.2727206E-12
   152.9765       -9.6143267E-12
   153.1033       -9.7724901E-12
   153.2301       -9.7325863E-12
   153.3569       -9.4831087E-12
   153.4836       -9.0160631E-12
   153.6104       -8.3273137E-12
   153.7372       -7.4168909E-12
   153.8640       -6.2892395E-12
   153.9908       -4.9534049E-12
   154.1176       -3.4231526E-12
   154.2444       -1.7170177E-12
   154.3712        1.4173503E-13
   154.4980        2.1252251E-12
   154.6248        4.2011728E-12
   154.7516        6.3331987E-12
   154.8784        8.4812313E-12
   155.0052        1.0602006E-11
   155.1319        1.2649671E-11
   155.2587        1.4576489E-11
   155.3855        1.6333636E-11
   155.5123        1.7872093E-11
   155.6391        1.9143614E-11
   155.7659        2.0101774E-11
   155.8927        2.0703076E-11
   156.0195        2.0908081E-11
   156.1463        2.0682586E-11
   156.2731        1.9998780E-11
   156.3999        1.8836384E-11
   156.5267        1.7183715E-11
   156.6535        1.5038691E-11
   156.7803        1.2409696E-11
   156.9070        9.3162891E-12
   157.0338        5.7897485E-12
   157.1606        1.8733734E-12
   157.2874       -2.3774433E-12
   157.4142       -6.8954278E-12
   157.5410       -1.1601931E-11
   157.6678       -1.6407750E-11
   157.7946       -2.1214275E-11
   157.9214       -2.5914961E-11
   158.0482       -3.0397122E-11
   158.1750       -3.4544045E-11
   158.3018       -3.8237351E-11
   158.4286       -4.1359662E-11
   158.5553       -4.3797421E-11
   158.6821       -4.5443881E-11
   158.8089       -4.6202188E-11
   158.9357       -4.5988473E-11
   159.0625       -4.4734879E-11
   159.1893       -4.2392430E-11
   159.3161       -3.8933714E-11
   159.4429       -3.4355175E-11
   159.5697       -2.8679066E-11
   159.6965       -2.1954853E-11
   159.8233       -1.4260113E-11
   159.9501       -5.7007472E-12
   160.0769        3.5894692E-12
   160.2037        1.3450054E-11
