  -4.500000       -1.5573030E-18
  -4.373208       -1.5560552E-18
  -4.246415       -1.5541308E-18
  -4.119622       -1.5519313E-18
  -3.992829       -1.5497175E-18
  -3.866037       -1.5476418E-18
  -3.739244       -1.5457834E-18
  -3.612452       -1.5441792E-18
  -3.485659       -1.5428408E-18
  -3.358866       -1.5417685E-18
  -3.232074       -1.5409534E-18
  -3.105281       -1.5403755E-18
  -2.978488       -1.5400019E-18
  -2.851696       -1.5397860E-18
  -2.724903       -1.5396739E-18
  -2.598110       -1.5396065E-18
  -2.471318       -1.5395321E-18
  -2.344525       -1.5394095E-18
  -2.217732       -1.5392116E-18
  -2.090940       -1.5389241E-18
  -1.964147       -1.5385413E-18
  -1.837354       -1.5380648E-18
  -1.710562       -1.5374973E-18
  -1.583769       -1.5368407E-18
  -1.456976       -1.5360987E-18
  -1.330184       -1.5352748E-18
  -1.203391       -1.5343752E-18
  -1.076598       -1.5334116E-18
 -0.9498057       -1.5323957E-18
 -0.8230131       -1.5313399E-18
 -0.6962205       -1.5302552E-18
 -0.5694278       -1.5291471E-18
 -0.4426351       -1.5280179E-18
 -0.3158425       -1.5268676E-18
 -0.1890498       -1.5256935E-18
 -6.2257171E-02   -1.5244988E-18
  6.4535484E-02   -1.5232899E-18
  0.1913281       -1.5220780E-18
  0.3181208       -1.5208782E-18
  0.4449134       -1.5197059E-18
  0.5717061       -1.5185738E-18
  0.6984987       -1.5174894E-18
  0.8252914       -1.5164544E-18
  0.9520841       -1.5154671E-18
   1.078877       -1.5145226E-18
   1.205669       -1.5136146E-18
   1.332462       -1.5127379E-18
   1.459255       -1.5118891E-18
   1.586047       -1.5110653E-18
   1.712840       -1.5102642E-18
   1.839633       -1.5094804E-18
   1.966425       -1.5087095E-18
   2.093218       -1.5079420E-18
   2.220011       -1.5071717E-18
   2.346803       -1.5063952E-18
   2.473596       -1.5056111E-18
   2.600389       -1.5048243E-18
   2.727181       -1.5040405E-18
   2.853974       -1.5032643E-18
   2.980767       -1.5024980E-18
   3.107559       -1.5017408E-18
   3.234352       -1.5009919E-18
   3.361145       -1.5002458E-18
   3.487937       -1.4994974E-18
   3.614730       -1.4987450E-18
   3.741522       -1.4979903E-18
   3.868315       -1.4972368E-18
   3.995108       -1.4964886E-18
   4.121901       -1.4957489E-18
   4.248693       -1.4950187E-18
   4.375485       -1.4942958E-18
   4.502278       -1.4935740E-18
   4.629071       -1.4928484E-18
   4.755864       -1.4921160E-18
   4.882656       -1.4913731E-18
   5.009449       -1.4906219E-18
   5.136241       -1.4898621E-18
   5.263034       -1.4890936E-18
   5.389827       -1.4883137E-18
   5.516620       -1.4875158E-18
   5.643412       -1.4866947E-18
   5.770205       -1.4858435E-18
   5.896997       -1.4849582E-18
   6.023790       -1.4840395E-18
   6.150583       -1.4830920E-18
   6.277375       -1.4821219E-18
   6.404168       -1.4811376E-18
   6.530961       -1.4801476E-18
   6.657753       -1.4791565E-18
   6.784546       -1.4781683E-18
   6.911339       -1.4771846E-18
   7.038131       -1.4762061E-18
   7.164924       -1.4752359E-18
   7.291717       -1.4742805E-18
   7.418509       -1.4733436E-18
   7.545302       -1.4724312E-18
   7.672095       -1.4715453E-18
   7.798887       -1.4706859E-18
   7.925680       -1.4698482E-18
   8.052472       -1.4690248E-18
   8.179265       -1.4682086E-18
   8.306058       -1.4673921E-18
   8.432851       -1.4665744E-18
   8.559643       -1.4657516E-18
   8.686436       -1.4649244E-18
   8.813229       -1.4640919E-18
   8.940022       -1.4632516E-18
   9.066813       -1.4624001E-18
   9.193606       -1.4615314E-18
   9.320399       -1.4606411E-18
   9.447192       -1.4597281E-18
   9.573984       -1.4587933E-18
   9.700777       -1.4578429E-18
   9.827570       -1.4568849E-18
   9.954362       -1.4559277E-18
   10.08115       -1.4549784E-18
   10.20795       -1.4540433E-18
   10.33474       -1.4531237E-18
   10.46153       -1.4522213E-18
   10.58833       -1.4513368E-18
   10.71512       -1.4504722E-18
   10.84191       -1.4496295E-18
   10.96870       -1.4488156E-18
   11.09550       -1.4480352E-18
   11.22229       -1.4472901E-18
   11.34908       -1.4465811E-18
   11.47587       -1.4459059E-18
   11.60267       -1.4452591E-18
   11.72946       -1.4446372E-18
   11.85625       -1.4440373E-18
   11.98304       -1.4434581E-18
   12.10984       -1.4428997E-18
   12.23663       -1.4423623E-18
   12.36342       -1.4418456E-18
   12.49022       -1.4413466E-18
   12.61701       -1.4408598E-18
   12.74380       -1.4403787E-18
   12.87059       -1.4398945E-18
   12.99739       -1.4394019E-18
   13.12418       -1.4388984E-18
   13.25097       -1.4383821E-18
   13.37776       -1.4378559E-18
   13.50456       -1.4373231E-18
   13.63135       -1.4367842E-18
   13.75814       -1.4362395E-18
   13.88493       -1.4356896E-18
   14.01173       -1.4351337E-18
   14.13852       -1.4345724E-18
   14.26531       -1.4340068E-18
   14.39211       -1.4334410E-18
   14.51890       -1.4328813E-18
   14.64569       -1.4323318E-18
   14.77248       -1.4317955E-18
   14.89928       -1.4312744E-18
   15.02607       -1.4307660E-18
   15.15286       -1.4302688E-18
   15.27965       -1.4297784E-18
   15.40645       -1.4292927E-18
   15.53324       -1.4288116E-18
   15.66003       -1.4283371E-18
   15.78682       -1.4278710E-18
   15.91362       -1.4274138E-18
   16.04041       -1.4269654E-18
   16.16720       -1.4265250E-18
   16.29399       -1.4260885E-18
   16.42079       -1.4256527E-18
   16.54758       -1.4252149E-18
   16.67437       -1.4247727E-18
   16.80116       -1.4243285E-18
   16.92796       -1.4238819E-18
   17.05475       -1.4234363E-18
   17.18154       -1.4229917E-18
   17.30834       -1.4225462E-18
   17.43513       -1.4220980E-18
   17.56192       -1.4216436E-18
   17.68871       -1.4211813E-18
   17.81551       -1.4207112E-18
   17.94230       -1.4202363E-18
   18.06909       -1.4197619E-18
   18.19588       -1.4192933E-18
   18.32268       -1.4188330E-18
   18.44947       -1.4183840E-18
   18.57626       -1.4179433E-18
   18.70305       -1.4175089E-18
   18.82985       -1.4170761E-18
   18.95664       -1.4166395E-18
   19.08343       -1.4161958E-18
   19.21023       -1.4157446E-18
   19.33702       -1.4152864E-18
   19.46381       -1.4148217E-18
   19.59060       -1.4143485E-18
   19.71740       -1.4138651E-18
   19.84419       -1.4133698E-18
   19.97098       -1.4128595E-18
   20.09777       -1.4123345E-18
   20.22457       -1.4117944E-18
   20.35136       -1.4112424E-18
   20.47815       -1.4106826E-18
   20.60494       -1.4101170E-18
   20.73174       -1.4095466E-18
   20.85853       -1.4089701E-18
   20.98532       -1.4083858E-18
   21.11212       -1.4077909E-18
   21.23891       -1.4071835E-18
   21.36570       -1.4065644E-18
   21.49249       -1.4059348E-18
   21.61929       -1.4052996E-18
   21.74608       -1.4046633E-18
   21.87287       -1.4040296E-18
   21.99966       -1.4033998E-18
   22.12646       -1.4027744E-18
   22.25325       -1.4021529E-18
   22.38004       -1.4015321E-18
   22.50683       -1.4009112E-18
   22.63363       -1.4002915E-18
   22.76042       -1.3996729E-18
   22.88721       -1.3990574E-18
   23.01401       -1.3984471E-18
   23.14080       -1.3978398E-18
   23.26759       -1.3972353E-18
   23.39438       -1.3966309E-18
   23.52118       -1.3960221E-18
   23.64797       -1.3954047E-18
   23.77476       -1.3947767E-18
   23.90155       -1.3941374E-18
   24.02835       -1.3934861E-18
   24.15514       -1.3928243E-18
   24.28193       -1.3921510E-18
   24.40872       -1.3914638E-18
   24.53552       -1.3907606E-18
   24.66231       -1.3900401E-18
   24.78910       -1.3893001E-18
   24.91590       -1.3885429E-18
   25.04269       -1.3877723E-18
   25.16948       -1.3869940E-18
   25.29627       -1.3862144E-18
   25.42307       -1.3854377E-18
   25.54986       -1.3846693E-18
   25.67665       -1.3839121E-18
   25.80344       -1.3831662E-18
   25.93024       -1.3824329E-18
   26.05703       -1.3817114E-18
   26.18382       -1.3810017E-18
   26.31061       -1.3803050E-18
   26.43741       -1.3796228E-18
   26.56420       -1.3789553E-18
   26.69099       -1.3782996E-18
   26.81779       -1.3776520E-18
   26.94458       -1.3770084E-18
   27.07137       -1.3763633E-18
   27.19816       -1.3757126E-18
   27.32495       -1.3750550E-18
   27.45175       -1.3743894E-18
   27.57854       -1.3737183E-18
   27.70533       -1.3730425E-18
   27.83213       -1.3723625E-18
   27.95892       -1.3716782E-18
   28.08571       -1.3709866E-18
   28.21250       -1.3702836E-18
   28.33930       -1.3695652E-18
   28.46609       -1.3688283E-18
   28.59288       -1.3680719E-18
   28.71968       -1.3672947E-18
   28.84647       -1.3664990E-18
   28.97326       -1.3656881E-18
   29.10005       -1.3648632E-18
   29.22684       -1.3640276E-18
   29.35364       -1.3631839E-18
   29.48043       -1.3623359E-18
   29.60722       -1.3614859E-18
   29.73402       -1.3606393E-18
   29.86081       -1.3597991E-18
   29.98760       -1.3589689E-18
   30.11439       -1.3581491E-18
   30.24119       -1.3573396E-18
   30.36798       -1.3565353E-18
   30.49477       -1.3557332E-18
   30.62156       -1.3549285E-18
   30.74836       -1.3541176E-18
   30.87515       -1.3533007E-18
   31.00194       -1.3524801E-18
   31.12873       -1.3516605E-18
   31.25553       -1.3508465E-18
   31.38232       -1.3500441E-18
   31.50911       -1.3492552E-18
   31.63591       -1.3484836E-18
   31.76270       -1.3477284E-18
   31.88949       -1.3469864E-18
   32.01628       -1.3462563E-18
   32.14308       -1.3455350E-18
   32.26987       -1.3448196E-18
   32.39666       -1.3441095E-18
   32.52345       -1.3434017E-18
   32.65025       -1.3426954E-18
   32.77704       -1.3419883E-18
   32.90383       -1.3412771E-18
   33.03062       -1.3405623E-18
   33.15742       -1.3398453E-18
   33.28421       -1.3391295E-18
   33.41100       -1.3384179E-18
   33.53780       -1.3377166E-18
   33.66459       -1.3370272E-18
   33.79138       -1.3363510E-18
   33.91817       -1.3356869E-18
   34.04497       -1.3350313E-18
   34.17176       -1.3343797E-18
   34.29855       -1.3337284E-18
   34.42534       -1.3330752E-18
   34.55214       -1.3324186E-18
   34.67893       -1.3317604E-18
   34.80572       -1.3311030E-18
   34.93251       -1.3304487E-18
   35.05931       -1.3297991E-18
   35.18610       -1.3291539E-18
   35.31289       -1.3285132E-18
   35.43969       -1.3278759E-18
   35.56648       -1.3272403E-18
   35.69327       -1.3266080E-18
   35.82006       -1.3259784E-18
   35.94686       -1.3253535E-18
   36.07365       -1.3247335E-18
   36.20044       -1.3241185E-18
   36.32723       -1.3235077E-18
   36.45403       -1.3229012E-18
   36.58082       -1.3222988E-18
   36.70761       -1.3217016E-18
   36.83440       -1.3211102E-18
   36.96120       -1.3205285E-18
   37.08799       -1.3199572E-18
   37.21478       -1.3193976E-18
   37.34158       -1.3188470E-18
   37.46837       -1.3183019E-18
   37.59516       -1.3177569E-18
   37.72195       -1.3172056E-18
   37.84875       -1.3166434E-18
   37.97554       -1.3160695E-18
   38.10233       -1.3154818E-18
   38.22912       -1.3148802E-18
   38.35592       -1.3142674E-18
   38.48271       -1.3136443E-18
   38.60950       -1.3130115E-18
   38.73629       -1.3123690E-18
   38.86309       -1.3117156E-18
   38.98988       -1.3110507E-18
   39.11667       -1.3103745E-18
   39.24347       -1.3096901E-18
   39.37026       -1.3089987E-18
   39.49705       -1.3083050E-18
   39.62384       -1.3076100E-18
   39.75064       -1.3069160E-18
   39.87743       -1.3062209E-18
   40.00422       -1.3055258E-18
   40.13101       -1.3048304E-18
   40.25780       -1.3041344E-18
   40.38460       -1.3034406E-18
   40.51139       -1.3027506E-18
   40.63818       -1.3020673E-18
   40.76498       -1.3013900E-18
   40.89177       -1.3007190E-18
   41.01856       -1.3000539E-18
   41.14536       -1.2993902E-18
   41.27215       -1.2987263E-18
   41.39894       -1.2980609E-18
   41.52573       -1.2973942E-18
   41.65253       -1.2967283E-18
   41.77932       -1.2960652E-18
   41.90611       -1.2954068E-18
   42.03290       -1.2947541E-18
   42.15969       -1.2941062E-18
   42.28649       -1.2934605E-18
   42.41328       -1.2928165E-18
   42.54007       -1.2921712E-18
   42.66687       -1.2915267E-18
   42.79366       -1.2908811E-18
   42.92045       -1.2902382E-18
   43.04725       -1.2895997E-18
   43.17404       -1.2889659E-18
   43.30083       -1.2883381E-18
   43.42762       -1.2877139E-18
   43.55442       -1.2870903E-18
   43.68121       -1.2864654E-18
   43.80800       -1.2858372E-18
   43.93479       -1.2852057E-18
   44.06158       -1.2845722E-18
   44.18838       -1.2839379E-18
   44.31517       -1.2833018E-18
   44.44196       -1.2826653E-18
   44.56876       -1.2820263E-18
   44.69555       -1.2813854E-18
   44.82234       -1.2807426E-18
   44.94913       -1.2800981E-18
   45.07593       -1.2794530E-18
   45.20272       -1.2788112E-18
   45.32951       -1.2781746E-18
   45.45631       -1.2775451E-18
   45.58310       -1.2769226E-18
   45.70989       -1.2763055E-18
   45.83668       -1.2756903E-18
   45.96347       -1.2750745E-18
   46.09027       -1.2744565E-18
   46.21706       -1.2738364E-18
   46.34385       -1.2732156E-18
   46.47065       -1.2725958E-18
   46.59744       -1.2719803E-18
   46.72423       -1.2713695E-18
   46.85102       -1.2707630E-18
   46.97782       -1.2701605E-18
   47.10461       -1.2695597E-18
   47.23140       -1.2689576E-18
   47.35820       -1.2683543E-18
   47.48499       -1.2677491E-18
   47.61178       -1.2671437E-18
   47.73857       -1.2665383E-18
   47.86536       -1.2659350E-18
   47.99216       -1.2653317E-18
   48.11895       -1.2647305E-18
   48.24574       -1.2641299E-18
   48.37254       -1.2635312E-18
   48.49933       -1.2629349E-18
   48.62612       -1.2623445E-18
   48.75291       -1.2617607E-18
   48.87971       -1.2611861E-18
   49.00650       -1.2606196E-18
   49.13329       -1.2600616E-18
   49.26009       -1.2595077E-18
   49.38688       -1.2589552E-18
   49.51367       -1.2584027E-18
   49.64046       -1.2578458E-18
   49.76725       -1.2572843E-18
   49.89405       -1.2567189E-18
   50.02084       -1.2561501E-18
   50.14763       -1.2555807E-18
   50.27443       -1.2550085E-18
   50.40122       -1.2544328E-18
   50.52801       -1.2538531E-18
   50.65480       -1.2532677E-18
   50.78160       -1.2526754E-18
   50.90839       -1.2520775E-18
   51.03518       -1.2514750E-18
   51.16198       -1.2508701E-18
   51.28877       -1.2502633E-18
   51.41556       -1.2496568E-18
   51.54235       -1.2490507E-18
   51.66914       -1.2484429E-18
   51.79594       -1.2478325E-18
   51.92273       -1.2472177E-18
   52.04952       -1.2465986E-18
   52.17632       -1.2459765E-18
   52.30311       -1.2453517E-18
   52.42990       -1.2447261E-18
   52.55669       -1.2440996E-18
   52.68349       -1.2434733E-18
   52.81028       -1.2428479E-18
   52.93707       -1.2422223E-18
   53.06387       -1.2415972E-18
   53.19066       -1.2409719E-18
   53.31745       -1.2403474E-18
   53.44424       -1.2397258E-18
   53.57103       -1.2391061E-18
   53.69783       -1.2384890E-18
   53.82462       -1.2378735E-18
   53.95141       -1.2372591E-18
   54.07821       -1.2366434E-18
   54.20500       -1.2360247E-18
   54.33179       -1.2354015E-18
   54.45858       -1.2347746E-18
   54.58538       -1.2341435E-18
   54.71217       -1.2335115E-18
   54.83896       -1.2328808E-18
   54.96576       -1.2322506E-18
   55.09255       -1.2316242E-18
   55.21934       -1.2309993E-18
   55.34613       -1.2303763E-18
   55.47292       -1.2297562E-18
   55.59972       -1.2291398E-18
   55.72651       -1.2285287E-18
   55.85330       -1.2279279E-18
   55.98009       -1.2273385E-18
   56.10689       -1.2267645E-18
   56.23368       -1.2262064E-18
   56.36047       -1.2256645E-18
   56.48727       -1.2251391E-18
   56.61406       -1.2246276E-18
   56.74085       -1.2241278E-18
   56.86765       -1.2236346E-18
   56.99444       -1.2231464E-18
   57.12123       -1.2226593E-18
   57.24802       -1.2221712E-18
   57.37481       -1.2216787E-18
   57.50161       -1.2211794E-18
   57.62840       -1.2206701E-18
   57.75519       -1.2201505E-18
   57.88198       -1.2196215E-18
   58.00878       -1.2190848E-18
   58.13557       -1.2185433E-18
   58.26236       -1.2179997E-18
   58.38916       -1.2174563E-18
   58.51595       -1.2169146E-18
   58.64274       -1.2163738E-18
   58.76954       -1.2158333E-18
   58.89633       -1.2152915E-18
   59.02312       -1.2147460E-18
   59.14991       -1.2141952E-18
   59.27670       -1.2136387E-18
   59.40350       -1.2130768E-18
   59.53029       -1.2125098E-18
   59.65708       -1.2119390E-18
   59.78387       -1.2113651E-18
   59.91067       -1.2107887E-18
   60.03746       -1.2102098E-18
   60.16425       -1.2096276E-18
   60.29105       -1.2090426E-18
   60.41784       -1.2084546E-18
   60.54463       -1.2078635E-18
   60.67142       -1.2072688E-18
   60.79822       -1.2066696E-18
   60.92501       -1.2060663E-18
   61.05180       -1.2054561E-18
   61.17859       -1.2048407E-18
   61.30539       -1.2042194E-18
   61.43218       -1.2035951E-18
   61.55897       -1.2029687E-18
   61.68576       -1.2023443E-18
   61.81256       -1.2017239E-18
   61.93935       -1.2011113E-18
   62.06614       -1.2005070E-18
   62.19294       -1.1999109E-18
   62.31973       -1.1993223E-18
   62.44652       -1.1987399E-18
   62.57331       -1.1981617E-18
   62.70011       -1.1975870E-18
   62.82690       -1.1970135E-18
   62.95369       -1.1964406E-18
   63.08048       -1.1958682E-18
   63.20728       -1.1952973E-18
   63.33407       -1.1947273E-18
   63.46086       -1.1941582E-18
   63.58765       -1.1935891E-18
   63.71445       -1.1930180E-18
   63.84124       -1.1924451E-18
   63.96803       -1.1918692E-18
   64.09483       -1.1912898E-18
   64.22162       -1.1907076E-18
   64.34841       -1.1901213E-18
   64.47520       -1.1895330E-18
   64.60200       -1.1889436E-18
   64.72879       -1.1883539E-18
   64.85558       -1.1877665E-18
   64.98238       -1.1871829E-18
   65.10917       -1.1866057E-18
   65.23596       -1.1860369E-18
   65.36275       -1.1854782E-18
   65.48955       -1.1849307E-18
   65.61633       -1.1843939E-18
   65.74313       -1.1838661E-18
   65.86992       -1.1833458E-18
   65.99671       -1.1828315E-18
   66.12350       -1.1823234E-18
   66.25030       -1.1818194E-18
   66.37709       -1.1813188E-18
   66.50388       -1.1808217E-18
   66.63068       -1.1803269E-18
   66.75747       -1.1798341E-18
   66.88426       -1.1793417E-18
   67.01105       -1.1788489E-18
   67.13785       -1.1783529E-18
   67.26464       -1.1778523E-18
   67.39143       -1.1773431E-18
   67.51823       -1.1768255E-18
   67.64502       -1.1762983E-18
   67.77181       -1.1757620E-18
   67.89861       -1.1752183E-18
   68.02540       -1.1746684E-18
   68.15219       -1.1741142E-18
   68.27898       -1.1735568E-18
   68.40578       -1.1729970E-18
   68.53257       -1.1724340E-18
   68.65936       -1.1718690E-18
   68.78616       -1.1713018E-18
   68.91295       -1.1707319E-18
   69.03974       -1.1701591E-18
   69.16653       -1.1695825E-18
   69.29333       -1.1690037E-18
   69.42011       -1.1684230E-18
   69.54691       -1.1678403E-18
   69.67370       -1.1672587E-18
   69.80049       -1.1666784E-18
   69.92728       -1.1661019E-18
   70.05408       -1.1655322E-18
   70.18087       -1.1649706E-18
   70.30766       -1.1644167E-18
   70.43446       -1.1638699E-18
   70.56125       -1.1633281E-18
   70.68804       -1.1627890E-18
   70.81483       -1.1622481E-18
   70.94163       -1.1617029E-18
   71.06842       -1.1611522E-18
   71.19521       -1.1605935E-18
   71.32201       -1.1600271E-18
   71.44880       -1.1594553E-18
   71.57559       -1.1588795E-18
   71.70238       -1.1583020E-18
   71.82918       -1.1577251E-18
   71.95597       -1.1571507E-18
   72.08276       -1.1565775E-18
   72.20956       -1.1560065E-18
   72.33635       -1.1554370E-18
   72.46314       -1.1548677E-18
   72.58994       -1.1542982E-18
   72.71673       -1.1537276E-18
   72.84352       -1.1531554E-18
   72.97031       -1.1525814E-18
   73.09711       -1.1520050E-18
   73.22389       -1.1514278E-18
   73.35069       -1.1508495E-18
   73.47748       -1.1502738E-18
   73.60427       -1.1497017E-18
   73.73106       -1.1491360E-18
   73.85786       -1.1485794E-18
   73.98465       -1.1480331E-18
   74.11144       -1.1474977E-18
   74.23824       -1.1469722E-18
   74.36503       -1.1464532E-18
   74.49182       -1.1459403E-18
   74.61861       -1.1454304E-18
   74.74541       -1.1449210E-18
   74.87220       -1.1444091E-18
   74.99899       -1.1438940E-18
   75.12579       -1.1433740E-18
   75.25258       -1.1428497E-18
   75.37937       -1.1423211E-18
   75.50616       -1.1417879E-18
   75.63296       -1.1412517E-18
   75.75975       -1.1407133E-18
   75.88654       -1.1401733E-18
   76.01334       -1.1396351E-18
   76.14013       -1.1390988E-18
   76.26692       -1.1385659E-18
   76.39371       -1.1380363E-18
   76.52051       -1.1375102E-18
   76.64730       -1.1369862E-18
   76.77409       -1.1364645E-18
   76.90089       -1.1359424E-18
   77.02767       -1.1354200E-18
   77.15446       -1.1348972E-18
   77.28126       -1.1343748E-18
   77.40805       -1.1338540E-18
   77.53484       -1.1333365E-18
   77.66164       -1.1328237E-18
   77.78843       -1.1323160E-18
   77.91522       -1.1318137E-18
   78.04202       -1.1313160E-18
   78.16881       -1.1308207E-18
   78.29560       -1.1303246E-18
   78.42239       -1.1298260E-18
   78.54919       -1.1293235E-18
   78.67598       -1.1288155E-18
   78.80277       -1.1283004E-18
   78.92957       -1.1277768E-18
   79.05636       -1.1272451E-18
   79.18315       -1.1267061E-18
   79.30994       -1.1261621E-18
   79.43674       -1.1256139E-18
   79.56353       -1.1250655E-18
   79.69032       -1.1245179E-18
   79.81712       -1.1239730E-18
   79.94391       -1.1234308E-18
   80.07070       -1.1228919E-18
   80.19749       -1.1223546E-18
   80.32429       -1.1218179E-18
   80.45108       -1.1212814E-18
   80.57787       -1.1207422E-18
   80.70466       -1.1201996E-18
   80.83145       -1.1196547E-18
   80.95824       -1.1191101E-18
   81.08504       -1.1185652E-18
   81.21183       -1.1180234E-18
   81.33862       -1.1174854E-18
   81.46542       -1.1169517E-18
   81.59221       -1.1164222E-18
   81.71900       -1.1158960E-18
   81.84579       -1.1153729E-18
   81.97259       -1.1148531E-18
   82.09938       -1.1143343E-18
   82.22617       -1.1138170E-18
   82.35297       -1.1132992E-18
   82.47976       -1.1127796E-18
   82.60655       -1.1122577E-18
   82.73335       -1.1117280E-18
   82.86014       -1.1111907E-18
   82.98693       -1.1106427E-18
   83.11372       -1.1100842E-18
   83.24052       -1.1095143E-18
   83.36731       -1.1089334E-18
   83.49410       -1.1083439E-18
   83.62090       -1.1077458E-18
   83.74769       -1.1071423E-18
   83.87448       -1.1065333E-18
   84.00127       -1.1059215E-18
   84.12807       -1.1053097E-18
   84.25486       -1.1047019E-18
   84.38165       -1.1041003E-18
   84.50844       -1.1035110E-18
   84.63523       -1.1029392E-18
   84.76202       -1.1023878E-18
   84.88882       -1.1018640E-18
   85.01561       -1.1013703E-18
   85.14240       -1.1009099E-18
   85.26920       -1.1004864E-18
   85.39599       -1.1001013E-18
   85.52278       -1.0997553E-18
   85.64957       -1.0994476E-18
   85.77637       -1.0991769E-18
   85.90316       -1.0989371E-18
   86.02995       -1.0987192E-18
   86.15675       -1.0985123E-18
   86.28354       -1.0982995E-18
   86.41033       -1.0980637E-18
   86.53712       -1.0977853E-18
   86.66392       -1.0974450E-18
   86.79071       -1.0970224E-18
   86.91750       -1.0964997E-18
   87.04430       -1.0958622E-18
   87.17109       -1.0950978E-18
   87.29788       -1.0941999E-18
   87.42467       -1.0931673E-18
   87.55147       -1.0920061E-18
   87.67826       -1.0907291E-18
   87.80505       -1.0893567E-18
   87.93185       -1.0879197E-18
   88.05864       -1.0864563E-18
   88.18543       -1.0850113E-18
   88.31222       -1.0836347E-18
   88.43901       -1.0823795E-18
   88.56580       -1.0812990E-18
   88.69260       -1.0804455E-18
   88.81939       -1.0798666E-18
   88.94618       -1.0796037E-18
   89.07298       -1.0796881E-18
   89.19977       -1.0801390E-18
   89.32656       -1.0809579E-18
   89.45335       -1.0821288E-18
   89.58015       -1.0836147E-18
   89.70694       -1.0853570E-18
   89.83373       -1.0872770E-18
   89.96053       -1.0892753E-18
   90.08732       -1.0912380E-18
   90.21411       -1.0930358E-18
   90.34090       -1.0945337E-18
   90.46770       -1.0955941E-18
   90.59449       -1.0960828E-18
   90.72128       -1.0958779E-18
   90.84808       -1.0948737E-18
   90.97487       -1.0929918E-18
   91.10166       -1.0901867E-18
   91.22845       -1.0864531E-18
   91.35525       -1.0818314E-18
   91.48204       -1.0764132E-18
   91.60883       -1.0703386E-18
   91.73563       -1.0637986E-18
   91.86242       -1.0570331E-18
   91.98921       -1.0503196E-18
   92.11600       -1.0439676E-18
   92.24279       -1.0383074E-18
   92.36958       -1.0336739E-18
   92.49638       -1.0303950E-18
   92.62317       -1.0287704E-18
   92.74996       -1.0290553E-18
   92.87675       -1.0314435E-18
   93.00355       -1.0360473E-18
   93.13034       -1.0428853E-18
   93.25713       -1.0518680E-18
   93.38393       -1.0627922E-18
   93.51072       -1.0753351E-18
   93.63751       -1.0890602E-18
   93.76431       -1.1034217E-18
   93.89110       -1.1177811E-18
   94.01789       -1.1314271E-18
   94.14468       -1.1435994E-18
   94.27148       -1.1535235E-18
   94.39827       -1.1604413E-18
   94.52506       -1.1636536E-18
   94.65186       -1.1625589E-18
   94.77865       -1.1566937E-18
   94.90544       -1.1457713E-18
   95.03223       -1.1297159E-18
   95.15903       -1.1086892E-18
   95.28582       -1.0831060E-18
   95.41261       -1.0536455E-18
   95.53941       -1.0212458E-18
   95.66620       -9.8708765E-19
   95.79299       -9.5256692E-19
   95.91978       -9.1924675E-19
   96.04657       -8.8880640E-19
   96.17336       -8.6296796E-19
   96.30016       -8.4342375E-19
   96.42695       -8.3174660E-19
   96.55374       -8.2930864E-19
   96.68053       -8.3718841E-19
   96.80733       -8.5609037E-19
   96.93412       -8.8627315E-19
   97.06091       -9.2749084E-19
   97.18771       -9.7895347E-19
   97.31450       -1.0393063E-18
   97.44129       -1.1066366E-18
   97.56808       -1.1785072E-18
   97.69488       -1.2520157E-18
   97.82167       -1.3238853E-18
   97.94846       -1.3905799E-18
   98.07526       -1.4484463E-18
   98.20205       -1.4938722E-18
   98.32884       -1.5234613E-18
   98.45564       -1.5342150E-18
   98.58243       -1.5237137E-18
   98.70922       -1.4902882E-18
   98.83601       -1.4331705E-18
   98.96281       -1.3526203E-18
   99.08960       -1.2500146E-18
   99.21639       -1.1278905E-18
   99.34319       -9.8994391E-19
   99.46998       -8.4096759E-19
   99.59677       -6.8673646E-19
   99.72356       -5.3383166E-19
   99.85035       -3.8941006E-19
   99.97714       -2.6092632E-19
   100.1039       -1.5581277E-19
   100.2307       -8.1129726E-20
   100.3575       -4.3199201E-20
   100.4843       -4.7242931E-20
   100.6111       -9.7032894E-20
   100.7379       -1.9458195E-19
   100.8647       -3.3988006E-19
   100.9915       -5.3071117E-19
   101.1183       -7.6254560E-19
   101.2451       -1.0285352E-18
   101.3719       -1.3196196E-18
   101.4987       -1.6247370E-18
   101.6255       -1.9311588E-18
   101.7522       -2.2249239E-18
   101.8790       -2.4913756E-18
   102.0058       -2.7157791E-18
   102.1326       -2.8839950E-18
   102.2594       -2.9831948E-18
   102.3862       -3.0025668E-18
   102.5130       -2.9340045E-18
   102.6398       -2.7727218E-18
   102.7666       -2.5177750E-18
   102.8934       -2.1724515E-18
   103.0202       -1.7444923E-18
   103.1470       -1.2461319E-18
   103.2738       -6.9393329E-19
   103.4006       -1.0840309E-19
   103.5273        4.8660880E-19
   103.6541        1.0647171E-18
   103.7809        1.5980011E-18
   103.9077        2.0581571E-18
   104.0345        2.4177751E-18
   104.1613        2.6516819E-18
   104.2881        2.7382964E-18
   104.4149        2.6609366E-18
   104.5417        2.4090140E-18
   104.6685        1.9790482E-18
   104.7953        1.3754344E-18
   104.9221        6.1092014E-19
   105.0489       -2.9327089E-19
   105.1756       -1.3076943E-18
   105.3024       -2.3953409E-18
   105.4292       -3.5127023E-18
   105.5560       -4.6112221E-18
   105.6828       -5.6391036E-18
   105.8096       -6.5434280E-18
   105.9364       -7.2724801E-18
   106.0632       -7.7782382E-18
   106.1900       -8.0188799E-18
   106.3168       -7.9612238E-18
   106.4436       -7.5829657E-18
   106.5704       -6.8746096E-18
   106.6972       -5.8409552E-18
   106.8240       -4.5020521E-18
   106.9507       -2.8935359E-18
   107.0775       -1.0662712E-18
   107.2043        9.1473665E-19
   107.3311        2.9721677E-18
   107.4579        5.0189167E-18
   107.5847        6.9612882E-18
   107.7115        8.7027383E-18
   107.8383        1.0148053E-17
   107.9651        1.1207788E-17
   108.0919        1.1802815E-17
   108.2187        1.1868730E-17
   108.3455        1.1359957E-17
   108.4723        1.0253305E-17
   108.5990        8.5507687E-18
   108.7258        6.2814218E-18
   108.8526        3.5021963E-18
   108.9794        2.9746547E-19
   109.1062       -3.2226512E-18
   109.2330       -6.9252826E-18
   109.3598       -1.0659085E-17
   109.4866       -1.4259661E-17
   109.6134       -1.7555977E-17
   109.7402       -2.0377575E-17
   109.8670       -2.2562286E-17
   109.9938       -2.3964142E-17
   110.1206       -2.4461115E-17
   110.2474       -2.3962392E-17
   110.3741       -2.2414700E-17
   110.5009       -1.9807449E-17
   110.6277       -1.6176291E-17
   110.7545       -1.1604845E-17
   110.8813       -6.2244080E-18
   111.0081       -2.1148127E-19
   111.1349        6.2169104E-18
   111.2617        1.2810032E-17
   111.3885        1.9292228E-17
   111.5153        2.5373458E-17
   111.6421        3.0761146E-17
   111.7689        3.5172980E-17
   111.8957        3.8350088E-17
   112.0224        4.0070032E-17
   112.1492        4.0159020E-17
   112.2760        3.8502736E-17
   112.4028        3.5055233E-17
   112.5296        2.9845295E-17
   112.6564        2.2979910E-17
   112.7832        1.4644439E-17
   112.9100        5.0993290E-18
   113.0368       -5.3267363E-18
   113.1636       -1.6247070E-17
   113.2904       -2.7230498E-17
   113.4172       -3.7817559E-17
   113.5440       -4.7538933E-17
   113.6708       -5.5935343E-17
   113.7975       -6.2578119E-17
   113.9243       -6.7089542E-17
   114.0511       -6.9162047E-17
   114.1779       -6.8575278E-17
   114.3047       -6.5210234E-17
   114.4315       -5.9059604E-17
   114.5583       -5.0233679E-17
   114.6851       -3.8961272E-17
   114.8119       -2.5585418E-17
   114.9387       -1.0553939E-17
   115.0655        5.5953388E-18
   115.1923        2.2253934E-17
   115.3191        3.8766068E-17
   115.4458        5.4455192E-17
   115.5726        6.8652503E-17
   115.6994        8.0726369E-17
   115.8262        9.0111236E-17
   115.9530        9.6334579E-17
   116.0798        9.9040770E-17
   116.2066        9.8010421E-17
   116.3334        9.3174286E-17
   116.4602        8.4620616E-17
   116.5870        7.2595759E-17
   116.7138        5.7497245E-17
   116.8406        3.9859739E-17
   116.9674        2.0334351E-17
   117.0942       -3.3833654E-19
   117.2209       -2.1359916E-17
   117.3477       -4.1909420E-17
   117.4745       -6.1180601E-17
   117.6013       -7.8418992E-17
   117.7281       -9.2957512E-17
   117.8549       -1.0424835E-16
   117.9817       -1.1188932E-16
   118.1085       -1.1564349E-16
   118.2353       -1.1545056E-16
   118.3621       -1.1142930E-16
   118.4889       -1.0387047E-16
   118.6157       -9.3220462E-17
   118.7425       -8.0056201E-17
   118.8692       -6.5052197E-17
   118.9960       -4.8941663E-17
   119.1228       -3.2473506E-17
   119.2496       -1.6367371E-17
   119.3764       -1.2696060E-18
   119.5032        1.2287210E-17
   119.6300        2.3919160E-17
   119.7568        3.3417058E-17
   119.8836        4.0761932E-17
   120.0104        4.6128792E-17
   120.1372        4.9877012E-17
   120.2640        5.2527325E-17
   120.3908        5.4725952E-17
   120.5176        5.7197356E-17
   120.6443        6.0686787E-17
   120.7711        6.5896741E-17
   120.8979        7.3419724E-17
   121.0247        8.3671920E-17
   121.1515        9.6831278E-17
   121.2783        1.1278531E-16
   121.4051        1.3109238E-16
   121.5319        1.5095973E-16
   121.6587        1.7124275E-16
   121.7855        1.9046673E-16
   121.9123        2.0687259E-16
   122.0391        2.1848757E-16
   122.1659        2.2321846E-16
   122.2927        2.1896434E-16
   122.4194        2.0374692E-16
   122.5462        1.7585033E-16
   122.6730        1.3396510E-16
   122.7998        7.7328702E-17
   122.9266        5.8549759E-18
   123.0534       -7.9756755E-17
   123.1802       -1.7794147E-16
   123.3070       -2.8622239E-16
   123.4338       -4.0120803E-16
   123.5606       -5.1863616E-16
   123.6874       -6.3346878E-16
   123.8142       -7.4003665E-16
   123.9410       -8.3223528E-16
   124.0677       -9.0376457E-16
   124.1945       -9.4840818E-16
   124.3213       -9.6034171E-16
   124.4481       -9.3445702E-16
   124.5749       -8.6668999E-16
   124.7017       -7.5433747E-16
   124.8285       -5.9634407E-16
   124.9553       -3.9354517E-16
   125.0821       -1.4884866E-16
   125.2089        1.3266021E-16
   125.3357        4.4369926E-16
   125.4625        7.7486908E-16
   125.5893        1.1148365E-15
   125.7161        1.4506204E-15
   125.8428        1.7679833E-15
   125.9696        2.0519155E-15
   126.0964        2.2872001E-15
   126.2232        2.4590400E-15
   126.3500        2.5537309E-15
   126.4768        2.5593454E-15
   126.6036        2.4664094E-15
   126.7304        2.2685317E-15
   126.8572        1.9629610E-15
   126.9840        1.5510378E-15
   127.1108        1.0385153E-15
   127.2376        4.3571875E-16
   127.3644       -2.4246567E-16
   127.4911       -9.7679903E-16
   127.6179       -1.7440908E-15
   127.7447       -2.5177997E-15
   127.8715       -3.2688160E-15
   127.9983       -3.9664130E-15
   128.1251       -4.5793426E-15
   128.2519       -5.0770278E-15
   128.3787       -5.4308305E-15
   128.5055       -5.6153261E-15
   128.6323       -5.6095490E-15
   128.7591       -5.3981528E-15
   128.8859       -4.9724192E-15
   129.0127       -4.3310899E-15
   129.1395       -3.4809478E-15
   129.2663       -2.4371336E-15
   129.3930       -1.2231476E-15
   129.5198        1.2947220E-16
   129.6466        1.5818060E-15
   129.7734        3.0885339E-15
   129.9002        4.5992322E-15
   130.0270        6.0599350E-15
   130.1538        7.4149340E-15
   130.2806        8.6087457E-15
   130.4074        9.5881902E-15
   130.5342        1.0304488E-14
   130.6610        1.0715317E-14
   130.7878        1.0786718E-14
   130.9146        1.0494809E-14
   131.0414        9.8272009E-15
   131.1681        8.7840493E-15
   131.2949        7.3786954E-15
   131.4217        5.6378428E-15
   131.5485        3.6012745E-15
   131.6753        1.3210357E-15
   131.8021       -1.1398341E-15
   131.9289       -3.7090302E-15
   132.0557       -6.3071170E-15
   132.1825       -8.8500120E-15
   132.3093       -1.1251705E-14
   132.4361       -1.3427154E-14
   132.5629       -1.5295240E-14
   132.6897       -1.6781669E-14
   132.8164       -1.7821717E-14
   132.9432       -1.8362715E-14
   133.0700       -1.8366161E-14
   133.1968       -1.7809413E-14
   133.3236       -1.6686822E-14
   133.4504       -1.5010339E-14
   133.5772       -1.2809505E-14
   133.7040       -1.0130826E-14
   133.8308       -7.0366030E-15
   133.9576       -3.6031875E-15
   134.0844        8.1250927E-17
   134.2112        3.9193121E-15
   134.3380        7.8073161E-15
   134.4648        1.1638412E-14
   134.5915        1.5305765E-14
   134.7183        1.8705715E-14
   134.8451        2.1740751E-14
   134.9719        2.4322260E-14
   135.0987        2.6372899E-14
   135.2255        2.7828553E-14
   135.3523        2.8639756E-14
   135.4791        2.8772672E-14
   135.6059        2.8209480E-14
   135.7327        2.6948296E-14
   135.8595        2.5002637E-14
   135.9863        2.2400440E-14
   136.1131        1.9182813E-14
   136.2398        1.5402508E-14
   136.3666        1.1122302E-14
   136.4934        6.4133587E-15
   136.6202        1.3536310E-15
   136.7470       -3.9735692E-15
   136.8738       -9.4807627E-15
   137.0006       -1.5077236E-14
   137.1274       -2.0669703E-14
   137.2542       -2.6162623E-14
   137.3810       -3.1458353E-14
   137.5078       -3.6456996E-14
   137.6346       -4.1056293E-14
   137.7614       -4.5151430E-14
   137.8882       -4.8635039E-14
   138.0149       -5.1397444E-14
   138.1417       -5.3327294E-14
   138.2685       -5.4312884E-14
   138.3953       -5.4243939E-14
   138.5221       -5.3014244E-14
   138.6489       -5.0525027E-14
   138.7757       -4.6689093E-14
   138.9025       -4.1435700E-14
   139.0293       -3.4716011E-14
   139.1561       -2.6508989E-14
   139.2829       -1.6827500E-14
   139.4097       -5.7243791E-15
   139.5365        6.7018725E-15
   139.6632        2.0302065E-14
   139.7900        3.4872485E-14
   139.9168        5.0152346E-14
   140.0436        6.5823269E-14
   140.1704        8.1510638E-14
   140.2972        9.6787453E-14
   140.4240        1.1118091E-13
   140.5508        1.2418147E-13
   140.6776        1.3525474E-13
   140.8044        1.4385605E-13
   140.9312        1.4944719E-13
   141.0580        1.5151537E-13
   141.1848        1.4959374E-13
   141.3116        1.4328275E-13
   141.4383        1.3227189E-13
   141.5651        1.1636087E-13
   141.6919        9.5479268E-14
   141.8187        6.9704049E-14
   141.9455        3.9273984E-14
   142.0723        4.5997209E-15
   142.1991       -3.3730719E-14
   142.3259       -7.4952062E-14
   142.4527       -1.1812812E-13
   142.5795       -1.6216444E-13
   142.7063       -2.0582792E-13
   142.8331       -2.4777272E-13
   142.9599       -2.8657293E-13
   143.0867       -3.2076067E-13
   143.2134       -3.4886926E-13
   143.3402       -3.6948092E-13
   143.4670       -3.8127609E-13
   143.5938       -3.8308530E-13
   143.7206       -3.7393949E-13
   143.8474       -3.5311901E-13
   143.9742       -3.2019821E-13
   144.1010       -2.7508464E-13
   144.2278       -2.1805020E-13
   144.3546       -1.4975383E-13
   144.4814       -7.1252927E-14
   144.6082        1.5996549E-14
   144.7350        1.1015289E-13
   144.8617        2.0901492E-13
   144.9885        3.1006109E-13
   145.1153        4.1050228E-13
   145.2421        5.0734617E-13
   145.3689        5.9747362E-13
   145.4957        6.7772366E-13
   145.6225        7.4498643E-13
   145.7493        7.9630150E-13
   145.8761        8.2895724E-13
   146.0029        8.4059127E-13
   146.1297        8.2928586E-13
   146.2565        7.9365551E-13
   146.3833        7.3292723E-13
   146.5101        6.4700410E-13
   146.6368        5.3651582E-13
   146.7636        4.0284876E-13
   146.8904        2.4815507E-13
   147.0172        7.5342253E-14
   147.1440       -1.1196370E-13
   147.2708       -3.0947678E-13
   147.3976       -5.1233247E-13
   147.5244       -7.1519234E-13
   147.6512       -9.1236719E-13
   147.7780       -1.0979592E-12
   147.9048       -1.2660180E-12
   148.0316       -1.4107062E-12
   148.1584       -1.5264746E-12
   148.2851       -1.6082344E-12
   148.4119       -1.6515303E-12
   148.5387       -1.6527039E-12
   148.6655       -1.6090428E-12
   148.7923       -1.5189113E-12
   148.9191       -1.3818597E-12
   149.0459       -1.1987048E-12
   149.1727       -9.7157883E-13
   149.2995       -7.0394553E-13
   149.4263       -4.0057877E-13
   149.5531       -6.7504630E-14
   149.6799        2.8809534E-13
   149.8067        6.5801520E-13
   149.9335        1.0331943E-12
   150.0602        1.4039163E-12
   150.1870        1.7600376E-12
   150.3138        2.0912386E-12
   150.4406        2.3872922E-12
   150.5674        2.6383409E-12
   150.6942        2.8351826E-12
   150.8210        2.9695513E-12
   150.9478        3.0343822E-12
   151.0746        3.0240641E-12
   151.2014        2.9346588E-12
   151.3282        2.7640910E-12
   151.4550        2.5123009E-12
   151.5818        2.1813408E-12
   151.7085        1.7754318E-12
   151.8353        1.3009587E-12
   151.9621        7.6640858E-13
   152.0889        1.8225906E-13
   152.2157       -4.3919886E-13
   152.3425       -1.0840897E-12
   152.4693       -1.7372317E-12
   152.5961       -2.3824647E-12
   152.7229       -3.0030154E-12
   152.8497       -3.5818967E-12
   152.9765       -4.1023283E-12
   153.1033       -4.5481691E-12
   153.2301       -4.9043582E-12
   153.3569       -5.1573403E-12
   153.4836       -5.2954780E-12
   153.6104       -5.3094291E-12
   153.7372       -5.1924836E-12
   153.8640       -4.9408594E-12
   153.9908       -4.5539184E-12
   154.1176       -4.0343284E-12
   154.2444       -3.3881513E-12
   154.3712       -2.6248450E-12
   154.4980       -1.7571826E-12
   154.6248       -8.0108923E-13
   154.7516        2.2459972E-13
   154.8784        1.2984693E-12
   155.0052        2.3969223E-12
   155.1319        3.4946551E-12
   155.2587        4.5651811E-12
   155.3855        5.5814181E-12
   155.5123        6.5163031E-12
   155.6391        7.3434358E-12
   155.7659        8.0377276E-12
   155.8927        8.5760574E-12
   156.0195        8.9378964E-12
   156.1463        9.1058966E-12
   156.2731        9.0664464E-12
   156.3999        8.8101488E-12
   156.5267        8.3322195E-12
   156.6535        7.6328171E-12
   156.7803        6.7172379E-12
   156.9070        5.5960475E-12
   157.0338        4.2850558E-12
   157.1606        2.8052172E-12
   157.2874        1.1823618E-12
   157.4142       -5.5314374E-13
   157.5410       -2.3668732E-12
   157.6678       -4.2209456E-12
   157.7946       -6.0746941E-12
   157.9214       -7.8854510E-12
   158.0482       -9.6094157E-12
   158.1750       -1.1202564E-11
   158.3018       -1.2621608E-11
   158.4286       -1.3825016E-11
   158.5553       -1.4773989E-11
   158.6821       -1.5433465E-11
   158.8089       -1.5773084E-11
   158.9357       -1.5768078E-11
   159.0625       -1.5400108E-11
   159.1893       -1.4658007E-11
   159.3161       -1.3538384E-11
   159.4429       -1.2046104E-11
   159.5697       -1.0194626E-11
   159.6965       -8.0061964E-12
   159.8233       -5.5118059E-12
   159.9501       -2.7510151E-12
   160.0769        2.2845902E-13
   160.2037        3.3713069E-12
