  -4.500000        1.6785646E-18
  -4.373208        1.6785765E-18
  -4.246415        1.6785994E-18
  -4.119622        1.6786311E-18
  -3.992829        1.6786679E-18
  -3.866037        1.6787063E-18
  -3.739244        1.6787437E-18
  -3.612452        1.6787760E-18
  -3.485659        1.6788015E-18
  -3.358866        1.6788195E-18
  -3.232074        1.6788298E-18
  -3.105281        1.6788337E-18
  -2.978488        1.6788337E-18
  -2.851696        1.6788324E-18
  -2.724903        1.6788333E-18
  -2.598110        1.6788385E-18
  -2.471318        1.6788506E-18
  -2.344525        1.6788706E-18
  -2.217732        1.6788986E-18
  -2.090940        1.6789333E-18
  -1.964147        1.6789738E-18
  -1.837354        1.6790171E-18
  -1.710562        1.6790599E-18
  -1.583769        1.6790989E-18
  -1.456976        1.6791314E-18
  -1.330184        1.6791557E-18
  -1.203391        1.6791705E-18
  -1.076598        1.6791773E-18
 -0.9498057        1.6791766E-18
 -0.8230131        1.6791709E-18
 -0.6962205        1.6791625E-18
 -0.5694278        1.6791553E-18
 -0.4426351        1.6791519E-18
 -0.3158425        1.6791553E-18
 -0.1890498        1.6791662E-18
 -6.2257171E-02    1.6791858E-18
  6.4535484E-02    1.6792128E-18
  0.1913281        1.6792458E-18
  0.3181208        1.6792824E-18
  0.4449134        1.6793200E-18
  0.5717061        1.6793556E-18
  0.6984987        1.6793864E-18
  0.8252914        1.6794120E-18
  0.9520841        1.6794301E-18
   1.078877        1.6794413E-18
   1.205669        1.6794462E-18
   1.332462        1.6794465E-18
   1.459255        1.6794453E-18
   1.586047        1.6794437E-18
   1.712840        1.6794454E-18
   1.839633        1.6794521E-18
   1.966425        1.6794648E-18
   2.093218        1.6794845E-18
   2.220011        1.6795103E-18
   2.346803        1.6795418E-18
   2.473596        1.6795774E-18
   2.600389        1.6796140E-18
   2.727181        1.6796497E-18
   2.853974        1.6796824E-18
   2.980767        1.6797099E-18
   3.107559        1.6797314E-18
   3.234352        1.6797463E-18
   3.361145        1.6797542E-18
   3.487937        1.6797560E-18
   3.614730        1.6797540E-18
   3.741522        1.6797501E-18
   3.868315        1.6797464E-18
   3.995108        1.6797456E-18
   4.121901        1.6797495E-18
   4.248693        1.6797592E-18
   4.375485        1.6797749E-18
   4.502278        1.6797965E-18
   4.629071        1.6798228E-18
   4.755864        1.6798511E-18
   4.882656        1.6798804E-18
   5.009449        1.6799079E-18
   5.136241        1.6799305E-18
   5.263034        1.6799477E-18
   5.389827        1.6799575E-18
   5.516620        1.6799602E-18
   5.643412        1.6799556E-18
   5.770205        1.6799459E-18
   5.896997        1.6799332E-18
   6.023790        1.6799195E-18
   6.150583        1.6799075E-18
   6.277375        1.6798986E-18
   6.404168        1.6798940E-18
   6.530961        1.6798957E-18
   6.657753        1.6799029E-18
   6.784546        1.6799146E-18
   6.911339        1.6799300E-18
   7.038131        1.6799463E-18
   7.164924        1.6799619E-18
   7.291717        1.6799748E-18
   7.418509        1.6799836E-18
   7.545302        1.6799865E-18
   7.672095        1.6799841E-18
   7.798887        1.6799767E-18
   7.925680        1.6799654E-18
   8.052472        1.6799526E-18
   8.179265        1.6799398E-18
   8.306058        1.6799292E-18
   8.432851        1.6799220E-18
   8.559643        1.6799195E-18
   8.686436        1.6799218E-18
   8.813229        1.6799287E-18
   8.940022        1.6799396E-18
   9.066813        1.6799536E-18
   9.193606        1.6799691E-18
   9.320399        1.6799843E-18
   9.447192        1.6799978E-18
   9.573984        1.6800087E-18
   9.700777        1.6800151E-18
   9.827570        1.6800170E-18
   9.954362        1.6800145E-18
   10.08115        1.6800075E-18
   10.20795        1.6799980E-18
   10.33474        1.6799881E-18
   10.46153        1.6799788E-18
   10.58833        1.6799721E-18
   10.71512        1.6799697E-18
   10.84191        1.6799722E-18
   10.96870        1.6799804E-18
   11.09550        1.6799934E-18
   11.22229        1.6800116E-18
   11.34908        1.6800317E-18
   11.47587        1.6800530E-18
   11.60267        1.6800731E-18
   11.72946        1.6800895E-18
   11.85625        1.6801017E-18
   11.98304        1.6801085E-18
   12.10984        1.6801102E-18
   12.23663        1.6801066E-18
   12.36342        1.6800994E-18
   12.49022        1.6800889E-18
   12.61701        1.6800780E-18
   12.74380        1.6800681E-18
   12.87059        1.6800616E-18
   12.99739        1.6800586E-18
   13.12418        1.6800607E-18
   13.25097        1.6800670E-18
   13.37776        1.6800774E-18
   13.50456        1.6800901E-18
   13.63135        1.6801038E-18
   13.75814        1.6801167E-18
   13.88493        1.6801275E-18
   14.01173        1.6801343E-18
   14.13852        1.6801360E-18
   14.26531        1.6801317E-18
   14.39211        1.6801220E-18
   14.51890        1.6801072E-18
   14.64569        1.6800880E-18
   14.77248        1.6800664E-18
   14.89928        1.6800448E-18
   15.02607        1.6800251E-18
   15.15286        1.6800093E-18
   15.27965        1.6799995E-18
   15.40645        1.6799958E-18
   15.53324        1.6799984E-18
   15.66003        1.6800074E-18
   15.78682        1.6800195E-18
   15.91362        1.6800340E-18
   16.04041        1.6800482E-18
   16.16720        1.6800593E-18
   16.29399        1.6800652E-18
   16.42079        1.6800643E-18
   16.54758        1.6800559E-18
   16.67437        1.6800412E-18
   16.80116        1.6800207E-18
   16.92796        1.6799973E-18
   17.05475        1.6799740E-18
   17.18154        1.6799533E-18
   17.30834        1.6799385E-18
   17.43513        1.6799310E-18
   17.56192        1.6799327E-18
   17.68871        1.6799426E-18
   17.81551        1.6799595E-18
   17.94230        1.6799808E-18
   18.06909        1.6800032E-18
   18.19588        1.6800242E-18
   18.32268        1.6800407E-18
   18.44947        1.6800508E-18
   18.57626        1.6800529E-18
   18.70305        1.6800471E-18
   18.82985        1.6800358E-18
   18.95664        1.6800184E-18
   19.08343        1.6799986E-18
   19.21023        1.6799787E-18
   19.33702        1.6799611E-18
   19.46381        1.6799484E-18
   19.59060        1.6799424E-18
   19.71740        1.6799440E-18
   19.84419        1.6799521E-18
   19.97098        1.6799664E-18
   20.09777        1.6799838E-18
   20.22457        1.6800028E-18
   20.35136        1.6800210E-18
   20.47815        1.6800349E-18
   20.60494        1.6800429E-18
   20.73174        1.6800443E-18
   20.85853        1.6800384E-18
   20.98532        1.6800262E-18
   21.11212        1.6800099E-18
   21.23891        1.6799926E-18
   21.36570        1.6799761E-18
   21.49249        1.6799637E-18
   21.61929        1.6799576E-18
   21.74608        1.6799597E-18
   21.87287        1.6799708E-18
   21.99966        1.6799908E-18
   22.12646        1.6800177E-18
   22.25325        1.6800482E-18
   22.38004        1.6800792E-18
   22.50683        1.6801070E-18
   22.63363        1.6801279E-18
   22.76042        1.6801393E-18
   22.88721        1.6801407E-18
   23.01401        1.6801320E-18
   23.14080        1.6801150E-18
   23.26759        1.6800923E-18
   23.39438        1.6800680E-18
   23.52118        1.6800451E-18
   23.64797        1.6800276E-18
   23.77476        1.6800176E-18
   23.90155        1.6800159E-18
   24.02835        1.6800236E-18
   24.15514        1.6800387E-18
   24.28193        1.6800599E-18
   24.40872        1.6800832E-18
   24.53552        1.6801053E-18
   24.66231        1.6801228E-18
   24.78910        1.6801344E-18
   24.91590        1.6801368E-18
   25.04269        1.6801303E-18
   25.16948        1.6801151E-18
   25.29627        1.6800944E-18
   25.42307        1.6800702E-18
   25.54986        1.6800464E-18
   25.67665        1.6800258E-18
   25.80344        1.6800117E-18
   25.93024        1.6800055E-18
   26.05703        1.6800078E-18
   26.18382        1.6800173E-18
   26.31061        1.6800330E-18
   26.43741        1.6800521E-18
   26.56420        1.6800720E-18
   26.69099        1.6800890E-18
   26.81779        1.6801000E-18
   26.94458        1.6801041E-18
   27.07137        1.6801007E-18
   27.19816        1.6800897E-18
   27.32495        1.6800732E-18
   27.45175        1.6800526E-18
   27.57854        1.6800312E-18
   27.70533        1.6800110E-18
   27.83213        1.6799946E-18
   27.95892        1.6799840E-18
   28.08571        1.6799804E-18
   28.21250        1.6799836E-18
   28.33930        1.6799922E-18
   28.46609        1.6800049E-18
   28.59288        1.6800186E-18
   28.71968        1.6800317E-18
   28.84647        1.6800426E-18
   28.97326        1.6800493E-18
   29.10005        1.6800506E-18
   29.22684        1.6800465E-18
   29.35364        1.6800382E-18
   29.48043        1.6800267E-18
   29.60722        1.6800125E-18
   29.73402        1.6799975E-18
   29.86081        1.6799829E-18
   29.98760        1.6799695E-18
   30.11439        1.6799594E-18
   30.24119        1.6799528E-18
   30.36798        1.6799502E-18
   30.49477        1.6799506E-18
   30.62156        1.6799538E-18
   30.74836        1.6799579E-18
   30.87515        1.6799619E-18
   31.00194        1.6799647E-18
   31.12873        1.6799649E-18
   31.25553        1.6799624E-18
   31.38232        1.6799564E-18
   31.50911        1.6799477E-18
   31.63591        1.6799367E-18
   31.76270        1.6799248E-18
   31.88949        1.6799131E-18
   32.01628        1.6799024E-18
   32.14308        1.6798940E-18
   32.26987        1.6798881E-18
   32.39666        1.6798858E-18
   32.52345        1.6798872E-18
   32.65025        1.6798925E-18
   32.77704        1.6799010E-18
   32.90383        1.6799115E-18
   33.03062        1.6799231E-18
   33.15742        1.6799352E-18
   33.28421        1.6799469E-18
   33.41100        1.6799582E-18
   33.53780        1.6799688E-18
   33.66459        1.6799791E-18
   33.79138        1.6799901E-18
   33.91817        1.6800020E-18
   34.04497        1.6800153E-18
   34.17176        1.6800302E-18
   34.29855        1.6800462E-18
   34.42534        1.6800636E-18
   34.55214        1.6800801E-18
   34.67893        1.6800963E-18
   34.80572        1.6801110E-18
   34.93251        1.6801234E-18
   35.05931        1.6801335E-18
   35.18610        1.6801411E-18
   35.31289        1.6801465E-18
   35.43969        1.6801497E-18
   35.56648        1.6801510E-18
   35.69327        1.6801505E-18
   35.82006        1.6801474E-18
   35.94686        1.6801412E-18
   36.07365        1.6801300E-18
   36.20044        1.6801131E-18
   36.32723        1.6800900E-18
   36.45403        1.6800602E-18
   36.58082        1.6800227E-18
   36.70761        1.6799789E-18
   36.83440        1.6799291E-18
   36.96120        1.6798757E-18
   37.08799        1.6798219E-18
   37.21478        1.6797720E-18
   37.34158        1.6797291E-18
   37.46837        1.6796980E-18
   37.59516        1.6796807E-18
   37.72195        1.6796796E-18
   37.84875        1.6796965E-18
   37.97554        1.6797326E-18
   38.10233        1.6797887E-18
   38.22912        1.6798652E-18
   38.35592        1.6799633E-18
   38.48271        1.6800839E-18
   38.60950        1.6802293E-18
   38.73629        1.6804006E-18
   38.86309        1.6805996E-18
   38.98988        1.6808264E-18
   39.11667        1.6810815E-18
   39.24347        1.6813627E-18
   39.37026        1.6816676E-18
   39.49705        1.6819915E-18
   39.62384        1.6823292E-18
   39.75064        1.6826728E-18
   39.87743        1.6830136E-18
   40.00422        1.6833425E-18
   40.13101        1.6836495E-18
   40.25780        1.6839261E-18
   40.38460        1.6841635E-18
   40.51139        1.6843576E-18
   40.63818        1.6845044E-18
   40.76498        1.6846045E-18
   40.89177        1.6846640E-18
   41.01856        1.6846914E-18
   41.14536        1.6847020E-18
   41.27215        1.6847162E-18
   41.39894        1.6847599E-18
   41.52573        1.6848642E-18
   41.65253        1.6850642E-18
   41.77932        1.6853990E-18
   41.90611        1.6859090E-18
   42.03290        1.6866351E-18
   42.15969        1.6876152E-18
   42.28649        1.6888836E-18
   42.41328        1.6904638E-18
   42.54007        1.6923696E-18
   42.66687        1.6945999E-18
   42.79366        1.6971384E-18
   42.92045        1.6999499E-18
   43.04725        1.7029786E-18
   43.17404        1.7061465E-18
   43.30083        1.7093547E-18
   43.42762        1.7124826E-18
   43.55442        1.7153907E-18
   43.68121        1.7179242E-18
   43.80800        1.7199184E-18
   43.93479        1.7212033E-18
   44.06158        1.7216148E-18
   44.18838        1.7210019E-18
   44.31517        1.7192395E-18
   44.44196        1.7162385E-18
   44.56876        1.7119570E-18
   44.69555        1.7064151E-18
   44.82234        1.6997048E-18
   44.94913        1.6919977E-18
   45.07593        1.6835552E-18
   45.20272        1.6747309E-18
   45.32951        1.6659699E-18
   45.45631        1.6578025E-18
   45.58310        1.6508341E-18
   45.70989        1.6457266E-18
   45.83668        1.6431725E-18
   45.96347        1.6438653E-18
   46.09027        1.6484615E-18
   46.21706        1.6575413E-18
   46.34385        1.6715581E-18
   46.47065        1.6907945E-18
   46.59744        1.7153113E-18
   46.72423        1.7449067E-18
   46.85102        1.7790719E-18
   46.97782        1.8169653E-18
   47.10461        1.8573880E-18
   47.23140        1.8987857E-18
   47.35820        1.9392584E-18
   47.48499        1.9765987E-18
   47.61178        2.0083476E-18
   47.73857        2.0318751E-18
   47.86536        2.0444859E-18
   47.99216        2.0435478E-18
   48.11895        2.0266380E-18
   48.24574        1.9917095E-18
   48.37254        1.9372646E-18
   48.49933        1.8625328E-18
   48.62612        1.7676465E-18
   48.75291        1.6537954E-18
   48.87971        1.5233597E-18
   49.00650        1.3800011E-18
   49.13329        1.2287074E-18
   49.26009        1.0757732E-18
   49.38688        9.2871011E-19
   49.51367        7.9608012E-19
   49.64046        6.8724316E-19
   49.76725        6.1202049E-19
   49.89405        5.8027356E-19
   50.02084        6.0141164E-19
   50.14763        6.8383192E-19
   50.27443        8.3431758E-19
   50.40122        1.0574144E-18
   50.52801        1.3548141E-18
   50.65480        1.7247771E-18
   50.78160        2.1616326E-18
   50.90839        2.6553945E-18
   51.03518        3.1915287E-18
   51.16198        3.7509125E-18
   51.28877        4.3100171E-18
   51.41556        4.8413483E-18
   51.54235        5.3141528E-18
   51.66914        5.6954078E-18
   51.79594        5.9510905E-18
   51.92273        6.0477011E-18
   52.04952        5.9540105E-18
   52.17632        5.6429765E-18
   52.30311        5.0937633E-18
   52.42990        4.2937792E-18
   52.55669        3.2406238E-18
   52.68349        1.9438488E-18
   52.81028        4.2640302E-19
   52.93707       -1.2743575E-18
   53.06387       -3.1062061E-18
   53.19066       -5.0022465E-18
   53.31745       -6.8818639E-18
   53.44424       -8.6524986E-18
   53.57103       -1.0212277E-17
   53.69783       -1.1453506E-17
   53.82462       -1.2266983E-17
   53.95141       -1.2547039E-17
   54.07821       -1.2197174E-17
   54.20500       -1.1136096E-17
   54.33179       -9.3039356E-18
   54.45858       -6.6683467E-18
   54.58538       -3.2301903E-18
   54.71217        9.7154441E-19
   54.83896        5.8559300E-18
   54.96576        1.1297747E-17
   55.09255        1.7126902E-17
   55.21934        2.3129930E-17
   55.34613        2.9053776E-17
   55.47292        3.4612000E-17
   55.59972        3.9493487E-17
   55.72651        4.3373536E-17
   55.85330        4.5927208E-17
   55.98009        4.6844525E-17
   56.10689        4.5847124E-17
   56.23368        4.2705724E-17
   56.36047        3.7257707E-17
   56.48727        2.9424002E-17
   56.61406        1.9224339E-17
   56.74085        6.7899700E-18
   56.86765       -7.6271007E-18
   56.99444       -2.3649299E-17
   57.12123       -4.0773853E-17
   57.24802       -5.8379079E-17
   57.37481       -7.5737008E-17
   57.50161       -9.2032644E-17
   57.62840       -1.0638978E-16
   57.75519       -1.1790307E-16
   57.88198       -1.2567555E-16
   58.00878       -1.2886070E-16
   58.13557       -1.2670761E-16
   58.26236       -1.1860752E-16
   58.38916       -1.0413974E-16
   58.51595       -8.3114856E-17
   58.64274       -5.5612709E-17
   58.76954       -2.2012846E-17
   58.89633        1.6984849E-17
   59.02312        6.0351627E-17
   59.14991        1.0673526E-16
   59.27670        1.5448072E-16
   59.40350        2.0166724E-16
   59.53029        2.4616175E-16
   59.65708        2.8568852E-16
   59.78387        3.1791346E-16
   59.91067        3.4054128E-16
   60.03746        3.5142219E-16
   60.16425        3.4866475E-16
   60.29105        3.3075040E-16
   60.41784        2.9664436E-16
   60.54463        2.4589798E-16
   60.67142        1.7873635E-16
   60.79822        9.6126097E-17
   60.92501       -1.8249683E-19
   61.05180       -1.0764326E-16
   61.17859       -2.2293619E-16
   61.30539       -3.4202627E-16
   61.43218       -4.6026055E-16
   61.55897       -5.7250343E-16
   61.68576       -6.7330808E-16
   61.81256       -7.5712024E-16
   61.93935       -8.1850932E-16
   62.06614       -8.5241769E-16
   62.19294       -8.5442177E-16
   62.31973       -8.2099182E-16
   62.44652       -7.4973973E-16
   62.57331       -6.3964328E-16
   62.70011       -4.9123326E-16
   62.82690       -3.0673189E-16
   62.95369       -9.0131049E-17
   63.08048        1.5279863E-16
   63.20728        4.1457620E-16
   63.33407        6.8616000E-16
   63.46086        9.5718122E-16
   63.58765        1.2162583E-15
   63.71445        1.4513865E-15
   63.84124        1.6503935E-15
   63.96803        1.8014468E-15
   64.09483        1.8935947E-15
   64.22162        1.9173232E-15
   64.34841        1.8651005E-15
   64.47520        1.7318898E-15
   64.60200        1.5156011E-15
   64.72879        1.2174571E-15
   64.85558        8.4224912E-16
   64.98238        3.9846254E-16
   65.10917       -1.0174775E-16
   65.23596       -6.4274348E-16
   65.36275       -1.2057568E-15
   65.48955       -1.7694130E-15
   65.61633       -2.3104128E-15
   65.74313       -2.8043603E-15
   65.86992       -3.2267117E-15
   65.99671       -3.5538119E-15
   66.12350       -3.7639912E-15
   66.25030       -3.8386618E-15
   66.37709       -3.7633843E-15
   66.50388       -3.5288394E-15
   66.63068       -3.1316655E-15
   66.75747       -2.5751059E-15
   66.88426       -1.8694250E-15
   67.01105       -1.0320527E-15
   67.13785       -8.7430820E-17
   67.26464        9.3346122E-16
   67.39143        1.9939048E-15
   67.51823        3.0525560E-15
   67.64502        4.0648556E-15
   67.77181        4.9846945E-15
   67.89861        5.7662877E-15
   68.02540        6.3661810E-15
   68.15219        6.7453274E-15
   68.27898        6.8711342E-15
   68.40578        6.7193955E-15
   68.53257        6.2760140E-15
   68.65936        5.5384173E-15
   68.78616        4.5165830E-15
   68.91295        3.2335934E-15
   69.03974        1.7256600E-15
   69.16653        4.1569518E-17
   69.29333       -1.7584674E-15
   69.42011       -3.6045644E-15
   69.54691       -5.4194739E-15
   69.67370       -7.1214126E-15
   69.80049       -8.6273160E-15
   69.92728       -9.8564074E-15
   70.05408       -1.0733957E-14
   70.18087       -1.1195073E-14
   70.30766       -1.1188357E-14
   70.43446       -1.0679274E-14
   70.56125       -9.6530221E-15
   70.68804       -8.1167847E-15
   70.81483       -6.1011813E-15
   70.94163       -3.6607976E-15
   71.06842       -8.7369818E-16
   71.19521        2.1601322E-15
   71.32201        5.3214532E-15
   71.44880        8.4754955E-15
   71.57559        1.1476687E-14
   71.70238        1.4174235E-14
   71.82918        1.6418409E-14
   71.95597        1.8067292E-14
   72.08276        1.8993753E-14
   72.20956        1.9092339E-14
   72.33635        1.8285820E-14
   72.46314        1.6531015E-14
   72.58994        1.3823632E-14
   72.71673        1.0201833E-14
   72.84352        5.7482315E-15
   72.97031        5.9014601E-16
   73.09711       -5.1020759E-15
   73.22389       -1.1118713E-14
   73.35069       -1.7216350E-14
   73.47748       -2.3125473E-14
   73.60427       -2.8559837E-14
   73.73106       -3.3227341E-14
   73.85786       -3.6842078E-14
   73.98465       -3.9137144E-14
   74.11144       -3.9877772E-14
   74.23824       -3.8874171E-14
   74.36503       -3.5993625E-14
   74.49182       -3.1171239E-14
   74.61861       -2.4418737E-14
   74.74541       -1.5830873E-14
   74.87220       -5.5889673E-15
   74.99899        6.0388625E-15
   75.12579        1.8700946E-14
   75.25258        3.1969012E-14
   75.37937        4.5348826E-14
   75.50616        5.8294407E-14
   75.63296        7.0225462E-14
   75.75975        8.0547710E-14
   75.88654        8.8675459E-14
   76.01334        9.4055650E-14
   76.14013        9.6192707E-14
   76.26692        9.4673089E-14
   76.39371        8.9188754E-14
   76.52051        7.9558356E-14
   76.64730        6.5745308E-14
   76.77409        4.7871798E-14
   76.90089        2.6227725E-14
   77.02767        1.2740880E-15
   77.15446       -2.6359906E-14
   77.28126       -5.5886309E-14
   77.40805       -8.6374572E-14
   77.53484       -1.1677436E-13
   77.66164       -1.4594456E-13
   77.78843       -1.7268787E-13
   77.91522       -1.9579028E-13
   78.04202       -2.1406408E-13
   78.16881       -2.2639323E-13
   78.29560       -2.3177968E-13
   78.42239       -2.2938888E-13
   78.54919       -2.1859276E-13
   78.67598       -1.9900886E-13
   78.80277       -1.7053322E-13
   78.92957       -1.3336619E-13
   79.05636       -8.8029275E-14
   79.18315       -3.5371950E-14
   79.30994        2.3432350E-14
   79.43674        8.6901881E-14
   79.56353        1.5327401E-13
   79.69032        2.2054416E-13
   79.81712        2.8651582E-13
   79.94391        3.4886064E-13
   80.07070        4.0518722E-13
   80.19749        4.5311660E-13
   80.32429        4.9036290E-13
   80.45108        5.1481584E-13
   80.57787        5.2462375E-13
   80.70466        5.1827298E-13
   80.83145        4.9466198E-13
   80.95824        4.5316642E-13
   81.08504        3.9369346E-13
   81.21183        3.1672199E-13
   81.33862        2.2332722E-13
   81.46542        1.1518748E-13
   81.59221       -5.4277156E-15
   81.71900       -1.3568945E-13
   81.84579       -2.7226081E-13
   81.97259       -4.1136777E-13
   82.09938       -5.4888819E-13
   82.22617       -6.8045775E-13
   82.35297       -8.0158964E-13
   82.47976       -9.0780535E-13
   82.60655       -9.9477403E-13
   82.73335       -1.0584549E-12
   82.86014       -1.0952396E-12
   82.98693       -1.1020904E-12
   83.11372       -1.0766690E-12
   83.24052       -1.0174511E-12
   83.36731       -9.2382384E-13
   83.49410       -7.9616066E-13
   83.62090       -6.3587189E-13
   83.74769       -4.4542573E-13
   83.87448       -2.2833992E-13
   84.00127        1.0859166E-14
   84.12807        2.6670907E-13
   84.25486        5.3291670E-13
   84.38165        8.0249316E-13
   84.50844        1.0679172E-12
   84.63523        1.3213234E-12
   84.76202        1.5547104E-12
   84.88882        1.7601648E-12
   85.01561        1.9300952E-12
   85.14240        2.0574673E-12
   85.26920        2.1360381E-12
   85.39599        2.1605775E-12
   85.52278        2.1270730E-12
   85.64957        2.0329109E-12
   85.77637        1.8770244E-12
   85.90316        1.6600066E-12
   86.02995        1.3841827E-12
   86.15675        1.0536337E-12
   86.28354        6.7417415E-13
   86.41033        2.5327803E-13
   86.53712       -2.0004490E-13
   86.66392       -6.7542228E-13
   86.79071       -1.1613377E-12
   86.91750       -1.6453932E-12
   87.04430       -2.1146062E-12
   87.17109       -2.5557371E-12
   87.29788       -2.9556373E-12
   87.42467       -3.3016116E-12
   87.55147       -3.5817803E-12
   87.67826       -3.7854359E-12
   87.80505       -3.9033820E-12
   87.93185       -3.9282423E-12
   88.05864       -3.8547334E-12
   88.18543       -3.6798889E-12
   88.31222       -3.4032326E-12
   88.43901       -3.0268852E-12
   88.56580       -2.5556089E-12
   88.69260       -1.9967808E-12
   88.81939       -1.3602949E-12
   88.94618       -6.5839635E-13
   89.07298        9.4554769E-14
   89.19977        8.8237935E-13
   89.32656        1.6874318E-12
   89.45335        2.4909998E-12
   89.58015        3.2737420E-12
   89.70694        4.0161507E-12
   89.83373        4.6990289E-12
   89.96053        5.3039682E-12
   90.08732        5.8138160E-12
   90.21411        6.2131151E-12
   90.34090        6.4885111E-12
   90.46770        6.6291105E-12
   90.59449        6.6267812E-12
   90.72128        6.4763897E-12
   90.84808        6.1759669E-12
   90.97487        5.7267988E-12
   91.10166        5.1334405E-12
   91.22845        4.4036576E-12
   91.35525        3.5482895E-12
   91.48204        2.5810500E-12
   91.60883        1.5182633E-12
   91.73563        3.7854591E-13
   91.86242       -8.1754942E-13
   91.98921       -2.0479328E-12
   92.11600       -3.2893889E-12
   92.24279       -4.5180088E-12
   92.36958       -5.7096177E-12
   92.49638       -6.8402024E-12
   92.62317       -7.8863140E-12
   92.74996       -8.8254543E-12
   92.87675       -9.6364357E-12
   93.00355       -1.0299701E-11
   93.13034       -1.0797622E-11
   93.25713       -1.1114758E-11
   93.38393       -1.1238079E-11
   93.51072       -1.1157168E-11
   93.63751       -1.0864394E-11
   93.76431       -1.0355059E-11
   93.89110       -9.6275392E-12
   94.01789       -8.6833960E-12
   94.14468       -7.5274890E-12
   94.27148       -6.1680721E-12
   94.39827       -4.6168789E-12
   94.52506       -2.8892008E-12
   94.65186       -1.0039412E-12
   94.77865        1.0163526E-12
   94.90544        3.1454830E-12
   95.03223        5.3536498E-12
   95.15903        7.6075448E-12
   95.28582        9.8705133E-12
   95.41261        1.2102801E-11
   95.53941        1.4261890E-11
   95.66620        1.6302947E-11
   95.79299        1.8179368E-11
   95.91978        1.9843462E-11
   96.04657        2.1247249E-11
   96.17336        2.2343370E-11
   96.30016        2.3086127E-11
   96.42695        2.3432607E-11
   96.55374        2.3343889E-11
   96.68053        2.2786330E-11
   96.80733        2.1732831E-11
   96.93412        2.0164152E-11
   97.06091        1.8070129E-11
   97.18771        1.5450833E-11
   97.31450        1.2317583E-11
   97.44129        8.6937705E-12
   97.56808        4.6154812E-12
   97.69488        1.3183139E-13
   97.82167       -4.6949831E-12
   97.94846       -9.7899779E-12
   98.07526       -1.5066023E-11
   98.20205       -2.0424860E-11
   98.32884       -2.5758477E-11
   98.45564       -3.0950867E-11
   98.58243       -3.5880118E-11
   98.70922       -4.0420819E-11
   98.83601       -4.4446745E-11
   98.96281       -4.7833734E-11
   99.08960       -5.0462773E-11
   99.21639       -5.2223094E-11
   99.34319       -5.3015342E-11
   99.46998       -5.2754606E-11
   99.59677       -5.1373340E-11
   99.72356       -4.8823993E-11
   99.85035       -4.5081355E-11
   99.97714       -4.0144478E-11
   100.1039       -3.4038123E-11
   100.2307       -2.6813713E-11
   100.3575       -1.8549691E-11
   100.4843       -9.3513114E-12
   100.6111        6.5020802E-13
   100.7379        1.1299130E-11
   100.8647        2.2417236E-11
   100.9915        3.3806419E-11
   101.1183        4.5251823E-11
   101.2451        5.6525406E-11
   101.3719        6.7389948E-11
   101.4987        7.7603306E-11
   101.6255        8.6922983E-11
   101.7522        9.5110773E-11
   101.8790        1.0193752E-10
   102.0058        1.0718781E-10
   102.1326        1.1066456E-10
   102.2594        1.1219345E-10
   102.3862        1.1162708E-10
   102.5130        1.0884874E-10
   102.6398        1.0377594E-10
   102.7666        9.6363327E-11
   102.8934        8.6605334E-11
   103.0202        7.4538140E-11
   103.1470        6.0241256E-11
   103.2738        4.3838499E-11
   103.4006        2.5498381E-11
   103.5273        5.4339784E-12
   103.6541       -1.6097873E-11
   103.7809       -3.8797961E-11
   103.9077       -6.2326706E-11
   104.0345       -8.6306899E-11
   104.1613       -1.1032710E-10
   104.2881       -1.3394577E-10
   104.4149       -1.5669621E-10
   104.5417       -1.7809221E-10
   104.6685       -1.9763453E-10
   104.7953       -2.1481827E-10
   104.9221       -2.2914098E-10
   105.0489       -2.4011165E-10
   105.1756       -2.4726043E-10
   105.3024       -2.5014893E-10
   105.4292       -2.4838137E-10
   105.5560       -2.4161589E-10
   105.6828       -2.2957640E-10
   105.8096       -2.1206420E-10
   105.9364       -1.8896974E-10
   106.0632       -1.6028363E-10
   106.1900       -1.2610696E-10
   106.3168       -8.6660346E-11
   106.4436       -4.2291563E-11
   106.5704        6.5188657E-12
   106.6972        5.9154390E-11
   106.8240        1.1486184E-10
   106.9507        1.7275394E-10
   107.0775        2.3181518E-10
   107.2043        2.9091135E-10
   107.3311        3.4880282E-10
   107.4579        4.0416193E-10
   107.5847        4.5559423E-10
   107.7115        5.0166338E-10
   107.8383        5.4091998E-10
   107.9651        5.7193361E-10
   108.0919        5.9332728E-10
   108.2187        6.0381461E-10
   108.3455        6.0223809E-10
   108.4723        5.8760796E-10
   108.5990        5.5914090E-10
   108.7258        5.1629723E-10
   108.8526        4.5881565E-10
   108.9794        3.8674450E-10
   109.1062        3.0046790E-10
   109.2330        2.0072660E-10
   109.3598        8.8631463E-11
   109.4866       -3.4330854E-11
   109.6134       -1.6630057E-10
   109.7402       -3.0505731E-10
   109.8670       -4.4804224E-10
   109.9938       -5.9239047E-10
   110.1206       -7.3497330E-10
   110.2474       -8.7245083E-10
   110.3741       -1.0013335E-09
   110.5009       -1.1180524E-09
   110.6277       -1.2190372E-09
   110.7545       -1.3007997E-09
   110.8813       -1.3600221E-09
   111.0081       -1.3936479E-09
   111.1349       -1.3989733E-09
   111.2617       -1.3737369E-09
   111.3885       -1.3162057E-09
   111.5153       -1.2252532E-09
   111.6421       -1.1004317E-09
   111.7689       -9.4203023E-10
   111.8957       -7.5112105E-10
   112.0224       -5.2959104E-10
   112.1492       -2.8015504E-10
   112.2760       -6.3511891E-12
   112.4028        2.8748270E-10
   112.5296        5.9625366E-10
   112.6564        9.1417857E-10
   112.7832        1.2348683E-09
   112.9100        1.5514318E-09
   113.0368        1.8565985E-09
   113.1636        2.1428566E-09
   113.2904        2.4026039E-09
   113.4172        2.6283145E-09
   113.5440        2.8127076E-09
   113.6708        2.9489258E-09
   113.7975        3.0307115E-09
   113.9243        3.0525835E-09
   114.0511        3.0100027E-09
   114.1779        2.8995306E-09
   114.3047        2.7189702E-09
   114.4315        2.4674887E-09
   114.5583        2.1457180E-09
   114.6851        1.7558299E-09
   114.8119        1.3015808E-09
   114.9387        7.8832613E-10
   115.0655        2.2300255E-10
   115.1923       -3.8592451E-10
   115.3191       -1.0285492E-09
   115.4458       -1.6936463E-09
   115.5726       -2.3688265E-09
   115.6994       -3.0407246E-09
   115.8262       -3.6952159E-09
   115.9530       -4.3176627E-09
   116.0798       -4.8931774E-09
   116.2066       -5.4069123E-09
   116.3334       -5.8443561E-09
   116.4602       -6.1916454E-09
   116.5870       -6.4358749E-09
   116.7138       -6.5654051E-09
   116.8406       -6.5701649E-09
   116.9674       -6.4419350E-09
   117.0942       -6.1746119E-09
   117.2209       -5.7644454E-09
   117.3477       -5.2102420E-09
   117.4745       -4.5135318E-09
   117.6013       -3.6786925E-09
   117.7281       -2.7130265E-09
   117.8549       -1.6267863E-09
   117.9817       -4.3314860E-10
   118.1085        8.5186613E-10
   118.2353        2.2095348E-09
   118.3621        3.6186210E-09
   118.4889        5.0556275E-09
   118.6157        6.4950969E-09
   118.7425        7.9099651E-09
   118.8692        9.2719601E-09
   118.9960        1.0552046E-08
   119.1228        1.1720897E-08
   119.2496        1.2749409E-08
   119.3764        1.3609224E-08
   119.5032        1.4273282E-08
   119.6300        1.4716366E-08
   119.7568        1.4915651E-08
   119.8836        1.4851240E-08
   120.0104        1.4506682E-08
   120.1372        1.3869445E-08
   120.2640        1.2931370E-08
   120.3908        1.1689053E-08
   120.5176        1.0144182E-08
   120.6443        8.3038065E-09
   120.7711        6.1805188E-09
   120.8979        3.7925711E-09
   121.0247        1.1638935E-09
   121.1515       -1.6759786E-09
   121.2783       -4.6920703E-09
   121.4051       -7.8442399E-09
   121.5319       -1.1087541E-08
   121.6587       -1.4372690E-08
   121.7855       -1.7646625E-08
   121.9123       -2.0853170E-08
   122.0391       -2.3933762E-08
   122.1659       -2.6828291E-08
   122.2927       -2.9475974E-08
   122.4194       -3.1816327E-08
   122.5462       -3.3790151E-08
   122.6730       -3.5340573E-08
   122.7998       -3.6414093E-08
   122.9266       -3.6961655E-08
   123.0534       -3.6939671E-08
   123.1802       -3.6311047E-08
   123.3070       -3.5046128E-08
   123.4338       -3.3123591E-08
   123.5606       -3.0531261E-08
   123.6874       -2.7266783E-08
   123.8142       -2.3338215E-08
   123.9410       -1.8764471E-08
   124.0677       -1.3575591E-08
   124.1945       -7.8128721E-09
   124.3213       -1.5288134E-09
   124.4481        5.2131135E-09
   124.5749        1.2338876E-08
   124.7017        1.9764503E-08
   124.8285        2.7396855E-08
   124.9553        3.5134587E-08
   125.0821        4.2869303E-08
   125.2089        5.0486843E-08
   125.3357        5.7868707E-08
   125.4625        6.4893641E-08
   125.5893        7.1439267E-08
   125.7161        7.7383852E-08
   125.8428        8.2608118E-08
   125.9696        8.6996991E-08
   126.0964        9.0441510E-08
   126.2232        9.2840573E-08
   126.3500        9.4102674E-08
   126.4768        9.4147538E-08
   126.6036        9.2907698E-08
   126.7304        9.0329848E-08
   126.8572        8.6376090E-08
   126.9840        8.1025000E-08
   127.1108        7.4272492E-08
   127.2376        6.6132500E-08
   127.3644        5.6637379E-08
   127.4911        4.5838195E-08
   127.6179        3.3804699E-08
   127.7447        2.0625144E-08
   127.8715        6.4058905E-09
   127.9983       -8.7291836E-09
   128.1251       -2.4639487E-08
   128.2519       -4.1168597E-08
   128.3787       -5.8145357E-08
   128.5055       -7.5385088E-08
   128.6323       -9.2690833E-08
   128.7591       -1.0985472E-07
   128.8859       -1.2665944E-07
   129.0127       -1.4287960E-07
   129.1395       -1.5828320E-07
   129.2663       -1.7263305E-07
   129.3930       -1.8568822E-07
   129.5198       -1.9720534E-07
   129.6466       -2.0693996E-07
   129.7734       -2.1464770E-07
   129.9002       -2.2008551E-07
   130.0270       -2.2301275E-07
   130.1538       -2.2319209E-07
   130.2806       -2.2039052E-07
   130.4074       -2.1438026E-07
   130.5342       -2.0493945E-07
   130.6610       -1.9185289E-07
   130.7878       -1.7491270E-07
   130.9146       -1.5391892E-07
   131.0414       -1.2868001E-07
   131.1681       -9.9013377E-08
   131.2949       -6.4745748E-08
   131.4217       -2.5713595E-08
   131.5485        1.8236639E-08
   131.6753        6.7248152E-08
   131.8021        1.2145381E-07
   131.9289        1.8097579E-07
   132.0557        2.4592583E-07
   132.1825        3.1640513E-07
   132.3093        3.9250457E-07
   132.4361        4.7430518E-07
   132.5629        5.6187827E-07
   132.6897        6.5528616E-07
   132.8164        7.5458303E-07
   132.9432        8.5981549E-07
   133.0700        9.7102350E-07
   133.1968        1.0882418E-06
   133.3236        1.2115007E-06
   133.4504        1.3408275E-06
   133.5772        1.4762477E-06
   133.7040        1.6177862E-06
   133.8308        1.7654691E-06
   133.9576        1.9193237E-06
   134.0844        2.0793811E-06
   134.2112        2.2456763E-06
   134.3380        2.4182482E-06
   134.4648        2.5971410E-06
   134.5915        2.7824042E-06
   134.7183        2.9740906E-06
   134.8451        3.1722582E-06
   134.9719        3.3769661E-06
   135.0987        3.5882740E-06
   135.2255        3.8062399E-06
   135.3523        4.0309164E-06
   135.4791        4.2623478E-06
   135.6059        4.5005654E-06
   135.7327        4.7455833E-06
   135.8595        4.9973946E-06
   135.9863        5.2559626E-06
   136.1131        5.5212190E-06
   136.2398        5.7930565E-06
   136.3666        6.0713219E-06
   136.4934        6.3558118E-06
   136.6202        6.6462658E-06
   136.7470        6.9423631E-06
   136.8738        7.2437147E-06
   137.0006        7.5498610E-06
   137.1274        7.8602689E-06
   137.2542        8.1743283E-06
   137.3810        8.4913490E-06
   137.5078        8.8105644E-06
   137.6346        9.1311304E-06
   137.7614        9.4521265E-06
   137.8882        9.7725615E-06
   138.0149        1.0091376E-05
   138.1417        1.0407451E-05
   138.2685        1.0719614E-05
   138.3953        1.1026652E-05
   138.5221        1.1327314E-05
   138.6489        1.1620325E-05
   138.7757        1.1904408E-05
   138.9025        1.2178276E-05
   139.0293        1.2440666E-05
   139.1561        1.2690340E-05
   139.2829        1.2926100E-05
   139.4097        1.3146804E-05
   139.5365        1.3351380E-05
   139.6632        1.3538832E-05
   139.7900        1.3708255E-05
   139.9168        1.3858848E-05
   140.0436        1.3989917E-05
   140.1704        1.4100885E-05
   140.2972        1.4191298E-05
   140.4240        1.4260831E-05
   140.5508        1.4309283E-05
   140.6776        1.4336588E-05
   140.8044        1.4342806E-05
   140.9312        1.4328125E-05
   141.0580        1.4292853E-05
   141.1848        1.4237415E-05
   141.3116        1.4162343E-05
   141.4383        1.4068276E-05
   141.5651        1.3955935E-05
   141.6919        1.3826131E-05
   141.8187        1.3679744E-05
   141.9455        1.3517714E-05
   142.0723        1.3341033E-05
   142.1991        1.3150731E-05
   142.3259        1.2947870E-05
   142.4527        1.2733531E-05
   142.5795        1.2508805E-05
   142.7063        1.2274786E-05
   142.8331        1.2032565E-05
   142.9599        1.1783221E-05
   143.0867        1.1527815E-05
   143.2134        1.1267391E-05
   143.3402        1.1002967E-05
   143.4670        1.0735532E-05
   143.5938        1.0466049E-05
   143.7206        1.0195448E-05
   143.8474        9.9246290E-06
   143.9742        9.6544600E-06
   144.1010        9.3857761E-06
   144.2278        9.1193788E-06
   144.3546        8.8560400E-06
   144.4814        8.5964948E-06
   144.6082        8.3414452E-06
   144.7350        8.0915588E-06
   144.8617        7.8474641E-06
   144.9885        7.6097526E-06
   145.1153        7.3789752E-06
   145.2421        7.1556387E-06
   145.3689        6.9402035E-06
   145.4957        6.7330816E-06
   145.6225        6.5346330E-06
   145.7493        6.3451635E-06
   145.8761        6.1649198E-06
   146.0029        5.9940908E-06
   146.1297        5.8328019E-06
   146.2565        5.6811168E-06
   146.3833        5.5390369E-06
   146.5101        5.4064999E-06
   146.6368        5.2833843E-06
   146.7636        5.1695092E-06
   146.8904        5.0646408E-06
   147.0172        4.9684954E-06
   147.1440        4.8807456E-06
   147.2708        4.8010261E-06
   147.3976        4.7289404E-06
   147.5244        4.6640703E-06
   147.6512        4.6059808E-06
   147.7780        4.5542297E-06
   147.9048        4.5083748E-06
   148.0316        4.4679796E-06
   148.1584        4.4326212E-06
   148.2851        4.4018961E-06
   148.4119        4.3754235E-06
   148.5387        4.3528471E-06
   148.6655        4.3338405E-06
   148.7923        4.3181039E-06
   148.9191        4.3053637E-06
   149.0459        4.2953698E-06
   149.1727        4.2878901E-06
   149.2995        4.2827064E-06
   149.4263        4.2796073E-06
   149.5531        4.2783772E-06
   149.6799        4.2787933E-06
   149.8067        4.2806132E-06
   149.9335        4.2835673E-06
   150.0602        4.2873517E-06
   150.1870        4.2916208E-06
   150.3138        4.2959800E-06
   150.4406        4.2999823E-06
   150.5674        4.3031232E-06
   150.6942        4.3048412E-06
   150.8210        4.3045193E-06
   150.9478        4.3014857E-06
   151.0746        4.2950196E-06
   151.2014        4.2843621E-06
   151.3282        4.2687225E-06
   151.4550        4.2472916E-06
   151.5818        4.2192560E-06
   151.7085        4.1838102E-06
   151.8353        4.1401763E-06
   151.9621        4.0876157E-06
   152.0889        4.0254504E-06
   152.2157        3.9530751E-06
   152.3425        3.8699750E-06
   152.4693        3.7757368E-06
   152.5961        3.6700633E-06
   152.7229        3.5527812E-06
   152.8497        3.4238490E-06
   152.9765        3.2833618E-06
   153.1033        3.1315515E-06
   153.2301        2.9687853E-06
   153.3569        2.7955621E-06
   153.4836        2.6125019E-06
   153.6104        2.4203375E-06
   153.7372        2.2198981E-06
   153.8640        2.0120956E-06
   153.9908        1.7979055E-06
   154.1176        1.5783471E-06
   154.2444        1.3544644E-06
   154.3712        1.1273052E-06
   154.4980        8.9790018E-07
   154.6248        6.6724448E-07
   154.7516        4.3627884E-07
   154.8784        2.0587350E-07
   155.0052       -2.3185843E-08
   155.1319       -2.5020958E-07
   155.2587       -4.7461299E-07
   155.3855       -6.9592187E-07
   155.5123       -9.1377376E-07
   155.6391       -1.1279192E-06
   155.7659       -1.3382162E-06
   155.8927       -1.5446235E-06
   156.0195       -1.7471922E-06
   156.1463       -1.9460538E-06
   156.2731       -2.1414066E-06
   156.3999       -2.3335026E-06
   156.5267       -2.5226313E-06
   156.6535       -2.7091057E-06
   156.7803       -2.8932470E-06
   156.9070       -3.0753702E-06
   157.0338       -3.2557725E-06
   157.1606       -3.4347229E-06
   157.2874       -3.6124527E-06
   157.4142       -3.7891496E-06
   157.5410       -3.9649540E-06
   157.6678       -4.1399562E-06
   157.7946       -4.3142013E-06
   157.9214       -4.4876883E-06
   158.0482       -4.6603773E-06
   158.1750       -4.8321967E-06
   158.3018       -5.0030526E-06
   158.4286       -5.1728371E-06
   158.5553       -5.3414378E-06
   158.6821       -5.5087503E-06
   158.8089       -5.6746844E-06
   158.9357       -5.8391729E-06
   159.0625       -6.0021780E-06
   159.1893       -6.1636988E-06
   159.3161       -6.3237680E-06
   159.4429       -6.4824571E-06
   159.5697       -6.6398698E-06
   159.6965       -6.7961378E-06
   159.8233       -6.9514158E-06
   159.9501       -7.1058680E-06
   160.0769       -7.2596595E-06
   160.2037       -7.4129412E-06
