  -4.500000       -1.0230563E-18
  -4.373208       -1.0230467E-18
  -4.246415       -1.0230282E-18
  -4.119622       -1.0230029E-18
  -3.992829       -1.0229730E-18
  -3.866037       -1.0229417E-18
  -3.739244       -1.0229114E-18
  -3.612452       -1.0228850E-18
  -3.485659       -1.0228638E-18
  -3.358866       -1.0228493E-18
  -3.232074       -1.0228412E-18
  -3.105281       -1.0228383E-18
  -2.978488       -1.0228388E-18
  -2.851696       -1.0228404E-18
  -2.724903       -1.0228401E-18
  -2.598110       -1.0228353E-18
  -2.471318       -1.0228253E-18
  -2.344525       -1.0228074E-18
  -2.217732       -1.0227822E-18
  -2.090940       -1.0227493E-18
  -1.964147       -1.0227102E-18
  -1.837354       -1.0226673E-18
  -1.710562       -1.0226227E-18
  -1.583769       -1.0225788E-18
  -1.456976       -1.0225379E-18
  -1.330184       -1.0225025E-18
  -1.203391       -1.0224732E-18
  -1.076598       -1.0224520E-18
 -0.9498057       -1.0224370E-18
 -0.8230131       -1.0224271E-18
 -0.6962205       -1.0224206E-18
 -0.5694278       -1.0224159E-18
 -0.4426351       -1.0224109E-18
 -0.3158425       -1.0224021E-18
 -0.1890498       -1.0223881E-18
 -6.2257171E-02   -1.0223669E-18
  6.4535484E-02   -1.0223380E-18
  0.1913281       -1.0223016E-18
  0.3181208       -1.0222589E-18
  0.4449134       -1.0222104E-18
  0.5717061       -1.0221590E-18
  0.6984987       -1.0221067E-18
  0.8252914       -1.0220558E-18
  0.9520841       -1.0220087E-18
   1.078877       -1.0219673E-18
   1.205669       -1.0219332E-18
   1.332462       -1.0219061E-18
   1.459255       -1.0218863E-18
   1.586047       -1.0218724E-18
   1.712840       -1.0218617E-18
   1.839633       -1.0218521E-18
   1.966425       -1.0218409E-18
   2.093218       -1.0218249E-18
   2.220011       -1.0218010E-18
   2.346803       -1.0217689E-18
   2.473596       -1.0217269E-18
   2.600389       -1.0216770E-18
   2.727181       -1.0216205E-18
   2.853974       -1.0215620E-18
   2.980767       -1.0215050E-18
   3.107559       -1.0214524E-18
   3.234352       -1.0214078E-18
   3.361145       -1.0213728E-18
   3.487937       -1.0213490E-18
   3.614730       -1.0213340E-18
   3.741522       -1.0213258E-18
   3.868315       -1.0213202E-18
   3.995108       -1.0213140E-18
   4.121901       -1.0213022E-18
   4.248693       -1.0212812E-18
   4.375485       -1.0212486E-18
   4.502278       -1.0212039E-18
   4.629071       -1.0211483E-18
   4.755864       -1.0210837E-18
   4.882656       -1.0210141E-18
   5.009449       -1.0209439E-18
   5.136241       -1.0208777E-18
   5.263034       -1.0208196E-18
   5.389827       -1.0207717E-18
   5.516620       -1.0207349E-18
   5.643412       -1.0207082E-18
   5.770205       -1.0206905E-18
   5.896997       -1.0206785E-18
   6.023790       -1.0206681E-18
   6.150583       -1.0206557E-18
   6.277375       -1.0206372E-18
   6.404168       -1.0206104E-18
   6.530961       -1.0205739E-18
   6.657753       -1.0205279E-18
   6.784546       -1.0204736E-18
   6.911339       -1.0204135E-18
   7.038131       -1.0203516E-18
   7.164924       -1.0202896E-18
   7.291717       -1.0202321E-18
   7.418509       -1.0201808E-18
   7.545302       -1.0201385E-18
   7.672095       -1.0201049E-18
   7.798887       -1.0200794E-18
   7.925680       -1.0200619E-18
   8.052472       -1.0200500E-18
   8.179265       -1.0200404E-18
   8.306058       -1.0200316E-18
   8.432851       -1.0200202E-18
   8.559643       -1.0200033E-18
   8.686436       -1.0199791E-18
   8.813229       -1.0199461E-18
   8.940022       -1.0199043E-18
   9.066813       -1.0198543E-18
   9.193606       -1.0197986E-18
   9.320399       -1.0197400E-18
   9.447192       -1.0196816E-18
   9.573984       -1.0196282E-18
   9.700777       -1.0195826E-18
   9.827570       -1.0195474E-18
   9.954362       -1.0195241E-18
   10.08115       -1.0195126E-18
   10.20795       -1.0195111E-18
   10.33474       -1.0195172E-18
   10.46153       -1.0195265E-18
   10.58833       -1.0195353E-18
   10.71512       -1.0195394E-18
   10.84191       -1.0195343E-18
   10.96870       -1.0195180E-18
   11.09550       -1.0194890E-18
   11.22229       -1.0194485E-18
   11.34908       -1.0193986E-18
   11.47587       -1.0193429E-18
   11.60267       -1.0192860E-18
   11.72946       -1.0192320E-18
   11.85625       -1.0191857E-18
   11.98304       -1.0191493E-18
   12.10984       -1.0191247E-18
   12.23663       -1.0191113E-18
   12.36342       -1.0191068E-18
   12.49022       -1.0191077E-18
   12.61701       -1.0191100E-18
   12.74380       -1.0191084E-18
   12.87059       -1.0191005E-18
   12.99739       -1.0190827E-18
   13.12418       -1.0190539E-18
   13.25097       -1.0190129E-18
   13.37776       -1.0189620E-18
   13.50456       -1.0189037E-18
   13.63135       -1.0188412E-18
   13.75814       -1.0187785E-18
   13.88493       -1.0187191E-18
   14.01173       -1.0186665E-18
   14.13852       -1.0186235E-18
   14.26531       -1.0185905E-18
   14.39211       -1.0185680E-18
   14.51890       -1.0185541E-18
   14.64569       -1.0185467E-18
   14.77248       -1.0185431E-18
   14.89928       -1.0185387E-18
   15.02607       -1.0185313E-18
   15.15286       -1.0185166E-18
   15.27965       -1.0184925E-18
   15.40645       -1.0184589E-18
   15.53324       -1.0184142E-18
   15.66003       -1.0183593E-18
   15.78682       -1.0182974E-18
   15.91362       -1.0182304E-18
   16.04041       -1.0181610E-18
   16.16720       -1.0180935E-18
   16.29399       -1.0180320E-18
   16.42079       -1.0179788E-18
   16.54758       -1.0179363E-18
   16.67437       -1.0179053E-18
   16.80116       -1.0178842E-18
   16.92796       -1.0178695E-18
   17.05475       -1.0178585E-18
   17.18154       -1.0178462E-18
   17.30834       -1.0178287E-18
   17.43513       -1.0178026E-18
   17.56192       -1.0177648E-18
   17.68871       -1.0177140E-18
   17.81551       -1.0176516E-18
   17.94230       -1.0175793E-18
   18.06909       -1.0175008E-18
   18.19588       -1.0174209E-18
   18.32268       -1.0173441E-18
   18.44947       -1.0172748E-18
   18.57626       -1.0172179E-18
   18.70305       -1.0171740E-18
   18.82985       -1.0171440E-18
   18.95664       -1.0171259E-18
   19.08343       -1.0171173E-18
   19.21023       -1.0171131E-18
   19.33702       -1.0171086E-18
   19.46381       -1.0170984E-18
   19.59060       -1.0170797E-18
   19.71740       -1.0170488E-18
   19.84419       -1.0170063E-18
   19.97098       -1.0169523E-18
   20.09777       -1.0168888E-18
   20.22457       -1.0168197E-18
   20.35136       -1.0167497E-18
   20.47815       -1.0166825E-18
   20.60494       -1.0166223E-18
   20.73174       -1.0165718E-18
   20.85853       -1.0165338E-18
   20.98532       -1.0165081E-18
   21.11212       -1.0164944E-18
   21.23891       -1.0164915E-18
   21.36570       -1.0164957E-18
   21.49249       -1.0165034E-18
   21.61929       -1.0165101E-18
   21.74608       -1.0165123E-18
   21.87287       -1.0165061E-18
   21.99966       -1.0164893E-18
   22.12646       -1.0164604E-18
   22.25325       -1.0164198E-18
   22.38004       -1.0163680E-18
   22.50683       -1.0163088E-18
   22.63363       -1.0162454E-18
   22.76042       -1.0161824E-18
   22.88721       -1.0161244E-18
   23.01401       -1.0160756E-18
   23.14080       -1.0160393E-18
   23.26759       -1.0160175E-18
   23.39438       -1.0160098E-18
   23.52118       -1.0160150E-18
   23.64797       -1.0160296E-18
   23.77476       -1.0160487E-18
   23.90155       -1.0160668E-18
   24.02835       -1.0160784E-18
   24.15514       -1.0160779E-18
   24.28193       -1.0160628E-18
   24.40872       -1.0160314E-18
   24.53552       -1.0159844E-18
   24.66231       -1.0159253E-18
   24.78910       -1.0158586E-18
   24.91590       -1.0157906E-18
   25.04269       -1.0157275E-18
   25.16948       -1.0156752E-18
   25.29627       -1.0156381E-18
   25.42307       -1.0156199E-18
   25.54986       -1.0156208E-18
   25.67665       -1.0156392E-18
   25.80344       -1.0156711E-18
   25.93024       -1.0157112E-18
   26.05703       -1.0157524E-18
   26.18382       -1.0157881E-18
   26.31061       -1.0158125E-18
   26.43741       -1.0158214E-18
   26.56420       -1.0158108E-18
   26.69099       -1.0157814E-18
   26.81779       -1.0157354E-18
   26.94458       -1.0156765E-18
   27.07137       -1.0156114E-18
   27.19816       -1.0155466E-18
   27.32495       -1.0154879E-18
   27.45175       -1.0154415E-18
   27.57854       -1.0154109E-18
   27.70533       -1.0153989E-18
   27.83213       -1.0154056E-18
   27.95892       -1.0154275E-18
   28.08571       -1.0154614E-18
   28.21250       -1.0155008E-18
   28.33930       -1.0155387E-18
   28.46609       -1.0155679E-18
   28.59288       -1.0155837E-18
   28.71968       -1.0155809E-18
   28.84647       -1.0155579E-18
   28.97326       -1.0155162E-18
   29.10005       -1.0154588E-18
   29.22684       -1.0153922E-18
   29.35364       -1.0153227E-18
   29.48043       -1.0152590E-18
   29.60722       -1.0152084E-18
   29.73402       -1.0151765E-18
   29.86081       -1.0151661E-18
   29.98760       -1.0151779E-18
   30.11439       -1.0152097E-18
   30.24119       -1.0152559E-18
   30.36798       -1.0153100E-18
   30.49477       -1.0153629E-18
   30.62156       -1.0154054E-18
   30.74836       -1.0154299E-18
   30.87515       -1.0154312E-18
   31.00194       -1.0154057E-18
   31.12873       -1.0153542E-18
   31.25553       -1.0152812E-18
   31.38232       -1.0151918E-18
   31.50911       -1.0150957E-18
   31.63591       -1.0150032E-18
   31.76270       -1.0149231E-18
   31.88949       -1.0148636E-18
   32.01628       -1.0148283E-18
   32.14308       -1.0148190E-18
   32.26987       -1.0148343E-18
   32.39666       -1.0148691E-18
   32.52345       -1.0149162E-18
   32.65025       -1.0149658E-18
   32.77704       -1.0150087E-18
   32.90383       -1.0150364E-18
   33.03062       -1.0150421E-18
   33.15742       -1.0150219E-18
   33.28421       -1.0149753E-18
   33.41100       -1.0149053E-18
   33.53780       -1.0148183E-18
   33.66459       -1.0147238E-18
   33.79138       -1.0146299E-18
   33.91817       -1.0145464E-18
   34.04497       -1.0144815E-18
   34.17176       -1.0144396E-18
   34.29855       -1.0144238E-18
   34.42534       -1.0144316E-18
   34.55214       -1.0144586E-18
   34.67893       -1.0144979E-18
   34.80572       -1.0145408E-18
   34.93251       -1.0145790E-18
   35.05931       -1.0146042E-18
   35.18610       -1.0146100E-18
   35.31289       -1.0145929E-18
   35.43969       -1.0145502E-18
   35.56648       -1.0144853E-18
   35.69327       -1.0144016E-18
   35.82006       -1.0143059E-18
   35.94686       -1.0142060E-18
   36.07365       -1.0141102E-18
   36.20044       -1.0140253E-18
   36.32723       -1.0139576E-18
   36.45403       -1.0139099E-18
   36.58082       -1.0138838E-18
   36.70761       -1.0138773E-18
   36.83440       -1.0138860E-18
   36.96120       -1.0139039E-18
   37.08799       -1.0139241E-18
   37.21478       -1.0139391E-18
   37.34158       -1.0139423E-18
   37.46837       -1.0139286E-18
   37.59516       -1.0138955E-18
   37.72195       -1.0138429E-18
   37.84875       -1.0137742E-18
   37.97554       -1.0136941E-18
   38.10233       -1.0136109E-18
   38.22912       -1.0135324E-18
   38.35592       -1.0134674E-18
   38.48271       -1.0134224E-18
   38.60950       -1.0134015E-18
   38.73629       -1.0134057E-18
   38.86309       -1.0134329E-18
   38.98988       -1.0134777E-18
   39.11667       -1.0135318E-18
   39.24347       -1.0135857E-18
   39.37026       -1.0136294E-18
   39.49705       -1.0136544E-18
   39.62384       -1.0136548E-18
   39.75064       -1.0136286E-18
   39.87743       -1.0135764E-18
   40.00422       -1.0135049E-18
   40.13101       -1.0134230E-18
   40.25780       -1.0133423E-18
   40.38460       -1.0132767E-18
   40.51139       -1.0132398E-18
   40.63818       -1.0132435E-18
   40.76498       -1.0132976E-18
   40.89177       -1.0134075E-18
   41.01856       -1.0135756E-18
   41.14536       -1.0137981E-18
   41.27215       -1.0140677E-18
   41.39894       -1.0143735E-18
   41.52573       -1.0147019E-18
   41.65253       -1.0150366E-18
   41.77932       -1.0153611E-18
   41.90611       -1.0156589E-18
   42.03290       -1.0159148E-18
   42.15969       -1.0161140E-18
   42.28649       -1.0162463E-18
   42.41328       -1.0163031E-18
   42.54007       -1.0162785E-18
   42.66687       -1.0161679E-18
   42.79366       -1.0159723E-18
   42.92045       -1.0156926E-18
   43.04725       -1.0153336E-18
   43.17404       -1.0149021E-18
   43.30083       -1.0144098E-18
   43.42762       -1.0138694E-18
   43.55442       -1.0132983E-18
   43.68121       -1.0127174E-18
   43.80800       -1.0121526E-18
   43.93479       -1.0116337E-18
   44.06158       -1.0111951E-18
   44.18838       -1.0108729E-18
   44.31517       -1.0107063E-18
   44.44196       -1.0107336E-18
   44.56876       -1.0109903E-18
   44.69555       -1.0115049E-18
   44.82234       -1.0122981E-18
   44.94913       -1.0133782E-18
   45.07593       -1.0147385E-18
   45.20272       -1.0163562E-18
   45.32951       -1.0181926E-18
   45.45631       -1.0201897E-18
   45.58310       -1.0222741E-18
   45.70989       -1.0243613E-18
   45.83668       -1.0263576E-18
   45.96347       -1.0281644E-18
   46.09027       -1.0296867E-18
   46.21706       -1.0308353E-18
   46.34385       -1.0315344E-18
   46.47065       -1.0317271E-18
   46.59744       -1.0313751E-18
   46.72423       -1.0304646E-18
   46.85102       -1.0290052E-18
   46.97782       -1.0270286E-18
   47.10461       -1.0245859E-18
   47.23140       -1.0217447E-18
   47.35820       -1.0185830E-18
   47.48499       -1.0151821E-18
   47.61178       -1.0116226E-18
   47.73857       -1.0079765E-18
   47.86536       -1.0043031E-18
   47.99216       -1.0006448E-18
   48.11895       -9.9702612E-19
   48.24574       -9.9345260E-19
   48.37254       -9.8991640E-19
   48.49933       -9.8640171E-19
   48.62612       -9.8289540E-19
   48.75291       -9.7939746E-19
   48.87971       -9.7593850E-19
   49.00650       -9.7259493E-19
   49.13329       -9.6950800E-19
   49.26009       -9.6689928E-19
   49.38688       -9.6508455E-19
   49.51367       -9.6448277E-19
   49.64046       -9.6562025E-19
   49.76725       -9.6912305E-19
   49.89405       -9.7569934E-19
   50.02084       -9.8611003E-19
   50.14763       -1.0011263E-18
   50.27443       -1.0214718E-18
   50.40122       -1.0477529E-18
   50.52801       -1.0803765E-18
   50.65480       -1.1194611E-18
   50.78160       -1.1647431E-18
   50.90839       -1.2154836E-18
   51.03518       -1.2703843E-18
   51.16198       -1.3275192E-18
   51.28877       -1.3842897E-18
   51.41556       -1.4374116E-18
   51.54235       -1.4829481E-18
   51.66914       -1.5163846E-18
   51.79594       -1.5327646E-18
   51.92273       -1.5268799E-18
   52.04952       -1.4935237E-18
   52.17632       -1.4278002E-18
   52.30311       -1.3254867E-18
   52.42990       -1.1834324E-18
   52.55669       -9.9998516E-19
   52.68349       -7.7541886E-19
   52.81028       -5.1234683E-19
   52.93707       -2.1607987E-19
   53.06387        1.0508923E-19
   53.19066        4.3971520E-19
   53.31745        7.7317208E-19
   53.44424        1.0877959E-18
   53.57103        1.3632281E-18
   53.69783        1.5769725E-18
   53.82462        1.7051806E-18
   53.95141        1.7236647E-18
   54.07821        1.6091220E-18
   54.20500        1.3405438E-18
   54.33179        9.0077084E-19
   54.45858        2.7813240E-19
   54.58538       -5.3190329E-19
   54.71217       -1.5251474E-18
   54.83896       -2.6872844E-18
   54.96576       -3.9927355E-18
   55.09255       -5.4039081E-18
   55.21934       -6.8709361E-18
   55.34613       -8.3320075E-18
   55.47292       -9.7143562E-18
   55.59972       -1.0936002E-17
   55.72651       -1.1908242E-17
   55.85330       -1.2538935E-17
   55.98009       -1.2736492E-17
   56.10689       -1.2414540E-17
   56.23368       -1.1497083E-17
   56.36047       -9.9240134E-18
   56.48727       -7.6567518E-18
   56.61406       -4.6837287E-18
   56.74085       -1.0254283E-18
   56.86765        3.2613252E-18
   56.99444        8.0801906E-18
   57.12123        1.3293548E-17
   57.24802        1.8722490E-17
   57.37481        2.4148790E-17
   57.50161        2.9319139E-17
   57.62840        3.3951668E-17
   57.75519        3.7744920E-17
   57.88198        4.0389069E-17
   58.00878        4.1579322E-17
   58.13557        4.1031034E-17
   58.26236        3.8496182E-17
   58.38916        3.3780531E-17
   58.51595        2.6760826E-17
   58.64274        1.7401124E-17
   58.76954        5.7674308E-18
   58.89633       -7.9603122E-18
   59.02312       -2.3479859E-17
   59.14991       -4.0362794E-17
   59.27670       -5.8055976E-17
   59.40350       -7.5888957E-17
   59.53029       -9.3087928E-17
   59.65708       -1.0879631E-16
   59.78387       -1.2210200E-16
   59.91067       -1.3207106E-16
   60.03746       -1.3778681E-16
   60.16425       -1.3839363E-16
   60.29105       -1.3314373E-16
   60.41784       -1.2144548E-16
   60.54463       -1.0291092E-16
   60.67142       -7.7400554E-17
   60.79822       -4.5062689E-17
   60.92501       -6.3650105E-18
   61.05180        3.7884042E-17
   61.17859        8.6526374E-17
   61.30539        1.3805990E-16
   61.43218        1.9066010E-16
   61.55897        2.4221887E-16
   61.68576        2.9040045E-16
   61.81256        3.3271486E-16
   61.93935        3.6660700E-16
   62.06614        3.8955940E-16
   62.19294        3.9920634E-16
   62.31973        3.9345496E-16
   62.44652        3.7060876E-16
   62.57331        3.2948925E-16
   62.70011        2.6954891E-16
   62.82690        1.9097043E-16
   62.95369        9.4745830E-17
   63.08048       -1.7270299E-17
   63.20728       -1.4233866E-16
   63.33407       -2.7684840E-16
   63.46086       -4.1636995E-16
   63.58765       -5.5574832E-16
   63.71445       -6.8923839E-16
   63.84124       -8.1068068E-16
   63.96803       -9.1371392E-16
   64.09483       -9.9202053E-16
   64.22162       -1.0395960E-15
   64.34841       -1.0510352E-15
   64.47520       -1.0218234E-15
   64.60200       -9.4862195E-16
   64.72879       -8.2953330E-16
   64.85558       -6.6433424E-16
   64.98238       -4.5466235E-16
   65.10917       -2.0414424E-16
   65.23596        8.1547184E-17
   65.36275        3.9471481E-16
   65.48955        7.2574678E-16
   65.61633        1.0633168E-15
   65.74313        1.3946764E-15
   65.86992        1.7060354E-15
   65.99671        1.9830231E-15
   66.12350        2.2112195E-15
   66.25030        2.3767395E-15
   66.37709        2.4668522E-15
   66.50388        2.4706098E-15
   66.63068        2.3794646E-15
   66.75747        2.1878435E-15
   66.88426        1.8936540E-15
   67.01105        1.4986934E-15
   67.13785        1.0089344E-15
   67.26464        4.3466660E-16
   67.39143       -2.0952932E-16
   67.51823       -9.0498387E-16
   67.64502       -1.6293281E-15
   67.77181       -2.3570684E-15
   67.89861       -3.0603436E-15
   68.02540       -3.7098379E-15
   68.15219       -4.2758384E-15
   68.27898       -4.7293966E-15
   68.40578       -5.0435577E-15
   68.53257       -5.1946078E-15
   68.65936       -5.1632990E-15
   68.78616       -4.9359867E-15
   68.91295       -4.5056321E-15
   69.03974       -3.8726181E-15
   69.16653       -3.0453204E-15
   69.29333       -2.0404047E-15
   69.42011       -8.8280003E-16
   69.54691        3.9466338E-16
   69.67370        1.7519710E-15
   69.80049        3.1429924E-15
   69.92728        4.5168811E-15
   70.05408        5.8197732E-15
   70.18087        6.9967429E-15
   70.30766        7.9939412E-15
   70.43446        8.7608558E-15
   70.56125        9.2525932E-15
   70.68804        9.4320998E-15
   70.81483        9.2722156E-15
   70.94163        8.7574669E-15
   71.06842        7.8855032E-15
   71.19521        6.6680822E-15
   71.32201        5.1315458E-15
   71.44880        3.3167098E-15
   71.57559        1.2781439E-15
   71.70238       -9.1717945E-16
   71.82918       -3.1918442E-15
   71.95597       -5.4605423E-15
   72.08276       -7.6331162E-15
   72.20956       -9.6180346E-15
   72.33635       -1.1326146E-14
   72.46314       -1.2674602E-14
   72.58994       -1.3590769E-14
   72.71673       -1.4015974E-14
   72.84352       -1.3908893E-14
   72.97031       -1.3248426E-14
   73.09711       -1.2035899E-14
   73.22389       -1.0296419E-14
   73.35069       -8.0792984E-15
   73.47748       -5.4574430E-15
   73.60427       -2.5256526E-15
   73.73106        6.0216170E-16
   73.85786        3.7967960E-15
   73.98465        6.9185333E-15
   74.11144        9.8227345E-15
   74.23824        1.2366037E-14
   74.36503        1.4412964E-14
   74.49182        1.5842655E-14
   74.61861        1.6555449E-14
   74.74541        1.6478977E-14
   74.87220        1.5573505E-14
   74.99899        1.3836203E-14
   75.12579        1.1304045E-14
   75.25258        8.0551588E-15
   75.37937        4.2083735E-15
   75.50616       -7.9104778E-17
   75.63296       -4.6159624E-15
   75.75975       -9.1829493E-15
   75.88654       -1.3540857E-14
   76.01334       -1.7440063E-14
   76.14013       -2.0631358E-14
   76.26692       -2.2877696E-14
   76.39371       -2.3966438E-14
   76.52051       -2.3721495E-14
   76.64730       -2.2014961E-14
   76.77409       -1.8777597E-14
   76.90089       -1.4007596E-14
   77.02767       -7.7771253E-15
   77.15446       -2.3620872E-16
   77.28126        8.3865909E-15
   77.40805        1.7786804E-14
   77.53484        2.7590370E-14
   77.66164        3.7363541E-14
   77.78843        4.6626338E-14
   77.91522        5.4869314E-14
   78.04202        6.1573081E-14
   78.16881        6.6230191E-14
   78.29560        6.8368474E-14
   78.42239        6.7575130E-14
   78.54919        6.3520498E-14
   78.67598        5.5980621E-14
   78.80277        4.4857357E-14
   78.92957        3.0195227E-14
   79.05636        1.2193872E-14
   79.18315       -8.7847862E-15
   79.30994       -3.2215329E-14
   79.43674       -5.7414217E-14
   79.56353       -8.3552096E-14
   79.69032       -1.0967311E-13
   79.81712       -1.3472100E-13
   79.94391       -1.5757160E-13
   80.07070       -1.7707105E-13
   80.19749       -1.9207831E-13
   80.32429       -2.0151125E-13
   80.45108       -2.0439424E-13
   80.57787       -1.9990583E-13
   80.70466       -1.8742469E-13
   80.83145       -1.6657155E-13
   80.95824       -1.3724566E-13
   81.08504       -9.9653562E-14
   81.21183       -5.4328795E-14
   81.33862       -2.1406748E-15
   81.46542        5.5708686E-14
   81.59221        1.1769998E-13
   81.71900        1.8202551E-13
   81.84579        2.4663076E-13
   81.97259        3.0926845E-13
   82.09938        3.6756378E-13
   82.22617        4.1908957E-13
   82.35297        4.6144859E-13
   82.47976        4.9236147E-13
   82.60655        5.0975652E-13
   82.73335        5.1185889E-13
   82.86014        4.9727540E-13
   82.98693        4.6507226E-13
   83.11372        4.1484145E-13
   83.24052        3.4675347E-13
   83.36731        2.6159356E-13
   83.49410        1.6077840E-13
   83.62090        4.6352262E-14
   83.74769       -7.9038921E-14
   83.87448       -2.1219619E-13
   84.00127       -3.4943801E-13
   84.12807       -4.8669185E-13
   84.25486       -6.1960512E-13
   84.38165       -7.4367151E-13
   84.50844       -8.5437083E-13
   84.63523       -9.4731699E-13
   84.76202       -1.0184101E-12
   84.88882       -1.0639875E-12
   85.01561       -1.0809680E-12
   85.14240       -1.0669849E-12
   85.26920       -1.0205019E-12
   85.39599       -9.4090718E-13
   85.52278       -8.2858194E-13
   85.64957       -6.8493936E-13
   85.77637       -5.1243108E-13
   85.90316       -3.1452022E-13
   86.02995       -9.5619794E-14
   86.15675        1.3900244E-13
   86.28354        3.8335101E-13
   86.41033        6.3085908E-13
   86.53712        8.7456870E-13
   86.66392        1.1073316E-12
   86.79071        1.3220221E-12
   86.91750        1.5117585E-12
   87.04430        1.6701224E-12
   87.17109        1.7913707E-12
   87.29788        1.8706326E-12
   87.42467        1.9040830E-12
   87.55147        1.8890894E-12
   87.67826        1.8243209E-12
   87.80505        1.7098203E-12
   87.93185        1.5470330E-12
   88.05864        1.3387913E-12
   88.18543        1.0892538E-12
   88.31222        8.0380185E-13
   88.43901        4.8889489E-13
   88.56580        1.5188892E-13
   88.69260       -1.9917425E-13
   88.81939       -5.5580204E-13
   88.94618       -9.0930101E-13
   89.07298       -1.2510341E-12
   89.19977       -1.5726743E-12
   89.32656       -1.8664469E-12
   89.45335       -2.1253522E-12
   89.58015       -2.3433575E-12
   89.70694       -2.5155548E-12
   89.83373       -2.6382752E-12
   89.96053       -2.7091593E-12
   90.08732       -2.7271759E-12
   90.21411       -2.6925951E-12
   90.34090       -2.6069112E-12
   90.46770       -2.4727241E-12
   90.59449       -2.2935811E-12
   90.72128       -2.0737891E-12
   90.84808       -1.8182036E-12
   90.97487       -1.5320065E-12
   91.10166       -1.2204825E-12
   91.22845       -8.8880596E-13
   91.35525       -5.4184874E-13
   91.48204       -1.8401792E-13
   91.60883        1.8086422E-13
   91.73563        5.4963429E-13
   91.86242        9.1980687E-13
   91.98921        1.2895393E-12
   92.11600        1.6575385E-12
   92.24279        2.0229135E-12
   92.36958        2.3849824E-12
   92.49638        2.7430356E-12
   92.62317        3.0960716E-12
   92.74996        3.4425182E-12
   92.87675        3.7799507E-12
   93.00355        4.1048315E-12
   93.13034        4.4122757E-12
   93.25713        4.6958752E-12
   93.38393        4.9475866E-12
   93.51072        5.1577007E-12
   93.63751        5.3149087E-12
   93.76431        5.4064739E-12
   93.89110        5.4185107E-12
   94.01789        5.3363737E-12
   94.14468        5.1451577E-12
   94.27148        4.8302942E-12
   94.39827        4.3782304E-12
   94.52506        3.7771765E-12
   94.65186        3.0178932E-12
   94.77865        2.0944921E-12
   94.90544        1.0052203E-12
   95.03223       -2.4680857E-13
   95.15903       -1.6529691E-12
   95.28582       -3.1986002E-12
   95.41261       -4.8626385E-12
   95.53941       -6.6174362E-12
   95.66620       -8.4287976E-12
   95.79299       -1.0256248E-11
   95.91978       -1.2053553E-11
   96.04657       -1.3769503E-11
   96.17336       -1.5348943E-11
   96.30016       -1.6734057E-11
   96.42695       -1.7865877E-11
   96.55374       -1.8685985E-11
   96.68053       -1.9138361E-11
   96.80733       -1.9171352E-11
   96.93412       -1.8739692E-11
   97.06091       -1.7806487E-11
   97.18771       -1.6345154E-11
   97.31450       -1.4341185E-11
   97.44129       -1.1793706E-11
   97.56808       -8.7167504E-12
   97.69488       -5.1401795E-12
   97.82167       -1.1102031E-12
   97.94846        3.3105524E-12
   98.07526        8.0434678E-12
   98.20205        1.2994860E-11
   98.32884        1.8057422E-11
   98.45564        2.3112177E-11
   98.58243        2.8030918E-11
   98.70922        3.2679075E-11
   98.83601        3.6918971E-11
   98.96281        4.0613395E-11
   99.08960        4.3629354E-11
   99.21639        4.5842014E-11
   99.34319        4.7138567E-11
   99.46998        4.7422073E-11
   99.59677        4.6615010E-11
   99.72356        4.4662555E-11
   99.85035        4.1535338E-11
   99.97714        3.7231721E-11
   100.1039        3.1779360E-11
   100.2307        2.5236096E-11
   100.3575        1.7690039E-11
   100.4843        9.2588524E-12
   100.6111        8.8199786E-14
   100.7379       -9.6506197E-12
   100.8647       -1.9763831E-11
   100.9915       -3.0039041E-11
   101.1183       -4.0249755E-11
   101.2451       -5.0160428E-11
   101.3719       -5.9531921E-11
   101.4987       -6.8127205E-11
   101.6255       -7.5717245E-11
   101.7522       -8.2086796E-11
   101.8790       -8.7040021E-11
   102.0058       -9.0405766E-11
   102.1326       -9.2042297E-11
   102.2594       -9.1841486E-11
   102.3862       -8.9732104E-11
   102.5130       -8.5682385E-11
   102.6398       -7.9701606E-11
   102.7666       -7.1840658E-11
   102.8934       -6.2191641E-11
   103.0202       -5.0886510E-11
   103.1470       -3.8094673E-11
   103.2738       -2.4019804E-11
   103.4006       -8.8957678E-12
   103.5273        7.0180532E-12
   103.6541        2.3442059E-11
   103.7809        4.0082077E-11
   103.9077        5.6635283E-11
   104.0345        7.2796200E-11
   104.1613        8.8262640E-11
   104.2881        1.0274141E-10
   104.4149        1.1595370E-10
   104.5417        1.2763993E-10
   104.6685        1.3756402E-10
   104.7953        1.4551714E-10
   104.9221        1.5132058E-10
   105.0489        1.5482800E-10
   105.1756        1.5592692E-10
   105.3024        1.5453953E-10
   105.4292        1.5062289E-10
   105.5560        1.4416847E-10
   105.6828        1.3520134E-10
   105.8096        1.2377892E-10
   105.9364        1.0998951E-10
   106.0632        9.3950583E-11
   106.1900        7.5807173E-11
   106.3168        5.5730174E-11
   106.4436        3.3914819E-11
   106.5704        1.0579377E-11
   106.6972       -1.4036022E-11
   106.8240       -3.9670260E-11
   106.9507       -6.6041950E-11
   107.0775       -9.2850047E-11
   107.2043       -1.1977426E-10
   107.3311       -1.4647562E-10
   107.4579       -1.7259720E-10
   107.5847       -1.9776498E-10
   107.7115       -2.2158930E-10
   107.8383       -2.4366675E-10
   107.9651       -2.6358285E-10
   108.0919       -2.8091557E-10
   108.2187       -2.9523972E-10
   108.3455       -3.0613229E-10
   108.4723       -3.1317904E-10
   108.5990       -3.1598191E-10
   108.7258       -3.1416747E-10
   108.8526       -3.0739630E-10
   108.9794       -2.9537320E-10
   109.1062       -2.7785749E-10
   109.2330       -2.5467423E-10
   109.3598       -2.2572491E-10
   109.4866       -1.9099811E-10
   109.6134       -1.5057942E-10
   109.7402       -1.0466031E-10
   109.8670       -5.3545533E-11
   109.9938        2.3410557E-12
   110.1206        6.2452793E-11
   110.2474        1.2611914E-10
   110.3741        1.9254695E-10
   110.5009        2.6082486E-10
   110.6277        3.2993044E-10
   110.7545        3.9874090E-10
   110.8813        4.6604620E-10
   111.0081        5.3056570E-10
   111.1349        5.9096744E-10
   111.2617        6.4588979E-10
   111.3885        6.9396577E-10
   111.5153        7.3384876E-10
   111.6421        7.6423962E-10
   111.7689        7.8391477E-10
   111.8957        7.9175461E-10
   112.0224        7.8677109E-10
   112.1492        7.6813494E-10
   112.2760        7.3520096E-10
   112.4028        6.8753114E-10
   112.5296        6.2491567E-10
   112.6564        5.4738986E-10
   112.7832        4.5524831E-10
   112.9100        3.4905465E-10
   113.0368        2.2964683E-10
   113.1636        9.8138275E-11
   113.2904       -4.4085353E-11
   113.4172       -1.9537533E-10
   113.5440       -3.5383224E-10
   113.6708       -5.1732341E-10
   113.7975       -6.8350520E-10
   113.9243       -8.4984864E-10
   114.0511       -1.0136695E-09
   114.1779       -1.1721616E-09
   114.3047       -1.3224331E-09
   114.4315       -1.4615459E-09
   114.5583       -1.5865566E-09
   114.6851       -1.6945607E-09
   114.8119       -1.7827371E-09
   114.9387       -1.8483930E-09
   115.0655       -1.8890116E-09
   115.1923       -1.9022977E-09
   115.3191       -1.8862241E-09
   115.4458       -1.8390762E-09
   115.5726       -1.7594970E-09
   115.6994       -1.6465278E-09
   115.8262       -1.4996491E-09
   115.9530       -1.3188154E-09
   116.0798       -1.1044901E-09
   116.2066       -8.5767277E-10
   116.3334       -5.7992389E-10
   116.4602       -2.7338157E-10
   116.5870        5.9226818E-11
   116.7138        4.1458051E-10
   116.8406        7.8877049E-10
   116.9674        1.1773125E-09
   117.0942        1.5751705E-09
   117.2209        1.9767901E-09
   117.3477        2.3761433E-09
   117.4745        2.7667855E-09
   117.6013        3.1419227E-09
   117.7281        3.4944929E-09
   117.8549        3.8172558E-09
   117.9817        4.1028976E-09
   118.1085        4.3441446E-09
   118.2353        4.5338830E-09
   118.3621        4.6652961E-09
   118.4889        4.7319979E-09
   118.6157        4.7281761E-09
   118.7425        4.6487374E-09
   118.8692        4.4894510E-09
   118.9960        4.2470880E-09
   119.1228        3.9195567E-09
   119.2496        3.5060252E-09
   119.3764        3.0070351E-09
   119.5032        2.4245925E-09
   119.6300        1.7622430E-09
   119.7568        1.0251243E-09
   119.8836        2.1999209E-10
   120.0104       -6.4478634E-10
   120.1372       -1.5592621E-09
   120.2640       -2.5119749E-09
   120.3908       -3.4900509E-09
   120.5176       -4.4793351E-09
   120.6443       -5.4645626E-09
   120.7711       -6.4295542E-09
   120.8979       -7.3574502E-09
   121.0247       -8.2309670E-09
   121.1515       -9.0326813E-09
   121.2783       -9.7453308E-09
   121.4051       -1.0352134E-08
   121.5319       -1.0837118E-08
   121.6587       -1.1185444E-08
   121.7855       -1.1383744E-08
   121.9123       -1.1420433E-08
   122.0391       -1.1286011E-08
   122.1659       -1.0973332E-08
   122.2927       -1.0477856E-08
   122.4194       -9.7978461E-09
   122.5462       -8.9345349E-09
   122.6730       -7.8922318E-09
   122.7998       -6.6783854E-09
   122.9266       -5.3035709E-09
   123.0534       -3.7814321E-09
   123.1802       -2.1285516E-09
   123.3070       -3.6427081E-10
   123.4338        1.4895625E-09
   123.5606        3.4089052E-09
   123.6874        5.3678688E-09
   123.8142        7.3391302E-09
   123.9410        9.2943813E-09
   124.0677        1.1204802E-08
   124.1945        1.3041565E-08
   124.3213        1.4776353E-08
   124.4481        1.6381863E-08
   124.5749        1.7832329E-08
   124.7017        1.9103982E-08
   124.8285        2.0175518E-08
   124.9553        2.1028500E-08
   125.0821        2.1647711E-08
   125.2089        2.2021442E-08
   125.3357        2.2141711E-08
   125.4625        2.2004391E-08
   125.5893        2.1609296E-08
   125.7161        2.0960130E-08
   125.8428        2.0064373E-08
   125.9696        1.8933109E-08
   126.0964        1.7580719E-08
   126.2232        1.6024536E-08
   126.3500        1.4284426E-08
   126.4768        1.2382316E-08
   126.6036        1.0341651E-08
   126.7304        8.1868574E-09
   126.8572        5.9427645E-09
   126.9840        3.6340200E-09
   127.1108        1.2845397E-09
   127.2376       -1.0830316E-09
   127.3644       -3.4477985E-09
   127.4911       -5.7910481E-09
   127.6179       -8.0965830E-09
   127.7447       -1.0350992E-08
   127.8715       -1.2543786E-08
   127.9983       -1.4667455E-08
   128.1251       -1.6717388E-08
   128.2519       -1.8691653E-08
   128.3787       -2.0590711E-08
   128.5055       -2.2416906E-08
   128.6323       -2.4173939E-08
   128.7591       -2.5866139E-08
   128.8859       -2.7497684E-08
   129.0127       -2.9071687E-08
   129.1395       -3.0589234E-08
   129.2663       -3.2048352E-08
   129.3930       -3.3442902E-08
   129.5198       -3.4761470E-08
   129.6466       -3.5986226E-08
   129.7734       -3.7091880E-08
   129.9002       -3.8044572E-08
   130.0270       -3.8800870E-08
   130.1538       -3.9306904E-08
   130.2806       -3.9497529E-08
   130.4074       -3.9295607E-08
   130.5342       -3.8611546E-08
   130.6610       -3.7342904E-08
   130.7878       -3.5374214E-08
   130.9146       -3.2576953E-08
   131.0414       -2.8809826E-08
   131.1681       -2.3919130E-08
   131.2949       -1.7739419E-08
   131.4217       -1.0094364E-08
   131.5485       -7.9778839E-10
   131.6753        1.0345028E-08
   131.8021        2.3535870E-08
   131.9289        3.8981977E-08
   132.0557        5.6894113E-08
   132.1825        7.7484735E-08
   132.3093        1.0096581E-07
   132.4361        1.2754658E-07
   132.5629        1.5743146E-07
   132.6897        1.9081749E-07
   132.8164        2.2789213E-07
   132.9432        2.6883103E-07
   133.0700        3.1379568E-07
   133.1968        3.6293119E-07
   133.3236        4.1636449E-07
   133.4504        4.7420198E-07
   133.5772        5.3652832E-07
   133.7040        6.0340471E-07
   133.8308        6.7486798E-07
   133.9576        7.5092919E-07
   134.0844        8.3157283E-07
   134.2112        9.1675736E-07
   134.3380        1.0064140E-06
   134.4648        1.1004477E-06
   134.5915        1.1987371E-06
   134.7183        1.3011365E-06
   134.8451        1.4074756E-06
   134.9719        1.5175616E-06
   135.0987        1.6311814E-06
   135.2255        1.7481029E-06
   135.3523        1.8680769E-06
   135.4791        1.9908407E-06
   135.6059        2.1161186E-06
   135.7327        2.2436268E-06
   135.8595        2.3730734E-06
   135.9863        2.5041629E-06
   136.1131        2.6365990E-06
   136.2398        2.7700842E-06
   136.3666        2.9043258E-06
   136.4934        3.0390354E-06
   136.6202        3.1739328E-06
   136.7470        3.3087456E-06
   136.8738        3.4432126E-06
   137.0006        3.5770847E-06
   137.1274        3.7101252E-06
   137.2542        3.8421099E-06
   137.3810        3.9728297E-06
   137.5078        4.1020885E-06
   137.6346        4.2297024E-06
   137.7614        4.3555010E-06
   137.8882        4.4793273E-06
   138.0149        4.6010327E-06
   138.1417        4.7204803E-06
   138.2685        4.8375409E-06
   138.3953        4.9520913E-06
   138.5221        5.0640142E-06
   138.6489        5.1731954E-06
   138.7757        5.2795203E-06
   138.9025        5.3828771E-06
   139.0293        5.4831480E-06
   139.1561        5.5802143E-06
   139.2829        5.6739505E-06
   139.4097        5.7642246E-06
   139.5365        5.8508963E-06
   139.6632        5.9338172E-06
   139.7900        6.0128268E-06
   139.9168        6.0877555E-06
   140.0436        6.1584215E-06
   140.1704        6.2246327E-06
   140.2972        6.2861855E-06
   140.4240        6.3428670E-06
   140.5508        6.3944535E-06
   140.6776        6.4407145E-06
   140.8044        6.4814103E-06
   140.9312        6.5162972E-06
   141.0580        6.5451286E-06
   141.1848        6.5676550E-06
   141.3116        6.5836289E-06
   141.4383        6.5928061E-06
   141.5651        6.5949525E-06
   141.6919        6.5898435E-06
   141.8187        6.5772679E-06
   141.9455        6.5570321E-06
   142.0723        6.5289678E-06
   142.1991        6.4929304E-06
   142.3259        6.4488067E-06
   142.4527        6.3965199E-06
   142.5795        6.3360308E-06
   142.7063        6.2673471E-06
   142.8331        6.1905230E-06
   142.9599        6.1056658E-06
   143.0867        6.0129378E-06
   143.2134        5.9125637E-06
   143.3402        5.8048299E-06
   143.4670        5.6900876E-06
   143.5938        5.5687565E-06
   143.7206        5.4413240E-06
   143.8474        5.3083468E-06
   143.9742        5.1704496E-06
   144.1010        5.0283252E-06
   144.2278        4.8827305E-06
   144.3546        4.7344838E-06
   144.4814        4.5844590E-06
   144.6082        4.4335802E-06
   144.7350        4.2828151E-06
   144.8617        4.1331659E-06
   144.9885        3.9856582E-06
   145.1153        3.8413345E-06
   145.2421        3.7012398E-06
   145.3689        3.5664089E-06
   145.4957        3.4378561E-06
   145.6225        3.3165602E-06
   145.7493        3.2034507E-06
   145.8761        3.0993963E-06
   146.0029        3.0051899E-06
   146.1297        2.9215362E-06
   146.2565        2.8490401E-06
   146.3833        2.7881949E-06
   146.5101        2.7393733E-06
   146.6368        2.7028170E-06
   146.7636        2.6786315E-06
   146.8904        2.6667792E-06
   147.0172        2.6670778E-06
   147.1440        2.6791977E-06
   147.2708        2.7026640E-06
   147.3976        2.7368601E-06
   147.5244        2.7810322E-06
   147.6512        2.8342988E-06
   147.7780        2.8956592E-06
   147.9048        2.9640071E-06
   148.0316        3.0381429E-06
   148.1584        3.1167906E-06
   148.2851        3.1986137E-06
   148.4119        3.2822338E-06
   148.5387        3.3662493E-06
   148.6655        3.4492555E-06
   148.7923        3.5298631E-06
   148.9191        3.6067186E-06
   149.0459        3.6785223E-06
   149.1727        3.7440482E-06
   149.2995        3.8021601E-06
   149.4263        3.8518274E-06
   149.5531        3.8921389E-06
   149.6799        3.9223178E-06
   149.8067        3.9417291E-06
   149.9335        3.9498905E-06
   150.0602        3.9464753E-06
   150.1870        3.9313195E-06
   150.3138        3.9044207E-06
   150.4406        3.8659373E-06
   150.5674        3.8161866E-06
   150.6942        3.7556358E-06
   150.8210        3.6848990E-06
   150.9478        3.6047243E-06
   151.0746        3.5159826E-06
   151.2014        3.4196560E-06
   151.3282        3.3168224E-06
   151.4550        3.2086414E-06
   151.5818        3.0963370E-06
   151.7085        2.9811804E-06
   151.8353        2.8644743E-06
   151.9621        2.7475335E-06
   152.0889        2.6316686E-06
   152.2157        2.5181682E-06
   152.3425        2.4082817E-06
   152.4693        2.3032042E-06
   152.5961        2.2040581E-06
   152.7229        2.1118815E-06
   152.8497        2.0276123E-06
   152.9765        1.9520760E-06
   153.1033        1.8859756E-06
   153.2301        1.8298800E-06
   153.3569        1.7842168E-06
   153.4836        1.7492652E-06
   153.6104        1.7251502E-06
   153.7372        1.7118404E-06
   153.8640        1.7091447E-06
   153.9908        1.7167145E-06
   154.1176        1.7340437E-06
   154.2444        1.7604746E-06
   154.3712        1.7952027E-06
   154.4980        1.8372856E-06
   154.6248        1.8856523E-06
   154.7516        1.9391155E-06
   154.8784        1.9963850E-06
   155.0052        2.0560838E-06
   155.1319        2.1167650E-06
   155.2587        2.1769299E-06
   155.3855        2.2350489E-06
   155.5123        2.2895817E-06
   155.6391        2.3389996E-06
   155.7659        2.3818066E-06
   155.8927        2.4165631E-06
   156.0195        2.4419069E-06
   156.1463        2.4565754E-06
   156.2731        2.4594251E-06
   156.3999        2.4494523E-06
   156.5267        2.4258090E-06
   156.6535        2.3878206E-06
   156.7803        2.3349978E-06
   156.9070        2.2670474E-06
   157.0338        2.1838810E-06
   157.1606        2.0856185E-06
   157.2874        1.9725921E-06
   157.4142        1.8453430E-06
   157.5410        1.7046167E-06
   157.6678        1.5513560E-06
   157.7946        1.3866900E-06
   157.9214        1.2119185E-06
   158.0482        1.0284966E-06
   158.1750        8.3801461E-07
   158.3018        6.4217750E-07
   158.4286        4.4278067E-07
   158.5553        2.4168688E-07
   158.6821        4.0799719E-08
   158.8089       -1.5796120E-07
   158.9357       -3.5268576E-07
   159.0625       -5.4149928E-07
   159.1893       -7.2258530E-07
   159.3161       -8.9421167E-07
   159.4429       -1.0547491E-06
   159.5697       -1.2026935E-06
   159.6965       -1.3366836E-06
   159.8233       -1.4555159E-06
   159.9501       -1.5581586E-06
   160.0769       -1.6437630E-06
   160.2037       -1.7116710E-06
