           0           1           0           0
           1           1           1           0
           2           1           2           0
           3           1           3           0
           4           1           0           1
           5           1           1           1
           6           1           2           1
           7           1           3           1
           8           1           0           2
           9           1           1           2
          10           1           2           2
          11           1           3           2
          12           1           0           3
          13           1           1           3
          14           1           2           3
          15           1           3           3
