AAK      MXN        42.6390   74.4940 1645.0   30.0    0.0    0.0       1.0000     913 2003 360 01 56 52.400
AAK      MXE        42.6390   74.4940 1645.0   30.0   90.0    0.0       1.0000     913 2003 360 01 56 52.400
AAK      MXZ        42.6390   74.4940 1645.0   30.0    0.0  -90.0       1.0000     913 2003 360 01 56 52.400
ABKT     MXN        37.9304   58.1189  678.0    7.0    0.0    0.0       1.0000     913 2003 360 01 56 52.400
ABKT     MXE        37.9304   58.1189  678.0    7.0   90.0    0.0       1.0000     913 2003 360 01 56 52.400
ABKT     MXZ        37.9304   58.1189  678.0    7.0    0.0  -90.0       1.0000     913 2003 360 01 56 52.400
GAR      MXN        39.0000   70.3167 1300.0    0.0    0.0    0.0       1.0000     913 2003 360 01 56 52.400
GAR      MXE        39.0000   70.3167 1300.0    0.0   90.0    0.0       1.0000     913 2003 360 01 56 52.400
GAR      MXZ        39.0000   70.3167 1300.0    0.0    0.0  -90.0       1.0000     913 2003 360 01 56 52.400
KIV      MXN        43.9562   42.6888 1210.0    0.0    0.0    0.0       1.0000     913 2003 360 01 56 52.400
KIV      MXE        43.9562   42.6888 1210.0    0.0   90.0    0.0       1.0000     913 2003 360 01 56 52.400
KIV      MXZ        43.9562   42.6888 1210.0    0.0    0.0  -90.0       1.0000     913 2003 360 01 56 52.400
NIL      MXN        33.6506   73.2686  629.0   68.0    0.0    0.0       1.0000     913 2003 360 01 56 52.400
NIL      MXE        33.6506   73.2686  629.0   68.0   90.0    0.0       1.0000     913 2003 360 01 56 52.400
NIL      MXZ        33.6506   73.2686  629.0   68.0    0.0  -90.0       1.0000     913 2003 360 01 56 52.400
RAYN     MXN        23.5225   45.5032  631.0    2.0    0.0    0.0       1.0000     913 2003 360 01 56 52.400
RAYN     MXE        23.5225   45.5032  631.0    2.0   90.0    0.0       1.0000     913 2003 360 01 56 52.400
RAYN     MXZ        23.5225   45.5032  631.0    2.0    0.0  -90.0       1.0000     913 2003 360 01 56 52.400
UOSS     MXN        24.9453   56.2042  284.4    0.0    0.0    0.0       1.0000     913 2003 360 01 56 52.400
UOSS     MXE        24.9453   56.2042  284.4    0.0   90.0    0.0       1.0000     913 2003 360 01 56 52.400
UOSS     MXZ        24.9453   56.2042  284.4    0.0    0.0  -90.0       1.0000     913 2003 360 01 56 52.400
AAE      MXN         9.0292   38.7656 2442.0    0.0    0.0    0.0       1.0000     913 2003 360 01 56 52.400
AAE      MXE         9.0292   38.7656 2442.0    0.0   90.0    0.0       1.0000     913 2003 360 01 56 52.400
AAE      MXZ         9.0292   38.7656 2442.0    0.0    0.0  -90.0       1.0000     913 2003 360 01 56 52.400
ANTO     MXN        39.8680   32.7934  895.0  195.0    0.0    0.0       1.0000     913 2003 360 01 56 52.400
ANTO     MXE        39.8680   32.7934  895.0  195.0   90.0    0.0       1.0000     913 2003 360 01 56 52.400
ANTO     MXZ        39.8680   32.7934  895.0  195.0    0.0  -90.0       1.0000     913 2003 360 01 56 52.400
FURI     MXN         8.8952   38.6798 2565.0    5.0    0.0    0.0       1.0000     913 2003 360 01 56 52.400
FURI     MXE         8.8952   38.6798 2565.0    5.0   90.0    0.0       1.0000     913 2003 360 01 56 52.400
FURI     MXZ         8.8952   38.6798 2565.0    5.0    0.0  -90.0       1.0000     913 2003 360 01 56 52.400
GNI      MXN        40.1480   44.7410 1509.0  100.0    0.0    0.0       1.0000     913 2003 360 01 56 52.400
GNI      MXE        40.1480   44.7410 1509.0  100.0   90.0    0.0       1.0000     913 2003 360 01 56 52.400
GNI      MXZ        40.1480   44.7410 1509.0  100.0    0.0  -90.0       1.0000     913 2003 360 01 56 52.400
