  -4.500000        3.3825504E-19
  -4.373208        3.3825238E-19
  -4.246415        3.3824560E-19
  -4.119622        3.3823609E-19
  -3.992829        3.3822477E-19
  -3.866037        3.3821174E-19
  -3.739244        3.3819861E-19
  -3.612452        3.3818574E-19
  -3.485659        3.3817374E-19
  -3.358866        3.3816301E-19
  -3.232074        3.3815386E-19
  -3.105281        3.3814629E-19
  -2.978488        3.3813962E-19
  -2.851696        3.3813267E-19
  -2.724903        3.3812481E-19
  -2.598110        3.3811537E-19
  -2.471318        3.3810227E-19
  -2.344525        3.3808472E-19
  -2.217732        3.3806179E-19
  -2.090940        3.3803188E-19
  -1.964147        3.3799561E-19
  -1.837354        3.3795307E-19
  -1.710562        3.3790442E-19
  -1.583769        3.3785130E-19
  -1.456976        3.3779637E-19
  -1.330184        3.3774012E-19
  -1.203391        3.3768622E-19
  -1.076598        3.3763592E-19
 -0.9498057        3.3759014E-19
 -0.8230131        3.3754969E-19
 -0.6962205        3.3751422E-19
 -0.5694278        3.3748315E-19
 -0.4426351        3.3745903E-19
 -0.3158425        3.3744445E-19
 -0.1890498        3.3744295E-19
 -6.2257171E-02    3.3746110E-19
  6.4535484E-02    3.3750055E-19
  0.1913281        3.3755597E-19
  0.3181208        3.3761007E-19
  0.4449134        3.3762747E-19
  0.5717061        3.3756039E-19
  0.6984987        3.3735700E-19
  0.8252914        3.3697818E-19
  0.9520841        3.3642927E-19
   1.078877        3.3578394E-19
   1.205669        3.3520729E-19
   1.332462        3.3495019E-19
   1.459255        3.3530684E-19
   1.586047        3.3653184E-19
   1.712840        3.3871816E-19
   1.839633        3.4165173E-19
   1.966425        3.4469671E-19
   2.093218        3.4675197E-19
   2.220011        3.4633820E-19
   2.346803        3.4184792E-19
   2.473596        3.3195701E-19
   2.600389        3.1613804E-19
   2.727181        2.9516632E-19
   2.853974        2.7146933E-19
   2.980767        2.4915520E-19
   3.107559        2.3361263E-19
   3.234352        2.3065544E-19
   3.361145        2.4531266E-19
   3.487937        2.8046396E-19
   3.614730        3.3561682E-19
   3.741522        4.0610137E-19
   3.868315        4.8287702E-19
   3.995108        5.5301635E-19
   4.121901        6.0079482E-19
   4.248693        6.0924179E-19
   4.375485        5.6206240E-19
   4.502278        4.4596068E-19
   4.629071        2.5355787E-19
   4.755864       -1.2913945E-20
   4.882656       -3.3720054E-19
   5.009449       -6.8456527E-19
   5.136241       -9.9877065E-19
   5.263034       -1.2027804E-18
   5.389827       -1.2057555E-18
   5.516620       -9.1828618E-19
   5.643412       -2.7596562E-19
   5.770205        7.3150456E-19
   5.896997        2.0318203E-18
   6.023790        3.4511104E-18
   6.150583        4.7142210E-18
   6.277375        5.4718932E-18
   6.404168        5.3571058E-18
   6.530961        4.0649132E-18
   6.657753        1.4414873E-18
   6.784546       -2.4387487E-18
   6.911339       -7.2312228E-18
   7.038131       -1.2333758E-17
   7.164924       -1.6962075E-17
   7.291717       -2.0281239E-17
   7.418509       -2.1569477E-17
   7.545302       -2.0377699E-17
   7.672095       -1.6642892E-17
   7.798887       -1.0719218E-17
   7.925680       -3.3070830E-18
   8.052472        4.7147748E-18
   8.179265        1.2521433E-17
   8.306058        1.9581261E-17
   8.432851        2.5831661E-17
   8.559643        3.1720960E-17
   8.686436        3.8064963E-17
   8.813229        4.5702807E-17
   8.940022        5.4986385E-17
   9.066813        6.5194875E-17
   9.193606        7.4020039E-17
   9.320399        7.7306831E-17
   9.447192        6.9242998E-17
   9.573984        4.3155955E-17
   9.700777       -7.0142319E-18
   9.827570       -8.4640919E-17
   9.954362       -1.8799862E-16
   10.08115       -3.0797332E-16
   10.20795       -4.2652087E-16
   10.33474       -5.1657363E-16
   10.46153       -5.4402375E-16
   10.58833       -4.7216216E-16
   10.71512       -2.6851908E-16
   10.84191        8.6516415E-17
   10.96870        5.9052982E-16
   11.09550        1.2111195E-15
   11.22229        1.8811753E-15
   11.34908        2.4993499E-15
   11.47587        2.9371503E-15
   11.60267        3.0531334E-15
   11.72946        2.7134044E-15
   11.85625        1.8162404E-15
   11.98304        3.1740344E-16
   12.10984       -1.7481095E-15
   12.23663       -4.2522956E-15
   12.36342       -6.9721251E-15
   12.49022       -9.6016284E-15
   12.61701       -1.1778373E-14
   12.74380       -1.3122279E-14
   12.87059       -1.3282405E-14
   12.99739       -1.1985654E-14
   13.12418       -9.0804659E-15
   13.25097       -4.5689292E-15
   13.37776        1.3777711E-15
   13.50456        8.4231252E-15
   13.63135        1.6087829E-14
   13.75814        2.3787474E-14
   13.88493        3.0879403E-14
   14.01173        3.6711458E-14
   14.13852        4.0665713E-14
   14.26531        4.2192070E-14
   14.39211        4.0829987E-14
   14.51890        3.6220369E-14
   14.64569        2.8113450E-14
   14.77248        1.6380782E-14
   14.89928        1.0399617E-15
   15.02607       -1.7701706E-14
   15.15286       -3.9383434E-14
   15.27965       -6.3212958E-14
   15.40645       -8.7988251E-14
   15.53324       -1.1203998E-13
   15.66003       -1.3322033E-13
   15.78682       -1.4896385E-13
   15.91362       -1.5644049E-13
   16.04041       -1.5280973E-13
   16.16720       -1.3556844E-13
   16.29399       -1.0296593E-13
   16.42079       -5.4440732E-14
   16.54758        8.9820610E-15
   16.67437        8.4402327E-14
   16.80116        1.6693350E-13
   16.92796        2.4982349E-13
   17.05475        3.2484012E-13
   17.18154        3.8292031E-13
   17.30834        4.1504690E-13
   17.43513        4.1327814E-13
   17.56192        3.7182760E-13
   17.68871        2.8807070E-13
   17.81551        1.6335200E-13
   17.94230        3.4776894E-15
   18.06909       -1.8119302E-13
   18.19588       -3.7610648E-13
   18.32268       -5.6332510E-13
   18.44947       -7.2274717E-13
   18.57626       -8.3365406E-13
   18.70305       -8.7647213E-13
   18.82985       -8.3462588E-13
   18.95664       -6.9635010E-13
   19.08343       -4.5634389E-13
   19.21023       -1.1715893E-13
   19.33702        3.0976843E-13
   19.46381        8.0352191E-13
   19.59060        1.3336219E-12
   19.71740        1.8605304E-12
   19.84419        2.3368252E-12
   19.97098        2.7091218E-12
   20.09777        2.9208081E-12
   20.22457        2.9156285E-12
   20.35136        2.6420784E-12
   20.47815        2.0585042E-12
   20.60494        1.1386697E-12
   20.73174       -1.2256283E-13
   20.85853       -1.7039126E-12
   20.98532       -3.5533018E-12
   21.11212       -5.5850520E-12
   21.23891       -7.6792860E-12
   21.36570       -9.6840765E-12
   21.49249       -1.1420731E-11
   21.61929       -1.2692391E-11
   21.74608       -1.3295780E-11
   21.87287       -1.3035698E-11
   21.99966       -1.1741486E-11
   22.12646       -9.2844630E-12
   22.25325       -5.5950869E-12
   22.38004       -6.7853660E-13
   22.50683        5.3726789E-12
   22.63363        1.2370304E-11
   22.76042        2.0027185E-11
   22.88721        2.7960204E-11
   23.01401        3.5699804E-11
   23.14080        4.2706193E-11
   23.26759        4.8392079E-11
   23.39438        5.2151315E-11
   23.52118        5.3392551E-11
   23.64797        5.1576719E-11
   23.77476        4.6256627E-11
   23.90155        3.7117021E-11
   24.02835        2.4012941E-11
   24.15514        7.0040631E-12
   24.28193       -1.3617249E-11
   24.40872       -3.7306692E-11
   24.53552       -6.3259745E-11
   24.66231       -9.0416369E-11
   24.78910       -1.1748037E-10
   24.91590       -1.4295398E-10
   25.04269       -1.6518828E-10
   25.16948       -1.8244838E-10
   25.29627       -1.9299204E-10
   25.42307       -1.9515894E-10
   25.54986       -1.8746769E-10
   25.67665       -1.6871586E-10
   25.80344       -1.3807915E-10
   25.93024       -9.5204240E-11
   26.05703       -4.0290653E-11
   26.18382        2.5843732E-11
   26.31061        1.0171793E-10
   26.43741        1.8516821E-10
   26.56420        2.7335736E-10
   26.69099        3.6281581E-10
   26.81779        4.4951598E-10
   26.94458        5.2898175E-10
   27.07137        5.9643152E-10
   27.19816        6.4695405E-10
   27.32495        6.7571282E-10
   27.45175        6.7817396E-10
   27.57854        6.5035111E-10
   27.70533        5.8905708E-10
   27.83213        4.9215326E-10
   27.95892        3.5878411E-10
   28.08571        1.8958385E-10
   28.21250       -1.3157250E-11
   28.33930       -2.4538097E-10
   28.46609       -5.0121446E-10
   28.59288       -7.7300011E-10
   28.71968       -1.0514078E-09
   28.84647       -1.3256374E-09
   28.97326       -1.5837074E-09
   29.10005       -1.8128313E-09
   29.22684       -1.9998696E-09
   29.35364       -2.1318480E-09
   29.48043       -2.1965223E-09
   29.60722       -2.1829727E-09
   29.73402       -2.0821997E-09
   29.86081       -1.8876971E-09
   29.98760       -1.5959756E-09
   30.11439       -1.2070076E-09
   30.24119       -7.2456618E-10
   30.36798       -1.5643707E-10
   30.49477        4.8551829E-10
   30.62156        1.1854608E-09
   30.74836        1.9238409E-09
   30.87515        2.6778355E-09
   31.00194        3.4219445E-09
   31.12873        4.1287369E-09
   31.25553        4.7697171E-09
   31.38232        5.3162843E-09
   31.50911        5.7407532E-09
   31.63591        6.0173941E-09
   31.76270        6.1234551E-09
   31.88949        6.0401248E-09
   32.01628        5.7534000E-09
   32.14308        5.2548201E-09
   32.26987        4.5420436E-09
   32.39666        3.6192440E-09
   32.52345        2.4973097E-09
   32.65025        1.1938378E-09
   32.77704       -2.6707145E-10
   32.90383       -1.8552165E-09
   33.03062       -3.5348764E-09
   33.15742       -5.2655600E-09
   33.28421       -7.0028858E-09
   33.41100       -8.6995859E-09
   33.53780       -1.0306593E-08
   33.66459       -1.1774203E-08
   33.79138       -1.3053265E-08
   33.91817       -1.4096395E-08
   34.04497       -1.4859197E-08
   34.17176       -1.5301445E-08
   34.29855       -1.5388245E-08
   34.42534       -1.5091128E-08
   34.55214       -1.4389068E-08
   34.67893       -1.3269415E-08
   34.80572       -1.1728703E-08
   34.93251       -9.7733164E-09
   35.05931       -7.4199922E-09
   35.18610       -4.6961257E-09
   35.31289       -1.6398514E-09
   35.43969        1.7001336E-09
   35.56648        5.2650071E-09
   35.69327        8.9865777E-09
   35.82006        1.2788329E-08
   35.94686        1.6586798E-08
   36.07365        2.0293239E-08
   36.20044        2.3815579E-08
   36.32723        2.7060626E-08
   36.45403        2.9936469E-08
   36.58082        3.2355054E-08
   36.70761        3.4234787E-08
   36.83440        3.5503163E-08
   36.96120        3.6099294E-08
   37.08799        3.5976260E-08
   37.21478        3.5103177E-08
   37.34158        3.3466897E-08
   37.46837        3.1073295E-08
   37.59516        2.7948008E-08
   37.72195        2.4136636E-08
   37.84875        1.9704308E-08
   37.97554        1.4734625E-08
   38.10233        9.3280006E-09
   38.22912        3.5993157E-09
   38.35592       -2.3249216E-09
   38.48271       -8.3099838E-09
   38.60950       -1.4216710E-08
   38.73629       -1.9905677E-08
   38.86309       -2.5241508E-08
   38.98988       -3.0097340E-08
   39.11667       -3.4359168E-08
   39.24347       -3.7930047E-08
   39.37026       -4.0733909E-08
   39.49705       -4.2718945E-08
   39.62384       -4.3860354E-08
   39.75064       -4.4162395E-08
   39.87743       -4.3659572E-08
   40.00422       -4.2416932E-08
   40.13101       -4.0529383E-08
   40.25780       -3.8119985E-08
   40.38460       -3.5337177E-08
   40.51139       -3.2351004E-08
   40.63818       -2.9348341E-08
   40.76498       -2.6527193E-08
   40.89177       -2.4090090E-08
   41.01856       -2.2236884E-08
   41.14536       -2.1156817E-08
   41.27215       -2.1020304E-08
   41.39894       -2.1970409E-08
   41.52573       -2.4114341E-08
   41.65253       -2.7515144E-08
   41.77932       -3.2183820E-08
   41.90611       -3.8072148E-08
   42.03290       -4.5066454E-08
   42.15969       -5.2982514E-08
   42.28649       -6.1561920E-08
   42.41328       -7.0470101E-08
   42.54007       -7.9296150E-08
   42.66687       -8.7554746E-08
   42.79366       -9.4690179E-08
   42.92045       -1.0008267E-07
   43.04725       -1.0305697E-07
   43.17404       -1.0289322E-07
   43.30083       -9.8840040E-08
   43.42762       -9.0129539E-08
   43.55442       -7.5994151E-08
   43.68121       -5.5684950E-08
   43.80800       -2.8491010E-08
   43.93479        6.2406422E-09
   44.06158        4.9084814E-08
   44.18838        1.0051851E-07
   44.31517        1.6090215E-07
   44.44196        2.3046232E-07
   44.56876        3.0927677E-07
   44.69555        3.9726180E-07
   44.82234        4.9416298E-07
   44.94913        5.9954897E-07
   45.07593        7.1280971E-07
   45.20272        8.3315791E-07
   45.32951        9.5963446E-07
   45.45631        1.0911189E-06
   45.58310        1.2263413E-06
   45.70989        1.3639004E-06
   45.83668        1.5022822E-06
   45.96347        1.6398826E-06
   46.09027        1.7750305E-06
   46.21706        1.9060132E-06
   46.34385        2.0311027E-06
   46.47065        2.1485801E-06
   46.59744        2.2567606E-06
   46.72423        2.3540183E-06
   46.85102        2.4388071E-06
   46.97782        2.5096817E-06
   47.10461        2.5653158E-06
   47.23140        2.6045186E-06
   47.35820        2.6262485E-06
   47.48499        2.6296257E-06
   47.61178        2.6139433E-06
   47.73857        2.5786742E-06
   47.86536        2.5234808E-06
   47.99216        2.4482199E-06
   48.11895        2.3529492E-06
   48.24574        2.2379297E-06
   48.37254        2.1036312E-06
   48.49933        1.9507322E-06
   48.62612        1.7801212E-06
   48.75291        1.5928944E-06
   48.87971        1.3903524E-06
   49.00650        1.1739917E-06
   49.13329        9.4549432E-07
   49.26009        7.0671274E-07
   49.38688        4.5964887E-07
   49.51367        2.0642837E-07
   49.64046       -5.0730662E-08
   49.76725       -3.0955511E-07
   49.89405       -5.6775934E-07
   50.02084       -8.2309475E-07
   50.14763       -1.0734013E-06
   50.27443       -1.3166658E-06
   50.40122       -1.5510822E-06
   50.52801       -1.7751101E-06
   50.65480       -1.9875376E-06
   50.78160       -2.1875378E-06
   50.90839       -2.3747205E-06
   51.03518       -2.5491813E-06
   51.16198       -2.7115366E-06
   51.28877       -2.8629495E-06
   51.41556       -3.0051456E-06
   51.54235       -3.1404090E-06
   51.66914       -3.2715648E-06
   51.79594       -3.4019447E-06
   51.92273       -3.5353341E-06
   52.04952       -3.6759004E-06
   52.17632       -3.8281046E-06
   52.30311       -3.9965976E-06
   52.42990       -4.1860999E-06
   52.55669       -4.4012709E-06
   52.68349       -4.6465652E-06
   52.81028       -4.9260871E-06
   52.93707       -5.2434375E-06
   53.06387       -5.6015674E-06
   53.19066       -6.0026341E-06
   53.31745       -6.4478677E-06
   53.44424       -6.9374582E-06
   53.57103       -7.4704512E-06
   53.69783       -8.0446798E-06
   53.82462       -8.6567125E-06
   53.95141       -9.3018416E-06
   54.07821       -9.9740964E-06
   54.20500       -1.0666295E-05
   54.33179       -1.1370128E-05
   54.45858       -1.2076289E-05
   54.58538       -1.2774611E-05
   54.71217       -1.3454274E-05
   54.83896       -1.4104009E-05
   54.96576       -1.4712334E-05
   55.09255       -1.5267822E-05
   55.21934       -1.5759366E-05
   55.34613       -1.6176460E-05
   55.47292       -1.6509481E-05
   55.59972       -1.6749958E-05
   55.72651       -1.6890837E-05
   55.85330       -1.6926713E-05
   55.98009       -1.6854048E-05
   56.10689       -1.6671345E-05
   56.23368       -1.6379290E-05
   56.36047       -1.5980848E-05
   56.48727       -1.5481308E-05
   56.61406       -1.4888293E-05
   56.74085       -1.4211696E-05
   56.86765       -1.3463596E-05
   56.99444       -1.2658092E-05
   57.12123       -1.1811113E-05
   57.24802       -1.0940174E-05
   57.37481       -1.0064089E-05
   57.50161       -9.2026612E-06
   57.62840       -8.3763262E-06
   57.75519       -7.6057886E-06
   57.88198       -6.9116309E-06
   58.00878       -6.3139241E-06
   58.13557       -5.8318246E-06
   58.26236       -5.4831908E-06
   58.38916       -5.2842020E-06
   58.51595       -5.2490018E-06
   58.64274       -5.3893737E-06
   58.76954       -5.7144389E-06
   58.89633       -6.2304043E-06
   59.02312       -6.9403523E-06
   59.14991       -7.8440762E-06
   59.27670       -8.9379782E-06
   59.40350       -1.0215012E-05
   59.53029       -1.1664703E-05
   59.65708       -1.3273210E-05
   59.78387       -1.5023465E-05
   59.91067       -1.6895368E-05
   60.03746       -1.8866049E-05
   60.16425       -2.0910174E-05
   60.29105       -2.3000322E-05
   60.41784       -2.5107409E-05
   60.54463       -2.7201151E-05
   60.67142       -2.9250570E-05
   60.79822       -3.1224528E-05
   60.92501       -3.3092281E-05
   61.05180       -3.4824043E-05
   61.17859       -3.6391550E-05
   61.30539       -3.7768612E-05
   61.43218       -3.8931641E-05
   61.55897       -3.9860133E-05
   61.68576       -4.0537128E-05
   61.81256       -4.0949566E-05
   61.93935       -4.1088617E-05
   62.06614       -4.0949908E-05
   62.19294       -4.0533661E-05
   62.31973       -3.9844766E-05
   62.44652       -3.8892715E-05
   62.57331       -3.7691469E-05
   62.70011       -3.6259240E-05
   62.82690       -3.4618137E-05
   62.95369       -3.2793785E-05
   63.08048       -3.0814816E-05
   63.20728       -2.8712344E-05
   63.33407       -2.6519363E-05
   63.46086       -2.4270113E-05
   63.58765       -2.1999438E-05
   63.71445       -1.9742138E-05
   63.84124       -1.7532342E-05
   63.96803       -1.5402898E-05
   64.09483       -1.3384833E-05
   64.22162       -1.1506858E-05
   64.34841       -9.7949433E-06
   64.47520       -8.2719871E-06
   64.60200       -6.9575631E-06
   64.72879       -5.8677515E-06
   64.85558       -5.0150684E-06
   64.98238       -4.4084750E-06
   65.10917       -4.0534642E-06
   65.23596       -3.9522142E-06
   65.36275       -4.1038047E-06
   65.48955       -4.5044731E-06
   65.61633       -5.1479033E-06
   65.74313       -6.0255275E-06
   65.86992       -7.1268305E-06
   65.99671       -8.4396443E-06
   66.12350       -9.9504132E-06
   66.25030       -1.1644430E-05
   66.37709       -1.3506026E-05
   66.50388       -1.5518724E-05
   66.63068       -1.7665328E-05
   66.75747       -1.9927982E-05
   66.88426       -2.2288177E-05
   67.01105       -2.4726733E-05
   67.13785       -2.7223743E-05
   67.26464       -2.9758521E-05
   67.39143       -3.2309530E-05
   67.51823       -3.4854340E-05
   67.64502       -3.7369595E-05
   67.77181       -3.9831037E-05
   67.89861       -4.2213556E-05
   68.02540       -4.4491320E-05
   68.15219       -4.6637968E-05
   68.27898       -4.8626851E-05
   68.40578       -5.0431365E-05
   68.53257       -5.2025320E-05
   68.65936       -5.3383410E-05
   68.78616       -5.4481694E-05
   68.91295       -5.5298089E-05
   69.03974       -5.5812950E-05
   69.16653       -5.6009601E-05
   69.29333       -5.5874822E-05
   69.42011       -5.5399374E-05
   69.54691       -5.4578384E-05
   69.67370       -5.3411703E-05
   69.80049       -5.1904139E-05
   69.92728       -5.0065628E-05
   70.05408       -4.7911231E-05
   70.18087       -4.5461060E-05
   70.30766       -4.2740026E-05
   70.43446       -3.9777511E-05
   70.56125       -3.6606889E-05
   70.68804       -3.3264969E-05
   70.81483       -2.9791312E-05
   70.94163       -2.6227493E-05
   71.06842       -2.2616325E-05
   71.19521       -1.9001027E-05
   71.32201       -1.5424397E-05
   71.44880       -1.1928005E-05
   71.57559       -8.5514212E-06
   71.70238       -5.3315184E-06
   71.82918       -2.3018590E-06
   71.95597        5.0782273E-07
   72.08276        3.0720139E-06
   72.20956        5.3696895E-06
   72.33635        7.3844462E-06
   72.46314        9.1045049E-06
   72.58994        1.0522582E-05
   72.71673        1.1635639E-05
   72.84352        1.2444522E-05
   72.97031        1.2953517E-05
   73.09711        1.3169813E-05
   73.22389        1.3102936E-05
   73.35069        1.2764134E-05
   73.47748        1.2165767E-05
   73.60427        1.1320712E-05
   73.73106        1.0241806E-05
   73.85786        8.9413461E-06
   73.98465        7.4306754E-06
   74.11144        5.7198504E-06
   74.23824        3.8174217E-06
   74.36503        1.7303136E-06
   74.49182       -5.3617964E-07
   74.61861       -2.9782893E-06
   74.74541       -5.5935657E-06
   74.87220       -8.3805835E-06
   74.99899       -1.1338565E-05
   75.12579       -1.4466947E-05
   75.25258       -1.7764894E-05
   75.37937       -2.1230810E-05
   75.50616       -2.4861834E-05
   75.63296       -2.8653358E-05
   75.75975       -3.2598582E-05
   75.88654       -3.6688143E-05
   76.01334       -4.0909788E-05
   76.14013       -4.5248165E-05
   76.26692       -4.9684699E-05
   76.39371       -5.4197546E-05
   76.52051       -5.8761689E-05
   76.64730       -6.3349129E-05
   76.77409       -6.7929141E-05
   76.90089       -7.2468662E-05
   77.02767       -7.6932745E-05
   77.15446       -8.1285070E-05
   77.28126       -8.5488493E-05
   77.40805       -8.9505680E-05
   77.53484       -9.3299699E-05
   77.66164       -9.6834614E-05
   77.78843       -1.0007612E-04
   77.91522       -1.0299199E-04
   78.04202       -1.0555272E-04
   78.16881       -1.0773185E-04
   78.29560       -1.0950632E-04
   78.42239       -1.1085678E-04
   78.54919       -1.1176777E-04
   78.67598       -1.1222776E-04
   78.80277       -1.1222918E-04
   78.92957       -1.1176831E-04
   79.05636       -1.1084513E-04
   79.18315       -1.0946302E-04
   79.30994       -1.0762853E-04
   79.43674       -1.0535095E-04
   79.56353       -1.0264196E-04
   79.69032       -9.9515186E-05
   79.81712       -9.5985786E-05
   79.94391       -9.2070019E-05
   80.07070       -8.7784858E-05
   80.19749       -8.3147628E-05
   80.32429       -7.8175646E-05
   80.45108       -7.2886003E-05
   80.57787       -6.7295332E-05
   80.70466       -6.1419669E-05
   80.83145       -5.5274384E-05
   80.95824       -4.8874212E-05
   81.08504       -4.2233281E-05
   81.21183       -3.5365269E-05
   81.33862       -2.8283588E-05
   81.46542       -2.1001621E-05
   81.59221       -1.3532980E-05
   81.71900       -5.8918213E-06
   81.84579        1.9068738E-06
   81.97259        9.8469782E-06
   82.09938        1.7910957E-05
   82.22617        2.6079601E-05
   82.35297        3.4331839E-05
   82.47976        4.2644573E-05
   82.60655        5.0992632E-05
   82.73335        5.9348706E-05
   82.86014        6.7683468E-05
   82.98693        7.5965698E-05
   83.11372        8.4162515E-05
   83.24052        9.2239672E-05
   83.36731        1.0016195E-04
   83.49410        1.0789360E-04
   83.62090        1.1539879E-04
   83.74769        1.2264217E-04
   83.87448        1.2958942E-04
   84.00127        1.3620779E-04
   84.12807        1.4246664E-04
   84.25486        1.4833803E-04
   84.38165        1.5379713E-04
   84.50844        1.5882264E-04
   84.63523        1.6339729E-04
   84.76202        1.6750794E-04
   84.88882        1.7114589E-04
   85.01561        1.7430700E-04
   85.14240        1.7699163E-04
   85.26920        1.7920458E-04
   85.39599        1.8095499E-04
   85.52278        1.8225593E-04
   85.64957        1.8312414E-04
   85.77637        1.8357966E-04
   85.90316        1.8364524E-04
   86.02995        1.8334595E-04
   86.15675        1.8270859E-04
   86.28354        1.8176121E-04
   86.41033        1.8053252E-04
   86.53712        1.7905142E-04
   86.66392        1.7734665E-04
   86.79071        1.7544626E-04
   86.91750        1.7337737E-04
   87.04430        1.7116581E-04
   87.17109        1.6883614E-04
   87.29788        1.6641132E-04
   87.42467        1.6391287E-04
   87.55147        1.6136085E-04
   87.67826        1.5877398E-04
   87.80505        1.5616982E-04
   87.93185        1.5356501E-04
   88.05864        1.5097544E-04
   88.18543        1.4841658E-04
   88.31222        1.4590364E-04
   88.43901        1.4345176E-04
   88.56580        1.4107628E-04
   88.69260        1.3879272E-04
   88.81939        1.3661693E-04
   88.94618        1.3456501E-04
   89.07298        1.3265324E-04
   89.19977        1.3089782E-04
   89.32656        1.2931475E-04
   89.45335        1.2791938E-04
   89.58015        1.2672607E-04
   89.70694        1.2574781E-04
   89.83373        1.2499574E-04
   89.96053        1.2447865E-04
   90.08732        1.2420258E-04
   90.21411        1.2417033E-04
   90.34090        1.2438117E-04
   90.46770        1.2483043E-04
   90.59449        1.2550934E-04
   90.72128        1.2640478E-04
   90.84808        1.2749938E-04
   90.97487        1.2877156E-04
   91.10166        1.3019562E-04
   91.22845        1.3174223E-04
   91.35525        1.3337869E-04
   91.48204        1.3506961E-04
   91.60883        1.3677739E-04
   91.73563        1.3846307E-04
   91.86242        1.4008697E-04
   91.98921        1.4160955E-04
   92.11600        1.4299226E-04
   92.24279        1.4419825E-04
   92.36958        1.4519329E-04
   92.49638        1.4594644E-04
   92.62317        1.4643070E-04
   92.74996        1.4662361E-04
   92.87675        1.4650771E-04
   93.00355        1.4607090E-04
   93.13034        1.4530667E-04
   93.25713        1.4421414E-04
   93.38393        1.4279808E-04
   93.51072        1.4106867E-04
   93.63751        1.3904122E-04
   93.76431        1.3673579E-04
   93.89110        1.3417657E-04
   94.01789        1.3139137E-04
   94.14468        1.2841084E-04
   94.27148        1.2526783E-04
   94.39827        1.2199654E-04
   94.52506        1.1863181E-04
   94.65186        1.1520828E-04
   94.77865        1.1175976E-04
   94.90544        1.0831837E-04
   95.03223        1.0491402E-04
   95.15903        1.0157380E-04
   95.28582        9.8321449E-05
   95.41261        9.5176954E-05
   95.53941        9.2156246E-05
   95.66620        8.9270921E-05
   95.79299        8.6528104E-05
   95.91978        8.3930398E-05
   96.04657        8.1475904E-05
   96.17336        7.9158330E-05
   96.30016        7.6967124E-05
   96.42695        7.4887736E-05
   96.55374        7.2901923E-05
   96.68053        7.0988062E-05
   96.80733        6.9121568E-05
   96.93412        6.7275309E-05
   97.06091        6.5420070E-05
   97.18771        6.3525040E-05
   97.31450        6.1558341E-05
   97.44129        5.9487575E-05
   97.56808        5.7280366E-05
   97.69488        5.4904962E-05
   97.82167        5.2330797E-05
   97.94846        4.9529113E-05
   98.07526        4.6473539E-05
   98.20205        4.3140699E-05
   98.32884        3.9510789E-05
   98.45564        3.5568151E-05
   98.58243        3.1301806E-05
   98.70922        2.6705929E-05
   98.83601        2.1780314E-05
   98.96281        1.6530710E-05
   99.08960        1.0969140E-05
   99.21639        5.1140546E-06
   99.34319       -1.0095689E-06
   99.46998       -7.3702845E-06
   99.59677       -1.3930344E-05
   99.72356       -2.0646017E-05
   99.85035       -2.7468041E-05
   99.97714       -3.4342211E-05
   100.1039       -4.1210114E-05
   100.2307       -4.8009988E-05
   100.3575       -5.4677683E-05
   100.4843       -6.1147744E-05
   100.6111       -6.7354544E-05
   100.7379       -7.3233503E-05
   100.8647       -7.8722311E-05
   100.9915       -8.3762141E-05
   101.1183       -8.8298861E-05
   101.2451       -9.2284135E-05
   101.3719       -9.5676478E-05
   101.4987       -9.8442164E-05
   101.6255       -1.0055595E-04
   101.7522       -1.0200167E-04
   101.8790       -1.0277265E-04
   102.0058       -1.0287188E-04
   102.1326       -1.0231192E-04
   102.2594       -1.0111475E-04
   102.3862       -9.9311263E-05
   102.5130       -9.6940603E-05
   102.6398       -9.4049377E-05
   102.7666       -9.0690613E-05
   102.8934       -8.6922679E-05
   103.0202       -8.2808016E-05
   103.1470       -7.8411904E-05
   103.2738       -7.3801115E-05
   103.4006       -6.9042624E-05
   103.5273       -6.4202344E-05
   103.6541       -5.9343914E-05
   103.7809       -5.4527671E-05
   103.9077       -4.9809649E-05
   104.0345       -4.5240824E-05
   104.1613       -4.0866482E-05
   104.2881       -3.6725771E-05
   104.4149       -3.2851451E-05
   104.5417       -2.9269804E-05
   104.6685       -2.6000727E-05
   104.7953       -2.3057970E-05
   104.9221       -2.0449514E-05
   105.0489       -1.8178042E-05
   105.1756       -1.6241507E-05
   105.3024       -1.4633741E-05
   105.4292       -1.3345097E-05
   105.5560       -1.2363075E-05
   105.6828       -1.1672929E-05
   105.8096       -1.1258208E-05
   105.9364       -1.1101247E-05
   106.0632       -1.1183553E-05
   106.1900       -1.1486126E-05
   106.3168       -1.1989669E-05
   106.4436       -1.2674727E-05
   106.5704       -1.3521741E-05
   106.6972       -1.4511043E-05
   106.8240       -1.5622811E-05
   106.9507       -1.6836995E-05
   107.0775       -1.8133253E-05
   107.2043       -1.9490884E-05
   107.3311       -2.0888836E-05
   107.4579       -2.2305741E-05
   107.5847       -2.3720049E-05
   107.7115       -2.5110232E-05
   107.8383       -2.6455074E-05
   107.9651       -2.7734046E-05
   108.0919       -2.8927756E-05
   108.2187       -3.0018449E-05
   108.3455       -3.0990559E-05
   108.4723       -3.1831252E-05
   108.5990       -3.2530977E-05
   108.7258       -3.3083936E-05
   108.8526       -3.3488501E-05
   108.9794       -3.3747496E-05
   109.1062       -3.3868360E-05
   109.2330       -3.3863111E-05
   109.3598       -3.3748183E-05
   109.4866       -3.3544027E-05
   109.6134       -3.3274526E-05
   109.7402       -3.2966243E-05
   109.8670       -3.2647498E-05
   109.9938       -3.2347300E-05
   110.1206       -3.2094144E-05
   110.2474       -3.1914806E-05
   110.3741       -3.1833042E-05
   110.5009       -3.1868352E-05
   110.6277       -3.2034841E-05
   110.7545       -3.2340122E-05
   110.8813       -3.2784505E-05
   111.0081       -3.3360291E-05
   111.1349       -3.4051383E-05
   111.2617       -3.4833138E-05
   111.3885       -3.5672532E-05
   111.5153       -3.6528596E-05
   111.6421       -3.7353155E-05
   111.7689       -3.8091857E-05
   111.8957       -3.8685434E-05
   112.0224       -3.9071190E-05
   112.1492       -3.9184662E-05
   112.2760       -3.8961385E-05
   112.4028       -3.8338771E-05
   112.5296       -3.7257938E-05
   112.6564       -3.5665547E-05
   112.7832       -3.3515491E-05
   112.9100       -3.0770454E-05
   113.0368       -2.7403277E-05
   113.1636       -2.3398045E-05
   113.2904       -1.8750919E-05
   113.4172       -1.3470675E-05
   113.5440       -7.5789176E-06
   113.6708       -1.1099918E-06
   113.7975        5.8894216E-06
   113.9243        1.3360990E-05
   114.0511        2.1235695E-05
   114.1779        2.9435021E-05
   114.3047        3.7872342E-05
   114.4315        4.6454479E-05
   114.5583        5.5083365E-05
   114.6851        6.3657790E-05
   114.8119        7.2075156E-05
   114.9387        8.0233236E-05
   115.0655        8.8031877E-05
   115.1923        9.5374613E-05
   115.3191        1.0217016E-04
   115.4458        1.0833378E-04
   115.5726        1.1378852E-04
   115.6994        1.1846614E-04
   115.8262        1.2230808E-04
   115.9530        1.2526604E-04
   116.0798        1.2730254E-04
   116.2066        1.2839117E-04
   116.3334        1.2851677E-04
   116.4602        1.2767543E-04
   116.5870        1.2587439E-04
   116.7138        1.2313166E-04
   116.8406        1.1947570E-04
   116.9674        1.1494494E-04
   117.0942        1.0958715E-04
   117.2209        1.0345881E-04
   117.3477        9.6624339E-05
   117.4745        8.9155372E-05
   117.6013        8.1129845E-05
   117.7281        7.2631141E-05
   117.8549        6.3747182E-05
   117.9817        5.4569460E-05
   118.1085        4.5192090E-05
   118.2353        3.5710793E-05
   118.3621        2.6221922E-05
   118.4889        1.6821446E-05
   118.6157        7.6039660E-06
   118.7425       -1.3382968E-06
   118.8692       -9.9164463E-06
   118.9960       -1.8045866E-05
   119.1228       -2.5647118E-05
   119.2496       -3.2646793E-05
   119.3764       -3.8978338E-05
   119.5032       -4.4582779E-05
   119.6300       -4.9409387E-05
   119.7568       -5.3416283E-05
   119.8836       -5.6570931E-05
   120.0104       -5.8850550E-05
   120.1372       -6.0242408E-05
   120.2640       -6.0744052E-05
   120.3908       -6.0363345E-05
   120.5176       -5.9118465E-05
   120.6443       -5.7037734E-05
   120.7711       -5.4159344E-05
   120.8979       -5.0530947E-05
   121.0247       -4.6209108E-05
   121.1515       -4.1258641E-05
   121.2783       -3.5751826E-05
   121.4051       -2.9767487E-05
   121.5319       -2.3389972E-05
   121.6587       -1.6708022E-05
   121.7855       -9.8135361E-06
   121.9123       -2.8002803E-06
   122.0391        4.2374832E-06
   122.1659        1.1206390E-05
   122.2927        1.8015391E-05
   122.4194        2.4577153E-05
   122.5462        3.0809420E-05
   122.6730        3.6636302E-05
   122.7998        4.1989460E-05
   122.9266        4.6809186E-05
   123.0534        5.1045270E-05
   123.1802        5.4657772E-05
   123.3070        5.7617483E-05
   123.4338        5.9906259E-05
   123.5606        6.1517057E-05
   123.6874        6.2453750E-05
   123.8142        6.2730724E-05
   123.9410        6.2372193E-05
   124.0677        6.1411389E-05
   124.1945        5.9889451E-05
   124.3213        5.7854249E-05
   124.4481        5.5359043E-05
   124.5749        5.2461062E-05
   124.7017        4.9220063E-05
   124.8285        4.5696899E-05
   124.9553        4.1952117E-05
   125.0821        3.8044709E-05
   125.2089        3.4030949E-05
   125.3357        2.9963418E-05
   125.4625        2.5890255E-05
   125.5893        2.1854599E-05
   125.7161        1.7894263E-05
   125.8428        1.4041634E-05
   125.9696        1.0323783E-05
   126.0964        6.7627843E-06
   126.2232        3.3761717E-06
   126.3500        1.7755366E-07
   126.4768       -2.8227055E-06
   126.6036       -5.6167437E-06
   126.7304       -8.1984626E-06
   126.8572       -1.0562830E-05
   126.9840       -1.2705264E-05
   127.1108       -1.4621128E-05
   127.2376       -1.6305368E-05
   127.3644       -1.7752314E-05
   127.4911       -1.8955656E-05
   127.6179       -1.9908568E-05
   127.7447       -2.0604029E-05
   127.8715       -2.1035257E-05
   127.9983       -2.1196263E-05
   128.1251       -2.1082513E-05
   128.2519       -2.0691605E-05
   128.3787       -2.0023974E-05
   128.5055       -1.9083551E-05
   128.6323       -1.7878345E-05
   128.7591       -1.6420920E-05
   128.8859       -1.4728714E-05
   129.0127       -1.2824205E-05
   129.1395       -1.0734868E-05
   129.2663       -8.4929416E-06
   129.3930       -6.1349956E-06
   129.5198       -3.7013021E-06
   129.6466       -1.2350297E-06
   129.7734        1.2187082E-06
   129.9002        3.6139297E-06
   130.0270        5.9049403E-06
   130.1538        8.0475302E-06
   130.2806        1.0000173E-05
   130.4074        1.1725175E-05
   130.5342        1.3189741E-05
   130.6610        1.4366913E-05
   130.7878        1.5236345E-05
   130.9146        1.5784899E-05
   131.0414        1.6007038E-05
   131.1681        1.5904978E-05
   131.2949        1.5488649E-05
   131.4217        1.4775409E-05
   131.5485        1.3789566E-05
   131.6753        1.2561711E-05
   131.8021        1.1127880E-05
   131.9289        9.5285850E-06
   132.0557        7.8077519E-06
   132.1825        6.0115794E-06
   132.3093        4.1873809E-06
   132.4361        2.3824266E-06
   132.5629        6.4283387E-07
   132.6897       -9.8747557E-07
   132.8164       -2.4677170E-06
   132.9432       -3.7610612E-06
   133.0700       -4.8353177E-06
   133.1968       -5.6634681E-06
   133.3236       -6.2240533E-06
   133.4504       -6.5014046E-06
   133.5772       -6.4857409E-06
   133.7040       -6.1731275E-06
   133.8308       -5.5653259E-06
   133.9576       -4.6695350E-06
   134.0844       -3.4980690E-06
   134.2112       -2.0679579E-06
   134.3380       -4.0051296E-07
   134.4648        1.4791333E-06
   134.5915        3.5425037E-06
   134.7183        5.7582529E-06
   134.8451        8.0926347E-06
   134.9719        1.0509969E-05
   135.0987        1.2973079E-05
   135.2255        1.5443733E-05
   135.3523        1.7883072E-05
   135.4791        2.0252044E-05
   135.6059        2.2511827E-05
   135.7327        2.4624287E-05
   135.8595        2.6552420E-05
   135.9863        2.8260843E-05
   136.1131        2.9716293E-05
   136.2398        3.0888143E-05
   136.3666        3.1748928E-05
   136.4934        3.2274889E-05
   136.6202        3.2446515E-05
   136.7470        3.2249049E-05
   136.8738        3.1672978E-05
   137.0006        3.0714476E-05
   137.1274        2.9375758E-05
   137.2542        2.7665381E-05
   137.3810        2.5598405E-05
   137.5078        2.3196448E-05
   137.6346        2.0487618E-05
   137.7614        1.7506294E-05
   137.8882        1.4292750E-05
   138.0149        1.0892649E-05
   138.1417        7.3563747E-06
   138.2685        3.7382465E-06
   138.3953        9.5596263E-08
   138.5221       -3.5122439E-06
   138.6489       -7.0250417E-06
   138.7757       -1.0382827E-05
   138.9025       -1.3527067E-05
   139.0293       -1.6401860E-05
   139.1561       -1.8955086E-05
   139.2829       -2.1139507E-05
   139.4097       -2.2913764E-05
   139.5365       -2.4243283E-05
   139.6632       -2.5101021E-05
   139.7900       -2.5468071E-05
   139.9168       -2.5334095E-05
   140.0436       -2.4697567E-05
   140.1704       -2.3565850E-05
   140.2972       -2.1955071E-05
   140.4240       -1.9889829E-05
   140.5508       -1.7402732E-05
   140.6776       -1.4533774E-05
   140.8044       -1.1329576E-05
   140.9312       -7.8425037E-06
   141.0580       -4.1296753E-06
   141.1848       -2.5190329E-07
   141.3116        3.7274326E-06
   141.4383        7.7435416E-06
   141.5651        1.1731401E-05
   141.6919        1.5626914E-05
   141.8187        1.9368057E-05
   141.9455        2.2895956E-05
   142.0723        2.6155925E-05
   142.1991        2.9098395E-05
   142.3259        3.1679763E-05
   142.4527        3.3863129E-05
   142.5795        3.5618879E-05
   142.7063        3.6925172E-05
   142.8331        3.7768248E-05
   142.9599        3.8142607E-05
   143.0867        3.8050995E-05
   143.2134        3.7504276E-05
   143.3402        3.6521113E-05
   143.4670        3.5127498E-05
   143.5938        3.3356162E-05
   143.7206        3.1245811E-05
   143.8474        2.8840246E-05
   143.9742        2.6187423E-05
   144.1010        2.3338365E-05
   144.2278        2.0346049E-05
   144.3546        1.7264250E-05
   144.4814        1.4146363E-05
   144.6082        1.1044263E-05
   144.7350        8.0071986E-06
   144.8617        5.0807676E-06
   144.9885        2.3059993E-06
   145.1153       -2.8143720E-07
   145.2421       -2.6518728E-06
   145.3689       -4.7821095E-06
   145.4957       -6.6557095E-06
   145.6225       -8.2630977E-06
   145.7493       -9.6014792E-06
   145.8761       -1.0674565E-05
   146.0029       -1.1492134E-05
   146.1297       -1.2069437E-05
   146.2565       -1.2426452E-05
   146.3833       -1.2587053E-05
   146.5101       -1.2578070E-05
   146.6368       -1.2428317E-05
   146.7636       -1.2167588E-05
   146.8904       -1.1825663E-05
   147.0172       -1.1431363E-05
   147.1440       -1.1011656E-05
   147.2708       -1.0590866E-05
   147.3976       -1.0189990E-05
   147.5244       -9.8261435E-06
   147.6512       -9.5121468E-06
   147.7780       -9.2562550E-06
   147.9048       -9.0620351E-06
   148.0316       -8.9284076E-06
   148.1584       -8.8498055E-06
   148.2851       -8.8164825E-06
   148.4119       -8.8149336E-06
   148.5387       -8.8284323E-06
   148.6655       -8.8376228E-06
   148.7923       -8.8212155E-06
   148.9191       -8.7566978E-06
   149.0459       -8.6210821E-06
   149.1727       -8.3916602E-06
   149.2995       -8.0467171E-06
   149.4263       -7.5662401E-06
   149.5531       -6.9325406E-06
   149.6799       -6.1308224E-06
   149.8067       -5.1496586E-06
   149.9335       -3.9813694E-06
   150.0602       -2.6222956E-06
   150.1870       -1.0729649E-06
   150.3138        6.6185316E-07
   150.4406        2.5732027E-06
   150.5674        4.6480900E-06
   150.6942        6.8697323E-06
   150.8210        9.2178807E-06
   150.9478        1.1669217E-05
   151.0746        1.4197798E-05
   151.2014        1.6775541E-05
   151.3282        1.9372719E-05
   151.4550        2.1958494E-05
   151.5818        2.4501429E-05
   151.7085        2.6969981E-05
   151.8353        2.9332974E-05
   151.9621        3.1560077E-05
   152.0889        3.3622193E-05
   152.2157        3.5491841E-05
   152.3425        3.7143520E-05
   152.4693        3.8553990E-05
   152.5961        3.9702558E-05
   152.7229        4.0571296E-05
   152.8497        4.1145260E-05
   152.9765        4.1412663E-05
   153.1033        4.1365023E-05
   153.2301        4.0997289E-05
   153.3569        4.0307936E-05
   153.4836        3.9299044E-05
   153.6104        3.7976355E-05
   153.7372        3.6349273E-05
   153.8640        3.4430868E-05
   153.9908        3.2237807E-05
   154.1176        2.9790281E-05
   154.2444        2.7111830E-05
   154.3712        2.4229177E-05
   154.4980        2.1171958E-05
   154.6248        1.7972419E-05
   154.7516        1.4665045E-05
   154.8784        1.1286135E-05
   155.0052        7.8733237E-06
   155.1319        4.4650492E-06
   155.2587        1.0999872E-06
   155.3855       -2.1835522E-06
   155.5123       -5.3482468E-06
   155.6391       -8.3583918E-06
   155.7659       -1.1180531E-05
   155.8927       -1.3784063E-05
   156.0195       -1.6141807E-05
   156.1463       -1.8230527E-05
   156.2731       -2.0031379E-05
   156.3999       -2.1530275E-05
   156.5267       -2.2718154E-05
   156.6535       -2.3591143E-05
   156.7803       -2.4150593E-05
   156.9070       -2.4402987E-05
   157.0338       -2.4359741E-05
   157.1606       -2.4036857E-05
   157.2874       -2.3454479E-05
   157.4142       -2.2636326E-05
   157.5410       -2.1609065E-05
   157.6678       -2.0401567E-05
   157.7946       -1.9044153E-05
   157.9214       -1.7567803E-05
   158.0482       -1.6003351E-05
   158.1750       -1.4380726E-05
   158.3018       -1.2728236E-05
   158.4286       -1.1071921E-05
   158.5553       -9.4350034E-06
   158.6821       -7.8374578E-06
   158.8089       -6.2957051E-06
   158.9357       -4.8224301E-06
   159.0625       -3.4265461E-06
   159.1893       -2.1132837E-06
   159.3161       -8.8440459E-07
   159.4429        2.6147899E-07
   159.5697        1.3284915E-06
   159.6965        2.3230214E-06
   159.8233        3.2531993E-06
   159.9501        4.1283656E-06
   160.0769        4.9585406E-06
   160.2037        5.7539305E-06
