  -4.500000        1.0641349E-17
  -4.373208        1.0641343E-17
  -4.246415        1.0641332E-17
  -4.119622        1.0641319E-17
  -3.992829        1.0641305E-17
  -3.866037        1.0641293E-17
  -3.739244        1.0641284E-17
  -3.612452        1.0641277E-17
  -3.485659        1.0641272E-17
  -3.358866        1.0641268E-17
  -3.232074        1.0641264E-17
  -3.105281        1.0641258E-17
  -2.978488        1.0641249E-17
  -2.851696        1.0641239E-17
  -2.724903        1.0641227E-17
  -2.598110        1.0641215E-17
  -2.471318        1.0641205E-17
  -2.344525        1.0641196E-17
  -2.217732        1.0641187E-17
  -2.090940        1.0641180E-17
  -1.964147        1.0641172E-17
  -1.837354        1.0641162E-17
  -1.710562        1.0641149E-17
  -1.583769        1.0641136E-17
  -1.456976        1.0641124E-17
  -1.330184        1.0641113E-17
  -1.203391        1.0641105E-17
  -1.076598        1.0641100E-17
 -0.9498057        1.0641100E-17
 -0.8230131        1.0641104E-17
 -0.6962205        1.0641109E-17
 -0.5694278        1.0641116E-17
 -0.4426351        1.0641123E-17
 -0.3158425        1.0641131E-17
 -0.1890498        1.0641136E-17
 -6.2257171E-02    1.0641132E-17
  6.4535484E-02    1.0641105E-17
  0.1913281        1.0641033E-17
  0.3181208        1.0640897E-17
  0.4449134        1.0640683E-17
  0.5717061        1.0640406E-17
  0.6984987        1.0640127E-17
  0.8252914        1.0639962E-17
  0.9520841        1.0640082E-17
   1.078877        1.0640667E-17
   1.205669        1.0641843E-17
   1.332462        1.0643570E-17
   1.459255        1.0645528E-17
   1.586047        1.0647049E-17
   1.712840        1.0647122E-17
   1.839633        1.0644566E-17
   1.966425        1.0638373E-17
   2.093218        1.0628218E-17
   2.220011        1.0615027E-17
   2.346803        1.0601435E-17
   2.473596        1.0591911E-17
   2.600389        1.0592313E-17
   2.727181        1.0608748E-17
   2.853974        1.0645780E-17
   2.980767        1.0704274E-17
   3.107559        1.0779439E-17
   3.234352        1.0859777E-17
   3.361145        1.0927700E-17
   3.487937        1.0962276E-17
   3.614730        1.0944095E-17
   3.741522        1.0861559E-17
   3.868315        1.0717199E-17
   3.995108        1.0532156E-17
   4.121901        1.0346949E-17
   4.248693        1.0217256E-17
   4.375485        1.0204549E-17
   4.502278        1.0363002E-17
   4.629071        1.0725431E-17
   4.755864        1.1291882E-17
   4.882656        1.2024289E-17
   5.009449        1.2849167E-17
   5.136241        1.3668123E-17
   5.263034        1.4373393E-17
   5.389827        1.4863873E-17
   5.516620        1.5056945E-17
   5.643412        1.4893205E-17
   5.770205        1.4334651E-17
   5.896997        1.3360791E-17
   6.023790        1.1969566E-17
   6.150583        1.0189448E-17
   6.277375        8.1045783E-18
   6.404168        5.8869993E-18
   6.530961        3.8215459E-18
   6.657753        2.3032433E-18
   6.784546        1.7881107E-18
   6.911339        2.6882594E-18
   7.038131        5.2204382E-18
   7.164924        9.2393800E-18
   7.291717        1.4106000E-17
   7.418509        1.8647324E-17
   7.545302        2.1253703E-17
   7.672095        2.0127928E-17
   7.798887        1.3656117E-17
   7.925680        8.2368174E-19
   8.052472       -1.8432643E-17
   8.179265       -4.3049371E-17
   8.306058       -7.0917264E-17
   8.432851       -9.9232669E-17
   8.559643       -1.2504953E-16
   8.686436       -1.4588591E-16
   8.813229       -1.6019597E-16
   8.940022       -1.6752952E-16
   9.066813       -1.6827288E-16
   9.193606       -1.6298330E-16
   9.320399       -1.5146756E-16
   9.447192       -1.3187178E-16
   9.573984       -1.0010882E-16
   9.700777       -4.9925005E-17
   9.827570        2.6203596E-17
   9.954362        1.3533667E-16
   10.08115        2.8170024E-16
   10.20795        4.6408422E-16
   10.33474        6.7354869E-16
   10.46153        8.9203083E-16
   10.58833        1.0923923E-15
   10.71512        1.2402933E-15
   10.84191        1.2980386E-15
   10.96870        1.2302471E-15
   11.09550        1.0108529E-15
   11.22229        6.3061682E-16
   11.34908        1.0402191E-16
   11.47587       -5.2577786E-16
   11.60267       -1.1853494E-15
   11.72946       -1.7739460E-15
   11.85625       -2.1718647E-15
   11.98304       -2.2543272E-15
   12.10984       -1.9101014E-15
   12.23663       -1.0630670E-15
   12.36342        3.0601829E-16
   12.49022        2.1409749E-15
   12.61701        4.2985020E-15
   12.74380        6.5465635E-15
   12.87059        8.5750414E-15
   12.99739        1.0019306E-14
   13.12418        1.0495471E-14
   13.25097        9.6442079E-15
   13.37776        7.1785034E-15
   13.50456        2.9298152E-15
   13.63135       -3.1129918E-15
   13.75814       -1.0776780E-14
   13.88493       -1.9692718E-14
   14.01173       -2.9301851E-14
   14.13852       -3.8877247E-14
   14.26531       -4.7560656E-14
   14.39211       -5.4410659E-14
   14.51890       -5.8458806E-14
   14.64569       -5.8770676E-14
   14.77248       -5.4509243E-14
   14.89928       -4.4998862E-14
   15.02607       -2.9788390E-14
   15.15286       -8.7118279E-15
   15.27965        1.8056173E-14
   15.40645        4.9954029E-14
   15.53324        8.6002162E-14
   15.66003        1.2479420E-13
   15.78682        1.6451823E-13
   15.91362        2.0301461E-13
   16.04041        2.3787360E-13
   16.16720        2.6657197E-13
   16.29399        2.8664088E-13
   16.42079        2.9585151E-13
   16.54758        2.9239835E-13
   16.67437        2.7505664E-13
   16.80116        2.4328816E-13
   16.92796        1.9727321E-13
   17.05475        1.3785215E-13
   17.18154        6.6369219E-14
   17.30834       -1.5574595E-14
   17.43513       -1.0644018E-13
   17.56192       -2.0510622E-13
   17.68871       -3.1121595E-13
   17.81551       -4.2546004E-13
   17.94230       -5.4973512E-13
   18.06909       -6.8712007E-13
   18.19588       -8.4161752E-13
   18.32268       -1.0176229E-12
   18.44947       -1.2191004E-12
   18.57626       -1.4484709E-12
   18.70305       -1.7052482E-12
   18.82985       -1.9844913E-12
   18.95664       -2.2751803E-12
   19.08343       -2.5586614E-12
   19.21023       -2.8073449E-12
   19.33702       -2.9838718E-12
   19.46381       -3.0409896E-12
   19.59060       -2.9223772E-12
   19.71740       -2.5646512E-12
   19.84419       -1.9007302E-12
   19.97098       -8.6466641E-13
   20.09777        6.0206901E-13
   20.22457        2.5429947E-12
   20.35136        4.9780349E-12
   20.47815        7.8944342E-12
   20.60494        1.1237826E-11
   20.73174        1.4904258E-11
   20.85853        1.8734084E-11
   20.98532        2.2508656E-11
   21.11212        2.5950766E-11
   21.23891        2.8729626E-11
   21.36570        3.0471074E-11
   21.49249        3.0773328E-11
   21.61929        2.9228432E-11
   21.74608        2.5449001E-11
   21.87287        1.9099576E-11
   21.99966        9.9314151E-12
   22.12646       -2.1809232E-12
   22.25325       -1.7203235E-11
   22.38004       -3.4907993E-11
   22.50683       -5.4846089E-11
   22.63363       -7.6326861E-11
   22.76042       -9.8409426E-11
   22.88721       -1.1990806E-10
   23.01401       -1.3941409E-10
   23.14080       -1.5533617E-10
   23.26759       -1.6595994E-10
   23.39438       -1.6952696E-10
   23.52118       -1.6433180E-10
   23.64797       -1.4883444E-10
   23.77476       -1.2178407E-10
   23.90155       -8.2348448E-11
   24.02835       -3.0242406E-11
   24.15514        3.4152924E-11
   24.28193        1.0968852E-10
   24.40872        1.9437282E-10
   24.53552        2.8533281E-10
   24.66231        3.7881914E-10
   24.78910        4.7026233E-10
   24.91590        5.5438454E-10
   25.04269        6.2537014E-10
   25.16948        6.7709366E-10
   25.29627        7.0340217E-10
   25.42307        6.9844341E-10
   25.54986        6.5702910E-10
   25.67665        5.7501803E-10
   25.80344        4.4970133E-10
   25.93024        2.8016836E-10
   26.05703        6.7631456E-11
   26.18382       -1.8431388E-10
   26.31061       -4.6951615E-10
   26.43741       -7.7920326E-10
   26.56420       -1.1020441E-09
   26.69099       -1.4243499E-09
   26.81779       -1.7304215E-09
   26.94458       -2.0030468E-09
   27.07137       -2.2241387E-09
   27.19816       -2.3755000E-09
   27.32495       -2.4396951E-09
   27.45175       -2.4009941E-09
   27.57854       -2.2463549E-09
   27.70533       -1.9663986E-09
   27.83213       -1.5563282E-09
   27.95892       -1.0167416E-09
   28.08571       -3.5428660E-10
   28.21250        4.1789353E-10
   28.33930        1.2799678E-09
   28.46609        2.2055167E-09
   28.59288        3.1619516E-09
   28.71968        4.1112700E-09
   28.84647        5.0111462E-09
   28.97326        5.8163456E-09
   29.10005        6.4804273E-09
   29.22684        6.9576842E-09
   29.35364        7.2052635E-09
   29.48043        7.1853732E-09
   29.60722        6.8674901E-09
   29.73402        6.2304668E-09
   29.86081        5.2644191E-09
   29.98760        3.9723047E-09
   30.11439        2.3710707E-09
   30.24119        4.9229104E-10
   30.36798       -1.6177839E-09
   30.49477       -3.8988230E-09
   30.62156       -6.2776797E-09
   30.74836       -8.6703231E-09
   30.87515       -1.0984410E-08
   31.00194       -1.3122410E-08
   31.12873       -1.4985222E-08
   31.25553       -1.6476111E-08
   31.38232       -1.7504840E-08
   31.50911       -1.7991816E-08
   31.63591       -1.7872066E-08
   31.76270       -1.7098857E-08
   31.88949       -1.5646776E-08
   32.01628       -1.3514097E-08
   32.14308       -1.0724317E-08
   32.26987       -7.3267232E-09
   32.39666       -3.3959437E-09
   32.52345        9.6955133E-10
   32.65025        5.6499641E-09
   32.77704        1.0507638E-08
   32.90383        1.5391343E-08
   33.03062        2.0141231E-08
   33.15742        2.4594263E-08
   33.28421        2.8589877E-08
   33.41100        3.1975681E-08
   33.53780        3.4612903E-08
   33.66459        3.6381422E-08
   33.79138        3.7184130E-08
   33.91817        3.6950471E-08
   34.04497        3.5639037E-08
   34.17176        3.3239122E-08
   34.29855        2.9771229E-08
   34.42534        2.5286505E-08
   34.55214        1.9865245E-08
   34.67893        1.3614497E-08
   34.80572        6.6649775E-09
   34.93251       -8.3257085E-10
   35.05931       -8.7113756E-09
   35.18610       -1.6792825E-08
   35.31289       -2.4890662E-08
   35.43969       -3.2815084E-08
   35.56648       -4.0376563E-08
   35.69327       -4.7389410E-08
   35.82006       -5.3674956E-08
   35.94686       -5.9064490E-08
   36.07365       -6.3401856E-08
   36.20044       -6.6545887E-08
   36.32723       -6.8372749E-08
   36.45403       -6.8778284E-08
   36.58082       -6.7680460E-08
   36.70761       -6.5021958E-08
   36.83440       -6.0772962E-08
   36.96120       -5.4934151E-08
   37.08799       -4.7539736E-08
   37.21478       -3.8660509E-08
   37.34158       -2.8406639E-08
   37.46837       -1.6929974E-08
   37.59516       -4.4256234E-09
   37.72195        8.8675822E-09
   37.84875        2.2667979E-08
   37.97554        3.6653674E-08
   38.10233        5.0467072E-08
   38.22912        6.3721522E-08
   38.35592        7.6010181E-08
   38.48271        8.6917048E-08
   38.60950        9.6030035E-08
   38.73629        1.0295582E-07
   38.86309        1.0733595E-07
   38.98988        1.0886381E-07
   39.11667        1.0730156E-07
   39.24347        1.0249658E-07
   39.37026        9.4396206E-08
   39.49705        8.3060279E-08
   39.62384        6.8670396E-08
   39.75064        5.1535238E-08
   39.87743        3.2091208E-08
   40.00422        1.0897895E-08
   40.13101       -1.1371971E-08
   40.25780       -3.3948197E-08
   40.38460       -5.5984330E-08
   40.51139       -7.6583923E-08
   40.63818       -9.4831314E-08
   40.76498       -1.0982589E-07
   40.89177       -1.2071881E-07
   41.01856       -1.2675082E-07
   41.14536       -1.2728965E-07
   41.27215       -1.2186560E-07
   41.39894       -1.1020346E-07
   41.52573       -9.2249650E-08
   41.65253       -6.8192804E-08
   41.77932       -3.8476813E-08
   41.90611       -3.8054169E-09
   42.03290        3.4862467E-08
   42.15969        7.6326714E-08
   42.28649        1.1916925E-07
   42.41328        1.6178623E-07
   42.54007        2.0242786E-07
   42.66687        2.3924494E-07
   42.79366        2.7034039E-07
   42.92045        2.9382360E-07
   43.04725        3.0786615E-07
   43.17404        3.1075609E-07
   43.30083        3.0094878E-07
   43.42762        2.7711238E-07
   43.55442        2.3816544E-07
   43.68121        1.8330554E-07
   43.80800        1.1202717E-07
   43.93479        2.4127905E-08
   44.06158       -8.0297170E-08
   44.18838       -2.0087332E-07
   44.31517       -3.3697523E-07
   44.44196       -4.8776650E-07
   44.56876       -6.5224782E-07
   44.69555       -8.2931172E-07
   44.82234       -1.0178017E-06
   44.94913       -1.2165729E-06
   45.07593       -1.4245512E-06
   45.20272       -1.6407888E-06
   45.32951       -1.8645113E-06
   45.45631       -2.0951563E-06
   45.58310       -2.3323994E-06
   45.70989       -2.5761651E-06
   45.83668       -2.8266238E-06
   45.96347       -3.0841727E-06
   46.09027       -3.3493973E-06
   46.21706       -3.6230208E-06
   46.34385       -3.9058386E-06
   46.47065       -4.1986382E-06
   46.59744       -4.5021125E-06
   46.72423       -4.8167658E-06
   46.85102       -5.1428187E-06
   46.97782       -5.4801153E-06
   47.10461       -5.8280334E-06
   47.23140       -6.1854116E-06
   47.35820       -6.5504892E-06
   47.48499       -6.9208618E-06
   47.61178       -7.2934677E-06
   47.73857       -7.6645892E-06
   47.86536       -8.0298905E-06
   47.99216       -8.3844789E-06
   48.11895       -8.7229928E-06
   48.24574       -9.0397189E-06
   48.37254       -9.3287335E-06
   48.49933       -9.5840560E-06
   48.62612       -9.7998300E-06
   48.75291       -9.9705048E-06
   48.87971       -1.0091022E-05
   49.00650       -1.0157002E-05
   49.13329       -1.0164919E-05
   49.26009       -1.0112257E-05
   49.38688       -9.9976396E-06
   49.51367       -9.8209393E-06
   49.64046       -9.5833411E-06
   49.76725       -9.2873770E-06
   49.89405       -8.9369096E-06
   50.02084       -8.5370802E-06
   50.14763       -8.0942091E-06
   50.27443       -7.6156584E-06
   50.40122       -7.1096561E-06
   50.52801       -6.5850904E-06
   50.65480       -6.0512748E-06
   50.78160       -5.5177020E-06
   50.90839       -4.9937807E-06
   51.03518       -4.4885724E-06
   51.16198       -4.0105438E-06
   51.28877       -3.5673272E-06
   51.41556       -3.1655118E-06
   51.54235       -2.8104628E-06
   51.66914       -2.5061879E-06
   51.79594       -2.2552383E-06
   51.92273       -2.0586624E-06
   52.04952       -1.9160082E-06
   52.17632       -1.8253710E-06
   52.30311       -1.7834894E-06
   52.42990       -1.7858819E-06
   52.55669       -1.8270213E-06
   52.68349       -1.9005394E-06
   52.81028       -1.9994523E-06
   52.93707       -2.1164003E-06
   53.06387       -2.2438910E-06
   53.19066       -2.3745438E-06
   53.31745       -2.5013167E-06
   53.44424       -2.6177149E-06
   53.57103       -2.7179763E-06
   53.69783       -2.7972210E-06
   53.82462       -2.8515735E-06
   53.95141       -2.8782351E-06
   54.07821       -2.8755301E-06
   54.20500       -2.8429060E-06
   54.33179       -2.7809035E-06
   54.45858       -2.6910902E-06
   54.58538       -2.5759714E-06
   54.71217       -2.4388705E-06
   54.83896       -2.2838051E-06
   54.96576       -2.1153401E-06
   55.09255       -1.9384474E-06
   55.21934       -1.7583468E-06
   55.34613       -1.5803764E-06
   55.47292       -1.4098492E-06
   55.59972       -1.2519355E-06
   55.72651       -1.1115465E-06
   55.85330       -9.9324029E-07
   55.98009       -9.0113770E-07
   56.10689       -8.3885095E-07
   56.23368       -8.0942471E-07
   56.36047       -8.1528844E-07
   56.48727       -8.5821574E-07
   56.61406       -9.3928230E-07
   56.74085       -1.0588392E-06
   56.86765       -1.2164787E-06
   56.99444       -1.4110085E-06
   57.12123       -1.6404279E-06
   57.24802       -1.9018984E-06
   57.37481       -2.1917347E-06
   57.50161       -2.5053912E-06
   57.62840       -2.8374625E-06
   57.75519       -3.1817021E-06
   57.88198       -3.5310547E-06
   58.00878       -3.8777116E-06
   58.13557       -4.2131951E-06
   58.26236       -4.5284628E-06
   58.38916       -4.8140482E-06
   58.51595       -5.0602334E-06
   58.64274       -5.2572427E-06
   58.76954       -5.3954677E-06
   58.89633       -5.4657185E-06
   59.02312       -5.4594866E-06
   59.14991       -5.3692247E-06
   59.27670       -5.1886204E-06
   59.40350       -4.9128726E-06
   59.53029       -4.5389420E-06
   59.65708       -4.0657837E-06
   59.78387       -3.4945349E-06
   59.91067       -2.8286561E-06
   60.03746       -2.0740174E-06
   60.16425       -1.2389206E-06
   60.29105       -3.3405809E-07
   60.41784        6.2761984E-07
   60.54463        1.6311004E-06
   60.67142        2.6595703E-06
   60.79822        3.6947658E-06
   60.92501        4.7173667E-06
   61.05180        5.7074622E-06
   61.17859        6.6450475E-06
   61.30539        7.5105518E-06
   61.43218        8.2853830E-06
   61.55897        8.9524574E-06
   61.68576        9.4967218E-06
   61.81256        9.9056379E-06
   61.93935        1.0169597E-05
   62.06614        1.0282269E-05
   62.19294        1.0240883E-05
   62.31973        1.0046377E-05
   62.44652        9.7034635E-06
   62.57331        9.2205855E-06
   62.70011        8.6097480E-06
   62.82690        7.8862422E-06
   62.95369        7.0682681E-06
   63.08048        6.1764431E-06
   63.20728        5.2332493E-06
   63.33407        4.2624006E-06
   63.46086        3.2881528E-06
   63.58765        2.3346020E-06
   63.71445        1.4249731E-06
   63.84124        5.8092451E-07
   63.96803       -1.7810417E-07
   64.09483       -8.3547530E-07
   64.22162       -1.3778589E-06
   64.34841       -1.7956273E-06
   64.47520       -2.0831376E-06
   64.60200       -2.2388879E-06
   64.72879       -2.2655338E-06
   64.85558       -2.1697742E-06
   64.98238       -1.9621054E-06
   65.10917       -1.6564468E-06
   65.23596       -1.2696570E-06
   65.36275       -8.2095403E-07
   65.48955       -3.3126366E-07
   65.61633        1.7748863E-07
   65.74313        6.8310504E-07
   65.86992        1.1638473E-06
   65.99671        1.5991375E-06
   66.12350        1.9702100E-06
   66.25030        2.2606851E-06
   66.37709        2.4570538E-06
   66.50388        2.5490422E-06
   66.63068        2.5298614E-06
   66.75747        2.3963196E-06
   66.88426        2.1488088E-06
   67.01105        1.7911584E-06
   67.13785        1.3303769E-06
   67.26464        7.7626845E-07
   67.39143        1.4097921E-07
   67.51823       -5.6153687E-07
   67.64502       -1.3160887E-06
   67.77181       -2.1068413E-06
   67.89861       -2.9179096E-06
   68.02540       -3.7339137E-06
   68.15219       -4.5404804E-06
   68.27898       -5.3246813E-06
   68.40578       -6.0753678E-06
   68.53257       -6.7834312E-06
   68.65936       -7.4419136E-06
   68.78616       -8.0460613E-06
   68.91295       -8.5932315E-06
   69.03974       -9.0827161E-06
   69.16653       -9.5154874E-06
   69.29333       -9.8938581E-06
   69.42011       -1.0221101E-05
   69.54691       -1.0501024E-05
   69.67370       -1.0737564E-05
   69.80049       -1.0934365E-05
   69.92728       -1.1094411E-05
   70.05408       -1.1219696E-05
   70.18087       -1.1310975E-05
   70.30766       -1.1367598E-05
   70.43446       -1.1387429E-05
   70.56125       -1.1366868E-05
   70.68804       -1.1300940E-05
   70.81483       -1.1183509E-05
   70.94163       -1.1007534E-05
   71.06842       -1.0765415E-05
   71.19521       -1.0449388E-05
   71.32201       -1.0051931E-05
   71.44880       -9.5662244E-06
   71.57559       -8.9865671E-06
   71.70238       -8.3088071E-06
   71.82918       -7.5307057E-06
   71.95597       -6.6522534E-06
   72.08276       -5.6759222E-06
   72.20956       -4.6068230E-06
   72.33635       -3.4527823E-06
   72.46314       -2.2243332E-06
   72.58994       -9.3460540E-07
   72.71673        4.0086059E-07
   72.84352        1.7643845E-06
   72.97031        3.1364866E-06
   73.09711        4.4962890E-06
   73.22389        5.8219575E-06
   73.35069        7.0911869E-06
   73.47748        8.2816932E-06
   73.60427        9.3717217E-06
   73.73106        1.0340538E-05
   73.85786        1.1168892E-05
   73.98465        1.1839451E-05
   74.11144        1.2337195E-05
   74.23824        1.2649741E-05
   74.36503        1.2767622E-05
   74.49182        1.2684505E-05
   74.61861        1.2397337E-05
   74.74541        1.1906433E-05
   74.87220        1.1215508E-05
   74.99899        1.0331651E-05
   75.12579        9.2652417E-06
   75.25258        8.0298159E-06
   75.37937        6.6419038E-06
   75.50616        5.1208144E-06
   75.63296        3.4883853E-06
   75.75975        1.7687108E-06
   75.88654       -1.2166266E-08
   76.01334       -1.8265812E-06
   76.14013       -3.6455838E-06
   76.26692       -5.4393186E-06
   76.39371       -7.1773738E-06
   76.52051       -8.8292181E-06
   76.64730       -1.0364581E-05
   76.77409       -1.1753878E-05
   76.90089       -1.2968670E-05
   77.02767       -1.3982058E-05
   77.15446       -1.4769163E-05
   77.28126       -1.5307553E-05
   77.40805       -1.5577647E-05
   77.53484       -1.5563155E-05
   77.66164       -1.5251430E-05
   77.78843       -1.4633804E-05
   77.91522       -1.3705884E-05
   78.04202       -1.2467766E-05
   78.16881       -1.0924213E-05
   78.29560       -9.0847088E-06
   78.42239       -6.9634557E-06
   78.54919       -4.5792672E-06
   78.67598       -1.9554013E-06
   78.80277        8.8076581E-07
   78.92957        3.8981229E-06
   79.05636        7.0622609E-06
   79.18315        1.0336075E-05
   79.30994        1.3680341E-05
   79.43674        1.7054406E-05
   79.56353        2.0416912E-05
   79.69032        2.3726483E-05
   79.81712        2.6942513E-05
   79.94391        3.0025816E-05
   80.07070        3.2939337E-05
   80.19749        3.5648747E-05
   80.32429        3.8123009E-05
   80.45108        4.0334824E-05
   80.57787        4.2261028E-05
   80.70466        4.3882854E-05
   80.83145        4.5186098E-05
   80.95824        4.6161225E-05
   81.08504        4.6803307E-05
   81.21183        4.7111920E-05
   81.33862        4.7090958E-05
   81.46542        4.6748337E-05
   81.59221        4.6095694E-05
   81.71900        4.5147983E-05
   81.84579        4.3923108E-05
   81.97259        4.2441472E-05
   82.09938        4.0725583E-05
   82.22617        3.8799615E-05
   82.35297        3.6689020E-05
   82.47976        3.4420133E-05
   82.60655        3.2019849E-05
   82.73335        2.9515257E-05
   82.86014        2.6933365E-05
   82.98693        2.4300809E-05
   83.11372        2.1643635E-05
   83.24052        1.8987041E-05
   83.36731        1.6355163E-05
   83.49410        1.3770863E-05
   83.62090        1.1255545E-05
   83.74769        8.8289444E-06
   83.87448        6.5089180E-06
   84.00127        4.3112682E-06
   84.12807        2.2495331E-06
   84.25486        3.3477082E-07
   84.38165       -1.4245536E-06
   84.50844       -3.0227775E-06
   84.63523       -4.4571552E-06
   84.76202       -5.7279499E-06
   84.88882       -6.8384397E-06
   85.01561       -7.7949471E-06
   85.14240       -8.6067112E-06
   85.26920       -9.2857954E-06
   85.39599       -9.8468172E-06
   85.52278       -1.0306674E-05
   85.64957       -1.0684183E-05
   85.77637       -1.0999652E-05
   85.90316       -1.1274388E-05
   86.02995       -1.1530181E-05
   86.15675       -1.1788711E-05
   86.28354       -1.2070986E-05
   86.41033       -1.2396723E-05
   86.53712       -1.2783869E-05
   86.66392       -1.3248024E-05
   86.79071       -1.3802008E-05
   86.91750       -1.4455475E-05
   87.04430       -1.5214664E-05
   87.17109       -1.6082202E-05
   87.29788       -1.7057051E-05
   87.42467       -1.8134548E-05
   87.55147       -1.9306590E-05
   87.67826       -2.0561916E-05
   87.80505       -2.1886524E-05
   87.93185       -2.3264138E-05
   88.05864       -2.4676805E-05
   88.18543       -2.6105487E-05
   88.31222       -2.7530794E-05
   88.43901       -2.8933648E-05
   88.56580       -3.0295916E-05
   88.69260       -3.1601096E-05
   88.81939       -3.2834891E-05
   88.94618       -3.3985663E-05
   89.07298       -3.5044897E-05
   89.19977       -3.6007419E-05
   89.32656       -3.6871577E-05
   89.45335       -3.7639278E-05
   89.58015       -3.8315844E-05
   89.70694       -3.8909799E-05
   89.83373       -3.9432463E-05
   89.96053       -3.9897521E-05
   90.08732       -4.0320414E-05
   90.21411       -4.0717689E-05
   90.34090       -4.1106327E-05
   90.46770       -4.1503004E-05
   90.59449       -4.1923366E-05
   90.72128       -4.2381384E-05
   90.84808       -4.2888725E-05
   90.97487       -4.3454213E-05
   91.10166       -4.4083386E-05
   91.22845       -4.4778229E-05
   91.35525       -4.5536966E-05
   91.48204       -4.6354042E-05
   91.60883       -4.7220212E-05
   91.73563       -4.8122776E-05
   91.86242       -4.9046001E-05
   91.98921       -4.9971586E-05
   92.11600       -5.0879262E-05
   92.24279       -5.1747458E-05
   92.36958       -5.2554045E-05
   92.49638       -5.3277054E-05
   92.62317       -5.3895397E-05
   92.74996       -5.4389631E-05
   92.87675       -5.4742508E-05
   93.00355       -5.4939574E-05
   93.13034       -5.4969576E-05
   93.25713       -5.4824835E-05
   93.38393       -5.4501390E-05
   93.51072       -5.3999072E-05
   93.63751       -5.3321404E-05
   93.76431       -5.2475429E-05
   93.89110       -5.1471317E-05
   94.01789       -5.0321967E-05
   94.14468       -4.9042490E-05
   94.27148       -4.7649602E-05
   94.39827       -4.6161043E-05
   94.52506       -4.4594908E-05
   94.65186       -4.2969110E-05
   94.77865       -4.1300766E-05
   94.90544       -3.9605715E-05
   95.03223       -3.7898102E-05
   95.15903       -3.6190042E-05
   95.28582       -3.4491393E-05
   95.41261       -3.2809607E-05
   95.53941       -3.1149735E-05
   95.66620       -2.9514478E-05
   95.79299       -2.7904338E-05
   95.91978       -2.6317830E-05
   96.04657       -2.4751787E-05
   96.17336       -2.3201659E-05
   96.30016       -2.1661835E-05
   96.42695       -2.0125974E-05
   96.55374       -1.8587300E-05
   96.68053       -1.7038918E-05
   96.80733       -1.5474026E-05
   96.93412       -1.3886111E-05
   97.06091       -1.2269097E-05
   97.18771       -1.0617426E-05
   97.31450       -8.9261257E-06
   97.44129       -7.1908044E-06
   97.56808       -5.4076600E-06
   97.69488       -3.5734340E-06
   97.82167       -1.6853893E-06
   97.94846        2.5869724E-07
   98.07526        2.2605375E-06
   98.20205        4.3212967E-06
   98.32884        6.4415008E-06
   98.45564        8.6209384E-06
   98.58243        1.0858485E-05
   98.70922        1.3151916E-05
   98.83601        1.5497679E-05
   98.96281        1.7890658E-05
   99.08960        2.0323927E-05
   99.21639        2.2788538E-05
   99.34319        2.5273310E-05
   99.46998        2.7764714E-05
   99.59677        3.0246783E-05
   99.72356        3.2701137E-05
   99.85035        3.5107088E-05
   99.97714        3.7441856E-05
   100.1039        3.9680897E-05
   100.2307        4.1798343E-05
   100.3575        4.3767519E-05
   100.4843        4.5561588E-05
   100.6111        4.7154226E-05
   100.7379        4.8520393E-05
   100.8647        4.9637092E-05
   100.9915        5.0484145E-05
   101.1183        5.1044946E-05
   101.2451        5.1307128E-05
   101.3719        5.1263200E-05
   101.4987        5.0911010E-05
   101.6255        5.0254108E-05
   101.7522        4.9301911E-05
   101.8790        4.8069804E-05
   102.0058        4.6578909E-05
   102.1326        4.4855820E-05
   102.2594        4.2932057E-05
   102.3862        4.0843439E-05
   102.5130        3.8629249E-05
   102.6398        3.6331345E-05
   102.7666        3.3993107E-05
   102.8934        3.1658372E-05
   103.0202        2.9370305E-05
   103.1470        2.7170296E-05
   103.2738        2.5096879E-05
   103.4006        2.3184717E-05
   103.5273        2.1463704E-05
   103.6541        1.9958181E-05
   103.7809        1.8686314E-05
   103.9077        1.7659637E-05
   104.0345        1.6882785E-05
   104.1613        1.6353415E-05
   104.2881        1.6062342E-05
   104.4149        1.5993830E-05
   104.5417        1.6126087E-05
   104.6685        1.6431912E-05
   104.7953        1.6879510E-05
   104.9221        1.7433404E-05
   105.0489        1.8055451E-05
   105.1756        1.8705938E-05
   105.3024        1.9344692E-05
   105.4292        1.9932222E-05
   105.5560        2.0430820E-05
   105.6828        2.0805594E-05
   105.8096        2.1025447E-05
   105.9364        2.1063926E-05
   106.0632        2.0899930E-05
   106.1900        2.0518299E-05
   106.3168        1.9910220E-05
   106.4436        1.9073481E-05
   106.5704        1.8012539E-05
   106.6972        1.6738428E-05
   106.8240        1.5268502E-05
   106.9507        1.3626021E-05
   107.0775        1.1839593E-05
   107.2043        9.9424833E-06
   107.3311        7.9718284E-06
   107.4579        5.9677418E-06
   107.5847        3.9723800E-06
   107.7115        2.0289506E-06
   107.8383        1.8071356E-07
   107.9651       -1.5300087E-06
   108.0919       -3.0627905E-06
   108.2187       -4.3800092E-06
   108.3455       -5.4476805E-06
   108.4723       -6.2362010E-06
   108.5990       -6.7209980E-06
   108.7258       -6.8830600E-06
   108.8526       -6.7093415E-06
   108.9794       -6.1930446E-06
   109.1062       -5.3337599E-06
   109.2330       -4.1374719E-06
   109.3598       -2.6164382E-06
   109.4866       -7.8893066E-07
   109.6134        1.3211401E-06
   109.7402        3.6847196E-06
   109.8670        6.2681906E-06
   109.9938        9.0340473E-06
   110.1206        1.1941632E-05
   110.2474        1.4947939E-05
   110.3741        1.8008439E-05
   110.5009        2.1077920E-05
   110.6277        2.4111361E-05
   110.7545        2.7064740E-05
   110.8813        2.9895846E-05
   111.0081        3.2565011E-05
   111.1349        3.5035799E-05
   111.2617        3.7275575E-05
   111.3885        3.9256014E-05
   111.5153        4.0953491E-05
   111.6421        4.2349358E-05
   111.7689        4.3430133E-05
   111.8957        4.4187549E-05
   112.0224        4.4618537E-05
   112.1492        4.4725042E-05
   112.2760        4.4513821E-05
   112.4028        4.3996100E-05
   112.5296        4.3187163E-05
   112.6564        4.2105894E-05
   112.7832        4.0774248E-05
   112.9100        3.9216684E-05
   113.0368        3.7459606E-05
   113.1636        3.5530782E-05
   113.2904        3.3458742E-05
   113.4172        3.1272237E-05
   113.5440        2.8999701E-05
   113.6708        2.6668758E-05
   113.7975        2.4305780E-05
   113.9243        2.1935481E-05
   114.0511        1.9580577E-05
   114.1779        1.7261505E-05
   114.3047        1.4996205E-05
   114.4315        1.2799967E-05
   114.5583        1.0685340E-05
   114.6851        8.6621185E-06
   114.8119        6.7373776E-06
   114.9387        4.9155747E-06
   115.0655        3.1987001E-06
   115.1923        1.5864847E-06
   115.3191        7.6655567E-08
   115.4458       -1.3347830E-06
   115.5726       -2.6532605E-06
   115.6994       -3.8852581E-06
   115.8262       -5.0379781E-06
   115.9530       -6.1189835E-06
   116.0798       -7.1358254E-06
   116.2066       -8.0957034E-06
   116.3334       -9.0051471E-06
   116.4602       -9.8696892E-06
   116.5870       -1.0693634E-05
   116.7138       -1.1479840E-05
   116.8406       -1.2229586E-05
   116.9674       -1.2942475E-05
   117.0942       -1.3616422E-05
   117.2209       -1.4247689E-05
   117.3477       -1.4830989E-05
   117.4745       -1.5359677E-05
   117.6013       -1.5825970E-05
   117.7281       -1.6221245E-05
   117.8549       -1.6536358E-05
   117.9817       -1.6762015E-05
   118.1085       -1.6889167E-05
   118.2353       -1.6909404E-05
   118.3621       -1.6815346E-05
   118.4889       -1.6601038E-05
   118.6157       -1.6262271E-05
   118.7425       -1.5796906E-05
   118.8692       -1.5205100E-05
   118.9960       -1.4489502E-05
   119.1228       -1.3655338E-05
   119.2496       -1.2710452E-05
   119.3764       -1.1665251E-05
   119.5032       -1.0532567E-05
   119.6300       -9.3274457E-06
   119.7568       -8.0668588E-06
   119.8836       -6.7693577E-06
   120.0104       -5.4546467E-06
   120.1372       -4.1431445E-06
   120.2640       -2.8554787E-06
   120.3908       -1.6119765E-06
   120.5176       -4.3214871E-07
   120.6443        6.6581947E-07
   120.7711        1.6655458E-06
   120.8979        2.5529016E-06
   121.0247        3.3163828E-06
   121.1515        3.9474439E-06
   121.2783        4.4407252E-06
   121.4051        4.7942390E-06
   121.5319        5.0094282E-06
   121.6587        5.0911663E-06
   121.7855        5.0476547E-06
   121.9123        4.8902357E-06
   122.0391        4.6331202E-06
   122.1659        4.2930392E-06
   122.2927        3.8888211E-06
   122.4194        3.4409215E-06
   122.5462        2.9708958E-06
   122.6730        2.5008521E-06
   122.7998        2.0528746E-06
   122.9266        1.6484616E-06
   123.0534        1.3079726E-06
   123.1802        1.0500947E-06
   123.3070        8.9137012E-07
   123.4338        8.4573850E-07
   123.5606        9.2417594E-07
   123.6874        1.1343827E-06
   123.8142        1.4805452E-06
   123.9410        1.9631893E-06
   124.0677        2.5791123E-06
   124.1945        3.3214155E-06
   124.3213        4.1795893E-06
   124.4481        5.1397355E-06
   124.5749        6.1848168E-06
   124.7017        7.2950088E-06
   124.8285        8.4480980E-06
   124.9553        9.6199446E-06
   125.0821        1.0784986E-05
   125.2089        1.1916775E-05
   125.3357        1.2988533E-05
   125.4625        1.3973732E-05
   125.5893        1.4846673E-05
   125.7161        1.5583046E-05
   125.8428        1.6160480E-05
   125.9696        1.6559059E-05
   126.0964        1.6761778E-05
   126.2232        1.6754975E-05
   126.3500        1.6528660E-05
   126.4768        1.6076803E-05
   126.6036        1.5397536E-05
   126.7304        1.4493259E-05
   126.8572        1.3370685E-05
   126.9840        1.2040781E-05
   127.1108        1.0518629E-05
   127.2376        8.8231936E-06
   127.3644        6.9770213E-06
   127.4911        5.0058529E-06
   127.6179        2.9381495E-06
   127.7447        8.0458125E-07
   127.8715       -1.3625439E-06
   127.9983       -3.5299154E-06
   128.1251       -5.6638478E-06
   128.2519       -7.7309514E-06
   128.3787       -9.6987760E-06
   128.5055       -1.1536466E-05
   128.6323       -1.3215364E-05
   128.7591       -1.4709589E-05
   128.8859       -1.5996544E-05
   129.0127       -1.7057382E-05
   129.1395       -1.7877366E-05
   129.2663       -1.8446182E-05
   129.3930       -1.8758130E-05
   129.5198       -1.8812232E-05
   129.6466       -1.8612254E-05
   129.7734       -1.8166598E-05
   129.9002       -1.7488132E-05
   130.0270       -1.6593895E-05
   130.1538       -1.5504742E-05
   130.2806       -1.4244886E-05
   130.4074       -1.2841388E-05
   130.5342       -1.1323577E-05
   130.6610       -9.7224283E-06
   130.7878       -8.0699101E-06
   130.9146       -6.3983057E-06
   131.0414       -4.7395401E-06
   131.1681       -3.1245133E-06
   131.2949       -1.5824593E-06
   131.4217       -1.4035341E-07
   131.5485        1.1776266E-06
   131.6753        2.3505704E-06
   131.8021        3.3612207E-06
   131.9289        4.1962667E-06
   132.0557        4.8465431E-06
   132.1825        5.3071226E-06
   132.3093        5.5773035E-06
   132.4361        5.6604968E-06
   132.5629        5.5640139E-06
   132.6897        5.2987598E-06
   132.8164        4.8788470E-06
   132.9432        4.3211353E-06
   133.0700        3.6447198E-06
   133.1968        2.8703748E-06
   133.3236        2.0199752E-06
   133.4504        1.1159167E-06
   133.5772        1.8053842E-07
   133.7040       -7.6442041E-07
   133.8308       -1.6983244E-06
   133.9576       -2.6020916E-06
   134.0844       -3.4585751E-06
   134.2112       -4.2528736E-06
   134.3380       -4.9725654E-06
   134.4648       -5.6078525E-06
   134.5915       -6.1516312E-06
   134.7183       -6.5994832E-06
   134.8451       -6.9495895E-06
   134.9719       -7.2025900E-06
   135.0987       -7.3613728E-06
   135.2255       -7.4308277E-06
   135.3523       -7.4175655E-06
   135.4791       -7.3296055E-06
   135.6059       -7.1760614E-06
   135.7327       -6.9668213E-06
   135.8595       -6.7122346E-06
   135.9863       -6.4228161E-06
   136.1131       -6.1089781E-06
   136.2398       -5.7807906E-06
   136.3666       -5.4477855E-06
   136.4934       -5.1187890E-06
   136.6202       -4.8017992E-06
   136.7470       -4.5039128E-06
   136.8738       -4.2312840E-06
   137.0006       -3.9891074E-06
   137.1274       -3.7816560E-06
   137.2542       -3.6123333E-06
   137.3810       -3.4837442E-06
   137.5078       -3.3977810E-06
   137.6346       -3.3557321E-06
   137.7614       -3.3583756E-06
   137.8882       -3.4060770E-06
   138.0149       -3.4988748E-06
   138.1417       -3.6365477E-06
   138.2685       -3.8186627E-06
   138.3953       -4.0445907E-06
   138.5221       -4.3135014E-06
   138.6489       -4.6243176E-06
   138.7757       -4.9756541E-06
   138.9025       -5.3657145E-06
   139.0293       -5.7921866E-06
   139.1561       -6.2521121E-06
   139.2829       -6.7417641E-06
   139.4097       -7.2565213E-06
   139.5365       -7.7907653E-06
   139.6632       -8.3378045E-06
   139.7900       -8.8898250E-06
   139.9168       -9.4378920E-06
   140.0436       -9.9720028E-06
   140.1704       -1.0481194E-05
   140.2972       -1.0953703E-05
   140.4240       -1.1377200E-05
   140.5508       -1.1739065E-05
   140.6776       -1.2026731E-05
   140.8044       -1.2228055E-05
   140.9312       -1.2331732E-05
   141.0580       -1.2327708E-05
   141.1848       -1.2207598E-05
   141.3116       -1.1965086E-05
   141.4383       -1.1596268E-05
   141.5651       -1.1099963E-05
   141.6919       -1.0477926E-05
   141.8187       -9.7349948E-06
   141.9455       -8.8791339E-06
   142.0723       -7.9213787E-06
   142.1991       -6.8756790E-06
   142.3259       -5.7586262E-06
   142.4527       -4.5890993E-06
   142.5795       -3.3878089E-06
   142.7063       -2.1767751E-06
   142.8331       -9.7874295E-07
   142.9599        1.8341618E-07
   143.0867        1.2873286E-06
   143.2134        2.3117200E-06
   143.3402        3.2369639E-06
   143.4670        4.0455866E-06
   143.5938        4.7226813E-06
   143.7206        5.2562136E-06
   143.8474        5.6372523E-06
   143.9742        5.8600740E-06
   144.1010        5.9221629E-06
   144.2278        5.8240976E-06
   144.3546        5.5693572E-06
   144.4814        5.1640427E-06
   144.6082        4.6165287E-06
   144.7350        3.9370784E-06
   144.8617        3.1374270E-06
   144.9885        2.2303832E-06
   145.1153        1.2294396E-06
   145.2421        1.4844018E-07
   145.3689       -9.9870442E-07
   145.4957       -2.1982230E-06
   145.6225       -3.4366194E-06
   145.7493       -4.7007270E-06
   145.8761       -5.9777021E-06
   146.0029       -7.2549547E-06
   146.1297       -8.5200245E-06
   146.2565       -9.7604443E-06
   146.3833       -1.0963591E-05
   146.5101       -1.2116543E-05
   146.6368       -1.3205974E-05
   146.7636       -1.4218098E-05
   146.8904       -1.5138679E-05
   147.0172       -1.5953123E-05
   147.1440       -1.6646662E-05
   147.2708       -1.7204617E-05
   147.3976       -1.7612760E-05
   147.5244       -1.7857745E-05
   147.6512       -1.7927601E-05
   147.7780       -1.7812266E-05
   147.9048       -1.7504119E-05
   148.0316       -1.6998505E-05
   148.1584       -1.6294218E-05
   148.2851       -1.5393878E-05
   148.4119       -1.4304240E-05
   148.5387       -1.3036343E-05
   148.6655       -1.1605552E-05
   148.7923       -1.0031410E-05
   148.9191       -8.3373552E-06
   149.0459       -6.5502777E-06
   149.1727       -4.6999221E-06
   149.2995       -2.8181730E-06
   149.4263       -9.3822734E-07
   149.5531        9.0630709E-07
   149.6799        2.6823479E-06
   149.8067        4.3582859E-06
   149.9335        5.9048857E-06
   150.0602        7.2961202E-06
   150.1870        8.5098882E-06
   150.3138        9.5285986E-06
   150.4406        1.0339589E-05
   150.5674        1.0935362E-05
   150.6942        1.1313650E-05
   150.8210        1.1477279E-05
   150.9478        1.1433865E-05
   151.0746        1.1195349E-05
   151.2014        1.0777383E-05
   151.3282        1.0198620E-05
   151.4550        9.4799125E-06
   151.5818        8.6434702E-06
   151.7085        7.7120039E-06
   151.8353        6.7079168E-06
   151.9621        5.6525432E-06
   152.0889        4.5654992E-06
   152.2157        3.4641500E-06
   152.3425        2.3632292E-06
   152.4693        1.2745934E-06
   152.5961        2.0715147E-07
   152.7229       -8.3306503E-07
   152.8497       -1.8426816E-06
   152.9765       -2.8206505E-06
   153.1033       -3.7678019E-06
   153.2301       -4.6863252E-06
   153.3569       -5.5791988E-06
   153.4836       -6.4496057E-06
   153.6104       -7.3003534E-06
   153.7372       -8.1333264E-06
   153.8640       -8.9490313E-06
   153.9908       -9.7461952E-06
   154.1176       -1.0521512E-05
   154.2444       -1.1269492E-05
   154.3712       -1.1982449E-05
   154.4980       -1.2650627E-05
   154.6248       -1.3262458E-05
   154.7516       -1.3804934E-05
   154.8784       -1.4264081E-05
   155.0052       -1.4625531E-05
   155.1319       -1.4875136E-05
   155.2587       -1.4999634E-05
   155.3855       -1.4987313E-05
   155.5123       -1.4828660E-05
   155.6391       -1.4516958E-05
   155.7659       -1.4048814E-05
   155.8927       -1.3424587E-05
   156.0195       -1.2648682E-05
   156.1463       -1.1729722E-05
   156.2731       -1.0680557E-05
   156.3999       -9.5181049E-06
   156.5267       -8.2630386E-06
   156.6535       -6.9393295E-06
   156.7803       -5.5736123E-06
   156.9070       -4.1944736E-06
   157.0338       -2.8316051E-06
   157.1606       -1.5149183E-06
   157.2874       -2.7359891E-07
   157.4142        8.6481799E-07
   157.5410        1.8753568E-06
   157.6678        2.7364217E-06
   157.7946        3.4305335E-06
   157.9214        3.9449110E-06
   158.0482        4.2719125E-06
   158.1750        4.4092849E-06
   158.3018        4.3602245E-06
   158.4286        4.1332373E-06
   158.5553        3.7418015E-06
   158.6821        3.2038558E-06
   158.8089        2.5411223E-06
   158.9357        1.7782967E-06
   159.0625        9.4214630E-07
   159.1893        6.0540607E-08
   159.3161       -8.3853047E-07
   159.4429       -1.7279204E-06
   159.5697       -2.5822330E-06
   159.6965       -3.3786300E-06
   159.8233       -4.0975110E-06
   159.9501       -4.7230451E-06
   160.0769       -5.2435257E-06
   160.2037       -5.6515441E-06
