  -4.500000        1.0472086E-17
  -4.373208        1.0472080E-17
  -4.246415        1.0472068E-17
  -4.119622        1.0472054E-17
  -3.992829        1.0472044E-17
  -3.866037        1.0472038E-17
  -3.739244        1.0472037E-17
  -3.612452        1.0472038E-17
  -3.485659        1.0472037E-17
  -3.358866        1.0472032E-17
  -3.232074        1.0472023E-17
  -3.105281        1.0472010E-17
  -2.978488        1.0471996E-17
  -2.851696        1.0471985E-17
  -2.724903        1.0471979E-17
  -2.598110        1.0471978E-17
  -2.471318        1.0471980E-17
  -2.344525        1.0471982E-17
  -2.217732        1.0471982E-17
  -2.090940        1.0471977E-17
  -1.964147        1.0471967E-17
  -1.837354        1.0471952E-17
  -1.710562        1.0471930E-17
  -1.583769        1.0471903E-17
  -1.456976        1.0471875E-17
  -1.330184        1.0471859E-17
  -1.203391        1.0471882E-17
  -1.076598        1.0471973E-17
 -0.9498057        1.0472143E-17
 -0.8230131        1.0472337E-17
 -0.6962205        1.0472393E-17
 -0.5694278        1.0472039E-17
 -0.4426351        1.0470986E-17
 -0.3158425        1.0469148E-17
 -0.1890498        1.0466957E-17
 -6.2257171E-02    1.0465623E-17
  6.4535484E-02    1.0467115E-17
  0.1913281        1.0473560E-17
  0.3181208        1.0485948E-17
  0.4449134        1.0502361E-17
  0.5717061        1.0516408E-17
  0.6984987        1.0517037E-17
  0.8252914        1.0490927E-17
  0.9520841        1.0428164E-17
   1.078877        1.0330569E-17
   1.205669        1.0220271E-17
   1.332462        1.0144381E-17
   1.459255        1.0170897E-17
   1.586047        1.0372130E-17
   1.712840        1.0795292E-17
   1.839633        1.1425263E-17
   1.966425        1.2150320E-17
   2.093218        1.2745859E-17
   2.220011        1.2891468E-17
   2.346803        1.2231607E-17
   2.473596        1.0479548E-17
   2.600389        7.5502126E-18
   2.727181        3.6936551E-18
   2.853974       -4.0816790E-19
   2.980767       -3.6196993E-18
   3.107559       -4.4350066E-18
   3.234352       -1.1798183E-18
   3.361145        7.6727537E-18
   3.487937        2.3095139E-17
   3.614730        4.5041950E-17
   3.741522        7.1975890E-17
   3.868315        1.0044328E-16
   3.995108        1.2478669E-16
   4.121901        1.3712526E-16
   4.248693        1.2778328E-16
   4.375485        8.6378620E-17
   4.502278        3.7563132E-18
   4.629071       -1.2517711E-16
   4.755864       -2.9791930E-16
   4.882656       -5.0071040E-16
   5.009449       -7.0573197E-16
   5.136241       -8.7048046E-16
   5.263034       -9.4070166E-16
   5.389827       -8.5792516E-16
   5.516620       -5.7179769E-16
   5.643412       -5.6115238E-17
   5.770205        6.7406151E-16
   5.896997        1.5482071E-15
   6.023790        2.4337973E-15
   6.150583        3.1419271E-15
   6.277375        3.4480121E-15
   6.404168        3.1277414E-15
   6.530961        2.0048986E-15
   6.657753        4.0655427E-18
   6.784546       -2.8015727E-15
   6.911339       -6.1582175E-15
   7.038131       -9.6251488E-15
   7.164924       -1.2600855E-14
   7.291717       -1.4383489E-14
   7.418509       -1.4261939E-14
   7.545302       -1.1628483E-14
   7.672095       -6.0998307E-15
   7.798887        2.3690406E-15
   7.925680        1.3394443E-14
   8.052472        2.6112316E-14
   8.179265        3.9178747E-14
   8.306058        5.0833446E-14
   8.432851        5.9033345E-14
   8.559643        6.1658388E-14
   8.686436        5.6784272E-14
   8.813229        4.3006888E-14
   8.940022        1.9790554E-14
   9.066813       -1.2201526E-14
   9.193606       -5.0848597E-14
   9.320399       -9.2447222E-14
   9.447192       -1.3178107E-13
   9.573984       -1.6243625E-13
   9.700777       -1.7739041E-13
   9.827570       -1.6987171E-13
   9.954362       -1.3444423E-13
   10.08115       -6.8235097E-14
   10.20795        2.7819418E-14
   10.33474        1.4786252E-13
   10.46153        2.8031174E-13
   10.58833        4.0753715E-13
   10.71512        5.0618814E-13
   10.84191        5.4830630E-13
   10.96870        5.0331728E-13
   11.09550        3.4092775E-13
   11.22229        3.4873149E-14
   11.34908       -4.3264074E-13
   11.47587       -1.0660699E-12
   11.60267       -1.8516222E-12
   11.72946       -2.7527978E-12
   11.85625       -3.7069531E-12
   11.98304       -4.6235125E-12
   12.10984       -5.3844394E-12
   12.23663       -5.8475208E-12
   12.36342       -5.8528824E-12
   12.49022       -5.2329651E-12
   12.61701       -3.8259370E-12
   12.74380       -1.4922311E-12
   12.87059        1.8664469E-12
   12.99739        6.2866379E-12
   13.12418        1.1722540E-11
   13.25097        1.8027004E-11
   13.37776        2.4936081E-11
   13.50456        3.2059300E-11
   13.63135        3.8877866E-11
   13.75814        4.4752861E-11
   13.88493        4.8945153E-11
   14.01173        5.0648149E-11
   14.13852        4.9033631E-11
   14.26531        4.3309998E-11
   14.39211        3.2790916E-11
   14.51890        1.6971244E-11
   14.64569       -4.3940875E-12
   14.77248       -3.1213695E-11
   14.89928       -6.2992021E-11
   15.02607       -9.8776917E-11
   15.15286       -1.3712921E-10
   15.27965       -1.7612047E-10
   15.40645       -2.1336415E-10
   15.53324       -2.4608413E-10
   15.66003       -2.7122182E-10
   15.78682       -2.8558197E-10
   15.91362       -2.8601296E-10
   16.04041       -2.6961577E-10
   16.16720       -2.3397226E-10
   16.29399       -1.7738036E-10
   16.42079       -9.9082950E-11
   16.54758        5.2640276E-13
   16.67437        1.1973614E-10
   16.80116        2.5540448E-10
   16.92796        4.0291634E-10
   17.05475        5.5622179E-10
   17.18154        7.0796424E-10
   17.30834        8.4970209E-10
   17.43513        9.7222330E-10
   17.56192        1.0659458E-09
   17.68871        1.1213915E-09
   17.81551        1.1297153E-09
   17.94230        1.0832659E-09
   18.06909        9.7615238E-10
   18.19588        8.0478285E-10
   18.32268        5.6834520E-10
   18.44947        2.6919683E-10
   18.57626       -8.6867728E-11
   18.70305       -4.9049725E-10
   18.82985       -9.2883362E-10
   18.95664       -1.3857445E-09
   19.08343       -1.8422455E-09
   19.21023       -2.2771072E-09
   19.33702       -2.6676339E-09
   19.46381       -2.9905916E-09
   19.59060       -3.2232517E-09
   19.71740       -3.3445144E-09
   19.84419       -3.3360579E-09
   19.97098       -3.1834684E-09
   20.09777       -2.8772924E-09
   20.22457       -2.4139566E-09
   20.35136       -1.7965026E-09
   20.47815       -1.0350852E-09
   20.60494       -1.4719764E-10
   20.73174        8.4241547E-10
   20.85853        1.9021713E-09
   20.98532        2.9944012E-09
   21.11212        4.0764334E-09
   21.23891        5.1019886E-09
   21.36570        6.0228462E-09
   21.49249        6.7907435E-09
   21.61929        7.3594335E-09
   21.74608        7.6868352E-09
   21.87287        7.7371922E-09
   21.99966        7.4831421E-09
   22.12646        6.9076167E-09
   22.25325        6.0054686E-09
   22.38004        4.7847326E-09
   22.50683        3.2674474E-09
   22.63363        1.4899614E-09
   22.76042       -4.9733845E-10
   22.88721       -2.6309070E-09
   23.01401       -4.8355502E-09
   23.14080       -7.0265531E-09
   23.26759       -9.1124006E-09
   23.39438       -1.0998022E-08
   23.52118       -1.2588473E-08
   23.64797       -1.3792955E-08
   23.77476       -1.4529014E-08
   23.90155       -1.4726778E-08
   24.02835       -1.4333043E-08
   24.15514       -1.3315034E-08
   24.28193       -1.1663638E-08
   24.40872       -9.3959356E-09
   24.53552       -6.5568431E-09
   24.66231       -3.2197209E-09
   24.78910        5.1418897E-10
   24.91590        4.5175579E-09
   25.04269        8.6400664E-09
   25.16948        1.2712777E-08
   25.29627        1.6553708E-08
   25.42307        1.9974507E-08
   25.54986        2.2788017E-08
   25.67665        2.4816492E-08
   25.80344        2.5900203E-08
   25.93024        2.5906031E-08
   26.05703        2.4735749E-08
   26.18382        2.2333534E-08
   26.31061        1.8692353E-08
   26.43741        1.3858825E-08
   26.56420        7.9362232E-09
   26.69099        1.0852642E-09
   26.81779       -6.4774661E-09
   26.94458       -1.4483688E-08
   27.07137       -2.2620169E-08
   27.19816       -3.0538025E-08
   27.32495       -3.7864410E-08
   27.45175       -4.4216279E-08
   27.57854       -4.9215782E-08
   27.70533       -5.2506874E-08
   27.83213       -5.3772407E-08
   27.95892       -5.2751140E-08
   28.08571       -4.9253856E-08
   28.21250       -4.3177852E-08
   28.33930       -3.4519118E-08
   28.46609       -2.3381425E-08
   28.59288       -9.9817354E-09
   28.71968        5.3485678E-09
   28.84647        2.2167027E-08
   28.97326        3.9928278E-08
   29.10005        5.7996985E-08
   29.22684        7.5665533E-08
   29.35364        9.2175966E-08
   29.48043        1.0674569E-07
   29.60722        1.1859627E-07
   29.73402        1.2698416E-07
   29.86081        1.3123265E-07
   29.98760        1.3076355E-07
   30.11439        1.2512753E-07
   30.24119        1.1403188E-07
   30.36798        9.7364335E-08
   30.49477        7.5211879E-08
   30.62156        4.7873549E-08
   30.74836        1.5866201E-08
   30.87515       -2.0077183E-08
   31.00194       -5.9017211E-08
   31.12873       -9.9825876E-08
   31.25553       -1.4121230E-07
   31.38232       -1.8175582E-07
   31.50911       -2.1994596E-07
   31.63591       -2.5422790E-07
   31.76270       -2.8305232E-07
   31.88949       -3.0492816E-07
   32.01628       -3.1847676E-07
   32.14308       -3.2248499E-07
   32.26987       -3.1595656E-07
   32.39666       -2.9815860E-07
   32.52345       -2.6866292E-07
   32.65025       -2.2737923E-07
   32.77704       -1.7457981E-07
   32.90383       -1.1091399E-07
   33.03062       -3.7411727E-08
   33.15742        4.4524249E-08
   33.28421        1.3313806E-07
   33.41100        2.2635176E-07
   33.53780        3.2180736E-07
   33.66459        4.1691916E-07
   33.79138        5.0893487E-07
   33.91817        5.9500422E-07
   34.04497        6.7225363E-07
   34.17176        7.3786413E-07
   34.29855        7.8915156E-07
   34.42534        8.2364562E-07
   34.55214        8.3916706E-07
   34.67893        8.3389904E-07
   34.80572        8.0645248E-07
   34.93251        7.5592163E-07
   35.05931        6.8192946E-07
   35.18610        5.8466105E-07
   35.31289        4.6488341E-07
   35.43969        3.2395144E-07
   35.56648        1.6379948E-07
   35.69327       -1.3081762E-08
   35.82006       -2.0368270E-07
   35.94686       -4.0452559E-07
   36.07365       -6.1172778E-07
   36.20044       -8.2107590E-07
   36.32723       -1.0281098E-06
   36.45403       -1.2282121E-06
   36.58082       -1.4167058E-06
   36.70761       -1.5889511E-06
   36.83440       -1.7404456E-06
   36.96120       -1.8669201E-06
   37.08799       -1.9644317E-06
   37.21478       -2.0294492E-06
   37.34158       -2.0589316E-06
   37.46837       -2.0503931E-06
   37.59516       -2.0019606E-06
   37.72195       -1.9124163E-06
   37.84875       -1.7812285E-06
   37.97554       -1.6085673E-06
   38.10233       -1.3953108E-06
   38.22912       -1.1430374E-06
   38.35592       -8.5400711E-07
   38.48271       -5.3113627E-07
   38.60950       -1.7796177E-07
   38.73629        2.0139824E-07
   38.86309        6.0228729E-07
   38.98988        1.0195548E-06
   39.11667        1.4475994E-06
   39.24347        1.8804103E-06
   39.37026        2.3116040E-06
   39.49705        2.7344563E-06
   39.62384        3.1419297E-06
   39.75064        3.5266935E-06
   39.87743        3.8811395E-06
   40.00422        4.1973967E-06
   40.13101        4.4673375E-06
   40.25780        4.6825880E-06
   40.38460        4.8345419E-06
   40.51139        4.9143714E-06
   40.63818        4.9130545E-06
   40.76498        4.8214056E-06
   40.89177        4.6301238E-06
   41.01856        4.3298510E-06
   41.14536        3.9112510E-06
   41.27215        3.3651052E-06
   41.39894        2.6824257E-06
   41.52573        1.8545890E-06
   41.65253        8.7348485E-07
   41.77932       -2.6831810E-07
   41.90611       -1.5773954E-06
   42.03290       -3.0592821E-06
   42.15969       -4.7182793E-06
   42.28649       -6.5572667E-06
   42.41328       -8.5775155E-06
   42.54007       -1.0778515E-05
   42.66687       -1.3157812E-05
   42.79366       -1.5710875E-05
   42.92045       -1.8430981E-05
   43.04725       -2.1309135E-05
   43.17404       -2.4334031E-05
   43.30083       -2.7492028E-05
   43.42762       -3.0767194E-05
   43.55442       -3.4141376E-05
   43.68121       -3.7594320E-05
   43.80800       -4.1103805E-05
   43.93479       -4.4645862E-05
   44.06158       -4.8194976E-05
   44.18838       -5.1724368E-05
   44.31517       -5.5206267E-05
   44.44196       -5.8612255E-05
   44.56876       -6.1913583E-05
   44.69555       -6.5081520E-05
   44.82234       -6.8087713E-05
   44.94913       -7.0904563E-05
   45.07593       -7.3505551E-05
   45.20272       -7.5865624E-05
   45.32951       -7.7961486E-05
   45.45631       -7.9771955E-05
   45.58310       -8.1278224E-05
   45.70989       -8.2464125E-05
   45.83668       -8.3316358E-05
   45.96347       -8.3824678E-05
   46.09027       -8.3982042E-05
   46.21706       -8.3784704E-05
   46.34385       -8.3232277E-05
   46.47065       -8.2327751E-05
   46.59744       -8.1077422E-05
   46.72423       -7.9490826E-05
   46.85102       -7.7580633E-05
   46.97782       -7.5362441E-05
   47.10461       -7.2854571E-05
   47.23140       -7.0077840E-05
   47.35820       -6.7055291E-05
   47.48499       -6.3811858E-05
   47.61178       -6.0374088E-05
   47.73857       -5.6769790E-05
   47.86536       -5.3027728E-05
   47.99216       -4.9177273E-05
   48.11895       -4.5248111E-05
   48.24574       -4.1269923E-05
   48.37254       -3.7272159E-05
   48.49933       -3.3283730E-05
   48.62612       -2.9332827E-05
   48.75291       -2.5446738E-05
   48.87971       -2.1651689E-05
   49.00650       -1.7972710E-05
   49.13329       -1.4433561E-05
   49.26009       -1.1056629E-05
   49.38688       -7.8629073E-06
   49.51367       -4.8719594E-06
   49.64046       -2.1019025E-06
   49.76725        4.3064446E-07
   49.89405        2.7105741E-06
   50.02084        4.7243275E-06
   50.14763        6.4599963E-06
   50.27443        7.9073880E-06
   50.40122        9.0581398E-06
   50.52801        9.9058379E-06
   50.65480        1.0446165E-05
   50.78160        1.0677089E-05
   50.90839        1.0599018E-05
   51.03518        1.0215016E-05
   51.16198        9.5309624E-06
   51.28877        8.5557267E-06
   51.41556        7.3013339E-06
   51.54235        5.7830621E-06
   51.66914        4.0194827E-06
   51.79594        2.0324678E-06
   51.92273       -1.5289862E-07
   52.04952       -2.5084810E-06
   52.17632       -5.0033191E-06
   52.30311       -7.6039400E-06
   52.42990       -1.0274753E-05
   52.55669       -1.2978497E-05
   52.68349       -1.5676798E-05
   52.81028       -1.8330746E-05
   52.93707       -2.0901560E-05
   53.06387       -2.3351227E-05
   53.19066       -2.5643229E-05
   53.31745       -2.7743166E-05
   53.44424       -2.9619416E-05
   53.57103       -3.1243715E-05
   53.69783       -3.2591666E-05
   53.82462       -3.3643184E-05
   53.95141       -3.4382832E-05
   54.07821       -3.4800116E-05
   54.20500       -3.4889559E-05
   54.33179       -3.4650780E-05
   54.45858       -3.4088356E-05
   54.58538       -3.3211672E-05
   54.71217       -3.2034583E-05
   54.83896       -3.0575022E-05
   54.96576       -2.8854529E-05
   55.09255       -2.6897764E-05
   55.21934       -2.4731920E-05
   55.34613       -2.2386219E-05
   55.47292       -1.9891324E-05
   55.59972       -1.7278784E-05
   55.72651       -1.4580537E-05
   55.85330       -1.1828400E-05
   55.98009       -9.0536550E-06
   56.10689       -6.2866570E-06
   56.23368       -3.5565454E-06
   56.36047       -8.9100433E-07
   56.48727        1.6839648E-06
   56.61406        4.1441313E-06
   56.74085        6.4671576E-06
   56.86765        8.6326772E-06
   56.99444        1.0622378E-05
   57.12123        1.2420051E-05
   57.24802        1.4011678E-05
   57.37481        1.5385504E-05
   57.50161        1.6532143E-05
   57.62840        1.7444696E-05
   57.75519        1.8118883E-05
   57.88198        1.8553223E-05
   58.00878        1.8749193E-05
   58.13557        1.8711426E-05
   58.26236        1.8447865E-05
   58.38916        1.7969962E-05
   58.51595        1.7292734E-05
   58.64274        1.6434833E-05
   58.76954        1.5418515E-05
   58.89633        1.4269513E-05
   59.02312        1.3016813E-05
   59.14991        1.1692324E-05
   59.27670        1.0330436E-05
   59.40350        8.9674750E-06
   59.53029        7.6410652E-06
   59.65708        6.3893740E-06
   59.78387        5.2503010E-06
   59.91067        4.2605770E-06
   60.03746        3.4548525E-06
   60.16425        2.8647523E-06
   60.29105        2.5179604E-06
   60.41784        2.4373724E-06
   60.54463        2.6403386E-06
   60.67142        3.1380314E-06
   60.79822        3.9349352E-06
   60.92501        5.0285180E-06
   61.05180        6.4090727E-06
   61.17859        8.0597783E-06
   61.30539        9.9569024E-06
   61.43218        1.2070266E-05
   61.55897        1.4363877E-05
   61.68576        1.6796783E-05
   61.81256        1.9324054E-05
   61.93935        2.1897938E-05
   62.06614        2.4469084E-05
   62.19294        2.6987882E-05
   62.31973        2.9405775E-05
   62.44652        3.1676587E-05
   62.57331        3.3757788E-05
   62.70011        3.5611680E-05
   62.82690        3.7206464E-05
   62.95369        3.8517159E-05
   63.08048        3.9526276E-05
   63.20728        4.0224346E-05
   63.33407        4.0610190E-05
   63.46086        4.0690877E-05
   63.58765        4.0481507E-05
   63.71445        4.0004728E-05
   63.84124        3.9290015E-05
   63.96803        3.8372724E-05
   64.09483        3.7293008E-05
   64.22162        3.6094556E-05
   64.34841        3.4823206E-05
   64.47520        3.3525524E-05
   64.60200        3.2247299E-05
   64.72879        3.1032047E-05
   64.85558        2.9919620E-05
   64.98238        2.8944909E-05
   65.10917        2.8136674E-05
   65.23596        2.7516548E-05
   65.36275        2.7098296E-05
   65.48955        2.6887314E-05
   65.61633        2.6880380E-05
   65.74313        2.7065666E-05
   65.86992        2.7423041E-05
   65.99671        2.7924641E-05
   66.12350        2.8535684E-05
   66.25030        2.9215509E-05
   66.37709        2.9918827E-05
   66.50388        3.0597184E-05
   66.63068        3.1200510E-05
   66.75747        3.1678755E-05
   66.88426        3.1983585E-05
   67.01105        3.2069991E-05
   67.13785        3.1897878E-05
   67.26464        3.1433472E-05
   67.39143        3.0650641E-05
   67.51823        2.9531877E-05
   67.64502        2.8069197E-05
   67.77181        2.6264639E-05
   67.89861        2.4130570E-05
   68.02540        2.1689659E-05
   68.15219        1.8974501E-05
   68.27898        1.6027005E-05
   68.40578        1.2897491E-05
   68.53257        9.6435006E-06
   68.65936        6.3284256E-06
   68.78616        3.0199551E-06
   68.91295       -2.1155441E-07
   69.03974       -3.2948753E-06
   69.16653       -6.1596297E-06
   69.29333       -8.7380431E-06
   69.42011       -1.0966661E-05
   69.54691       -1.2787931E-05
   69.67370       -1.4151564E-05
   69.80049       -1.5015826E-05
   69.92728       -1.5348476E-05
   70.05408       -1.5127475E-05
   70.18087       -1.4341423E-05
   70.30766       -1.2989720E-05
   70.43446       -1.1082441E-05
   70.56125       -8.6399568E-06
   70.68804       -5.6922700E-06
   70.81483       -2.2781990E-06
   70.94163        1.5557072E-06
   71.06842        5.7564298E-06
   71.19521        1.0265832E-05
   71.32201        1.5022228E-05
   71.44880        1.9961828E-05
   71.57559        2.5020339E-05
   71.70238        3.0134424E-05
   71.82918        3.5243131E-05
   71.95597        4.0289167E-05
   72.08276        4.5220062E-05
   72.20956        4.9989147E-05
   72.33635        5.4556353E-05
   72.46314        5.8888840E-05
   72.58994        6.2961335E-05
   72.71673        6.6756336E-05
   72.84352        7.0264017E-05
   72.97031        7.3482050E-05
   73.09711        7.6415046E-05
   73.22389        7.9074009E-05
   73.35069        8.1475584E-05
   73.47748        8.3641193E-05
   73.60427        8.5596199E-05
   73.73106        8.7368891E-05
   73.85786        8.8989538E-05
   73.98465        9.0489470E-05
   74.11144        9.1900140E-05
   74.23824        9.3252318E-05
   74.36503        9.4575298E-05
   74.49182        9.5896285E-05
   74.61861        9.7239928E-05
   74.74541        9.8627883E-05
   74.87220        1.0007864E-04
   74.99899        1.0160733E-04
   75.12579        1.0322583E-04
   75.25258        1.0494277E-04
   75.37937        1.0676379E-04
   75.50616        1.0869172E-04
   75.63296        1.1072702E-04
   75.75975        1.1286805E-04
   75.88654        1.1511149E-04
   76.01334        1.1745277E-04
   76.14013        1.1988632E-04
   76.26692        1.2240591E-04
   76.39371        1.2500497E-04
   76.52051        1.2767663E-04
   76.64730        1.3041394E-04
   76.77409        1.3320979E-04
   76.90089        1.3605684E-04
   77.02767        1.3894745E-04
   77.15446        1.4187330E-04
   77.28126        1.4482526E-04
   77.40805        1.4779289E-04
   77.53484        1.5076423E-04
   77.66164        1.5372521E-04
   77.78843        1.5665947E-04
   77.91522        1.5954780E-04
   78.04202        1.6236793E-04
   78.16881        1.6509426E-04
   78.29560        1.6769767E-04
   78.42239        1.7014552E-04
   78.54919        1.7240162E-04
   78.67598        1.7442653E-04
   78.80277        1.7617785E-04
   78.92957        1.7761059E-04
   79.05636        1.7867787E-04
   79.18315        1.7933158E-04
   79.30994        1.7952311E-04
   79.43674        1.7920433E-04
   79.56353        1.7832847E-04
   79.69032        1.7685120E-04
   79.81712        1.7473163E-04
   79.94391        1.7193326E-04
   80.07070        1.6842500E-04
   80.19749        1.6418188E-04
   80.32429        1.5918595E-04
   80.45108        1.5342687E-04
   80.57787        1.4690237E-04
   80.70466        1.3961863E-04
   80.83145        1.3159038E-04
   80.95824        1.2284095E-04
   81.08504        1.1340206E-04
   81.21183        1.0331338E-04
   81.33862        9.2622104E-05
   81.46542        8.1382190E-05
   81.59221        6.9653644E-05
   81.71900        5.7501544E-05
   81.84579        4.4995129E-05
   81.97259        3.2206743E-05
   82.09938        1.9210785E-05
   82.22617        6.0826756E-06
   82.35297       -7.1022059E-06
   82.47976       -2.0269514E-05
   82.60655       -3.3346856E-05
   82.73335       -4.6264689E-05
   82.86014       -5.8957034E-05
   82.98693       -7.1362207E-05
   83.11372       -8.3423336E-05
   83.24052       -9.5088821E-05
   83.36731       -1.0631270E-04
   83.49410       -1.1705487E-04
   83.62090       -1.2728122E-04
   83.74769       -1.3696370E-04
   83.87448       -1.4608030E-04
   84.00127       -1.5461490E-04
   84.12807       -1.6255703E-04
   84.25486       -1.6990169E-04
   84.38165       -1.7664899E-04
   84.50844       -1.8280378E-04
   84.63523       -1.8837527E-04
   84.76202       -1.9337653E-04
   84.88882       -1.9782416E-04
   85.01561       -2.0173777E-04
   85.14240       -2.0513943E-04
   85.26920       -2.0805340E-04
   85.39599       -2.1050553E-04
   85.52278       -2.1252292E-04
   85.64957       -2.1413343E-04
   85.77637       -2.1536538E-04
   85.90316       -2.1624714E-04
   86.02995       -2.1680695E-04
   86.15675       -2.1707262E-04
   86.28354       -2.1707125E-04
   86.41033       -2.1682926E-04
   86.53712       -2.1637212E-04
   86.66392       -2.1572442E-04
   86.79071       -2.1490980E-04
   86.91750       -2.1395108E-04
   87.04430       -2.1287010E-04
   87.17109       -2.1168809E-04
   87.29788       -2.1042558E-04
   87.42467       -2.0910267E-04
   87.55147       -2.0773908E-04
   87.67826       -2.0635438E-04
   87.80505       -2.0496803E-04
   87.93185       -2.0359959E-04
   88.05864       -2.0226852E-04
   88.18543       -2.0099437E-04
   88.31222       -1.9979669E-04
   88.43901       -1.9869478E-04
   88.56580       -1.9770763E-04
   88.69260       -1.9685355E-04
   88.81939       -1.9614991E-04
   88.94618       -1.9561267E-04
   89.07298       -1.9525593E-04
   89.19977       -1.9509136E-04
   89.32656       -1.9512765E-04
   89.45335       -1.9536994E-04
   89.58015       -1.9581927E-04
   89.70694       -1.9647207E-04
   89.83373       -1.9731966E-04
   89.96053       -1.9834793E-04
   90.08732       -1.9953704E-04
   90.21411       -2.0086141E-04
   90.34090       -2.0228971E-04
   90.46770       -2.0378506E-04
   90.59449       -2.0530561E-04
   90.72128       -2.0680502E-04
   90.84808       -2.0823344E-04
   90.97487       -2.0953844E-04
   91.10166       -2.1066629E-04
   91.22845       -2.1156321E-04
   91.35525       -2.1217689E-04
   91.48204       -2.1245788E-04
   91.60883       -2.1236100E-04
   91.73563       -2.1184696E-04
   91.86242       -2.1088345E-04
   91.98921       -2.0944649E-04
   92.11600       -2.0752130E-04
   92.24279       -2.0510305E-04
   92.36958       -2.0219731E-04
   92.49638       -1.9882011E-04
   92.62317       -1.9499779E-04
   92.74996       -1.9076635E-04
   92.87675       -1.8617070E-04
   93.00355       -1.8126337E-04
   93.13034       -1.7610325E-04
   93.25713       -1.7075376E-04
   93.38393       -1.6528115E-04
   93.51072       -1.5975256E-04
   93.63751       -1.5423399E-04
   93.76431       -1.4878844E-04
   93.89110       -1.4347401E-04
   94.01789       -1.3834219E-04
   94.14468       -1.3343651E-04
   94.27148       -1.2879126E-04
   94.39827       -1.2443066E-04
   94.52506       -1.2036829E-04
   94.65186       -1.1660697E-04
   94.77865       -1.1313894E-04
   94.90544       -1.0994644E-04
   95.03223       -1.0700251E-04
   95.15903       -1.0427230E-04
   95.28582       -1.0171442E-04
   95.41261       -9.9282668E-05
   95.53941       -9.6927761E-05
   95.66620       -9.4599287E-05
   95.79299       -9.2247581E-05
   95.91978       -8.9825538E-05
   96.04657       -8.7290355E-05
   96.17336       -8.4605075E-05
   96.30016       -8.1739869E-05
   96.42695       -7.8673067E-05
   96.55374       -7.5391916E-05
   96.68053       -7.1892908E-05
   96.80733       -6.8181922E-05
   96.93412       -6.4273860E-05
   97.06091       -6.0192117E-05
   97.18771       -5.5967655E-05
   97.31450       -5.1637835E-05
   97.44129       -4.7245063E-05
   97.56808       -4.2835265E-05
   97.69488       -3.8456274E-05
   97.82167       -3.4156172E-05
   97.94846       -2.9981693E-05
   98.07526       -2.5976658E-05
   98.20205       -2.2180624E-05
   98.32884       -1.8627643E-05
   98.45564       -1.5345289E-05
   98.58243       -1.2353954E-05
   98.70922       -9.6663916E-06
   98.83601       -7.2875655E-06
   98.96281       -5.2147652E-06
   99.08960       -3.4379759E-06
   99.21639       -1.9404952E-06
   99.34319       -6.9971333E-07
   99.46998        3.1187636E-07
   99.59677        1.1256577E-06
   99.72356        1.7757503E-06
   99.85035        2.2978888E-06
   99.97714        2.7283384E-06
   100.1039        3.1028733E-06
   100.2307        3.4559037E-06
   100.3575        3.8197077E-06
   100.4843        4.2238457E-06
   100.6111        4.6947762E-06
   100.7379        5.2555620E-06
   100.8647        5.9258186E-06
   100.9915        6.7217497E-06
   101.1183        7.6562901E-06
   101.2451        8.7393928E-06
   101.3719        9.9783010E-06
   101.4987        1.1377894E-05
   101.6255        1.2940961E-05
   101.7522        1.4668483E-05
   101.8790        1.6559832E-05
   102.0058        1.8612873E-05
   102.1326        2.0824002E-05
   102.2594        2.3188075E-05
   102.3862        2.5698262E-05
   102.5130        2.8345810E-05
   102.6398        3.1119776E-05
   102.7666        3.4006727E-05
   102.8934        3.6990456E-05
   103.0202        4.0051735E-05
   103.1470        4.3168115E-05
   103.2738        4.6313853E-05
   103.4006        4.9459944E-05
   103.5273        5.2574323E-05
   103.6541        5.5622215E-05
   103.7809        5.8566646E-05
   103.9077        6.1369145E-05
   104.0345        6.3990556E-05
   104.1613        6.6392044E-05
   104.2881        6.8536152E-05
   104.4149        7.0387949E-05
   104.5417        7.1916242E-05
   104.6685        7.3094707E-05
   104.7953        7.3903037E-05
   104.9221        7.4327916E-05
   105.0489        7.4363903E-05
   105.1756        7.4014089E-05
   105.3024        7.3290495E-05
   105.4292        7.2214294E-05
   105.5560        7.0815615E-05
   105.6828        6.9133173E-05
   105.8096        6.7213528E-05
   105.9364        6.5110115E-05
   106.0632        6.2881947E-05
   106.1900        6.0592127E-05
   106.3168        5.8306141E-05
   106.4436        5.6090015E-05
   106.5704        5.4008364E-05
   106.6972        5.2122432E-05
   106.8240        5.0488150E-05
   106.9507        4.9154318E-05
   107.0775        4.8160928E-05
   107.2043        4.7537749E-05
   107.3311        4.7303194E-05
   107.4579        4.7463505E-05
   107.5847        4.8012324E-05
   107.7115        4.8930633E-05
   107.8383        5.0187122E-05
   107.9651        5.1738934E-05
   108.0919        5.3532814E-05
   108.2187        5.5506589E-05
   108.3455        5.7590994E-05
   108.4723        5.9711718E-05
   108.5990        6.1791645E-05
   108.7258        6.3753236E-05
   108.8526        6.5520886E-05
   108.9794        6.7023291E-05
   109.1062        6.8195659E-05
   109.2330        6.8981710E-05
   109.3598        6.9335474E-05
   109.4866        6.9222675E-05
   109.6134        6.8621848E-05
   109.7402        6.7524968E-05
   109.8670        6.5937704E-05
   109.9938        6.3879255E-05
   110.1206        6.1381710E-05
   110.2474        5.8489059E-05
   110.3741        5.5255856E-05
   110.5009        5.1745512E-05
   110.6277        4.8028403E-05
   110.7545        4.4179782E-05
   110.8813        4.0277569E-05
   111.0081        3.6400110E-05
   111.1349        3.2623910E-05
   111.2617        2.9021554E-05
   111.3885        2.5659681E-05
   111.5153        2.2597234E-05
   111.6421        1.9883957E-05
   111.7689        1.7559190E-05
   111.8957        1.5651001E-05
   112.0224        1.4175696E-05
   112.1492        1.3137619E-05
   112.2760        1.2529371E-05
   112.4028        1.2332292E-05
   112.5296        1.2517293E-05
   112.6564        1.3045914E-05
   112.7832        1.3871676E-05
   112.9100        1.4941596E-05
   113.0368        1.6197853E-05
   113.1636        1.7579559E-05
   113.2904        1.9024561E-05
   113.4172        2.0471236E-05
   113.5440        2.1860220E-05
   113.6708        2.3136035E-05
   113.7975        2.4248548E-05
   113.9243        2.5154230E-05
   114.0511        2.5817229E-05
   114.1779        2.6210178E-05
   114.3047        2.6314741E-05
   114.4315        2.6121908E-05
   114.5583        2.5632005E-05
   114.6851        2.4854437E-05
   114.8119        2.3807122E-05
   114.9387        2.2515747E-05
   115.0655        2.1012802E-05
   115.1923        1.9336379E-05
   115.3191        1.7528919E-05
   115.4458        1.5635820E-05
   115.5726        1.3703994E-05
   115.6994        1.1780436E-05
   115.8262        9.9108138E-06
   115.9530        8.1381231E-06
   116.0798        6.5014733E-06
   116.2066        5.0350086E-06
   116.3334        3.7670382E-06
   116.4602        2.7193748E-06
   116.5870        1.9068906E-06
   116.7138        1.3373722E-06
   116.8406        1.0115434E-06
   116.9674        9.2336234E-07
   117.0942        1.0604954E-06
   117.2209        1.4049955E-06
   117.3477        1.9341269E-06
   117.4745        2.6213172E-06
   117.6013        3.4371933E-06
   117.7281        4.3506734E-06
   117.8549        5.3300669E-06
   117.9817        6.3441285E-06
   118.1085        7.3630331E-06
   118.2353        8.3592295E-06
   118.3621        9.3081608E-06
   118.4889        1.0188775E-05
   118.6157        1.0983902E-05
   118.7425        1.1680409E-05
   118.8692        1.2269209E-05
   118.9960        1.2745091E-05
   119.1228        1.3106393E-05
   119.2496        1.3354549E-05
   119.3764        1.3493523E-05
   119.5032        1.3529160E-05
   119.6300        1.3468512E-05
   119.7568        1.3319151E-05
   119.8836        1.3088547E-05
   120.0104        1.2783524E-05
   120.1372        1.2409802E-05
   120.2640        1.1971708E-05
   120.3908        1.1472007E-05
   120.5176        1.0911888E-05
   120.6443        1.0291102E-05
   120.7711        9.6082249E-06
   120.8979        8.8610586E-06
   121.0247        8.0471282E-06
   121.1515        7.1642812E-06
   121.2783        6.2113122E-06
   121.4051        5.1886136E-06
   121.5319        4.0987916E-06
   121.6587        2.9471807E-06
   121.7855        1.7422601E-06
   121.9123        4.9591114E-07
   122.0391       -7.7650424E-07
   122.1659       -2.0562318E-06
   122.2927       -3.3214174E-06
   122.4194       -4.5475826E-06
   122.5462       -5.7082702E-06
   122.6730       -6.7758547E-06
   122.7998       -7.7224749E-06
   122.9266       -8.5210786E-06
   123.0534       -9.1465190E-06
   123.1802       -9.5766427E-06
   123.3070       -9.7933398E-06
   123.4338       -9.7834672E-06
   123.5606       -9.5396072E-06
   123.6874       -9.0606218E-06
   123.8142       -8.3519935E-06
   123.9410       -7.4259124E-06
   124.0677       -6.3010921E-06
   124.1945       -5.0023546E-06
   124.3213       -3.5599414E-06
   124.4481       -2.0085793E-06
   124.5749       -3.8636034E-07
   124.7017        1.2665440E-06
   124.8285        2.9092728E-06
   124.9553        4.5017346E-06
   125.0821        6.0060515E-06
   125.2089        7.3879069E-06
   125.3357        8.6177643E-06
   125.4625        9.6718868E-06
   125.5893        1.0533150E-05
   125.7161        1.1191585E-05
   125.8428        1.1644627E-05
   125.9696        1.1897117E-05
   126.0964        1.1960962E-05
   126.2232        1.1854550E-05
   126.3500        1.1601887E-05
   126.4768        1.1231486E-05
   126.6036        1.0775090E-05
   126.7304        1.0266303E-05
   126.8572        9.7391112E-06
   126.9840        9.2264481E-06
   127.1108        8.7588060E-06
   127.2376        8.3629757E-06
   127.3644        8.0609516E-06
   127.4911        7.8690309E-06
   127.6179        7.7971736E-06
   127.7447        7.8486100E-06
   127.8715        8.0197306E-06
   127.9983        8.3002797E-06
   128.1251        8.6738264E-06
   128.2519        9.1185029E-06
   128.3787        9.6079630E-06
   128.5055        1.0112517E-05
   128.6323        1.0600398E-05
   128.7591        1.1039090E-05
   128.8859        1.1396676E-05
   129.0127        1.1643148E-05
   129.1395        1.1751639E-05
   129.2663        1.1699499E-05
   129.3930        1.1469236E-05
   129.5198        1.1049217E-05
   129.6466        1.0434170E-05
   129.7734        9.6254162E-06
   129.9002        8.6308592E-06
   130.0270        7.4647228E-06
   130.1538        6.1470655E-06
   130.2806        4.7030967E-06
   130.4074        3.1623681E-06
   130.5342        1.5578356E-06
   130.6610       -7.5157750E-08
   130.7878       -1.6999001E-06
   130.9146       -3.2793810E-06
   131.0414       -4.7772742E-06
   131.1681       -6.1588730E-06
   131.2949       -7.3919591E-06
   131.4217       -8.4475496E-06
   131.5485       -9.3005137E-06
   131.6753       -9.9300660E-06
   131.8021       -1.0320126E-05
   131.9289       -1.0459554E-05
   132.0557       -1.0342272E-05
   132.1825       -9.9673007E-06
   132.3093       -9.3387225E-06
   132.4361       -8.4655640E-06
   132.5629       -7.3616179E-06
   132.6897       -6.0452030E-06
   132.8164       -4.5388610E-06
   132.9432       -2.8689753E-06
   133.0700       -1.0653398E-06
   133.1968        8.3933338E-07
   133.3236        2.8099867E-06
   133.4504        4.8098273E-06
   133.5772        6.8010227E-06
   133.7040        8.7454455E-06
   133.8308        1.0605457E-05
   133.9576        1.2344740E-05
   134.0844        1.3929158E-05
   134.2112        1.5327580E-05
   134.3380        1.6512695E-05
   134.4648        1.7461734E-05
   134.5915        1.8157090E-05
   134.7183        1.8586788E-05
   134.8451        1.8744795E-05
   134.9719        1.8631141E-05
   135.0987        1.8251802E-05
   135.2255        1.7618413E-05
   135.3523        1.6747730E-05
   135.4791        1.5660931E-05
   135.6059        1.4382720E-05
   135.7327        1.2940295E-05
   135.8595        1.1362254E-05
   135.9863        9.6774156E-06
   136.1131        7.9136889E-06
   136.2398        6.0969787E-06
   136.3666        4.2502475E-06
   136.4934        2.3927341E-06
   136.6202        5.3941784E-07
   136.7470       -1.2992738E-06
   136.8738       -3.1175030E-06
   137.0006       -4.9137689E-06
   137.1274       -6.6904113E-06
   137.2542       -8.4528610E-06
   137.3810       -1.0208684E-05
   137.5078       -1.1966495E-05
   137.6346       -1.3734786E-05
   137.7614       -1.5520716E-05
   137.8882       -1.7328945E-05
   138.0149       -1.9160589E-05
   138.1417       -2.1012367E-05
   138.2685       -2.2875958E-05
   138.3953       -2.4737659E-05
   138.5221       -2.6578333E-05
   138.6489       -2.8373694E-05
   138.7757       -3.0094905E-05
   138.9025       -3.1709467E-05
   139.0293       -3.3182390E-05
   139.1561       -3.4477576E-05
   139.2829       -3.5559347E-05
   139.4097       -3.6394078E-05
   139.5365       -3.6951787E-05
   139.6632       -3.7207727E-05
   139.7900       -3.7143735E-05
   139.9168       -3.6749429E-05
   140.0436       -3.6023059E-05
   140.1704       -3.4972058E-05
   140.2972       -3.3613167E-05
   140.4240       -3.1972228E-05
   140.5508       -3.0083489E-05
   140.6776       -2.7988634E-05
   140.8044       -2.5735413E-05
   140.9312       -2.3375998E-05
   141.0580       -2.0965126E-05
   141.1848       -1.8558083E-05
   141.3116       -1.6208636E-05
   141.4383       -1.3967024E-05
   141.5651       -1.1878029E-05
   141.6919       -9.9792960E-06
   141.8187       -8.2999250E-06
   141.9455       -6.8594049E-06
   142.0723       -5.6669678E-06
   142.1991       -4.7213757E-06
   142.3259       -4.0111399E-06
   142.4527       -3.5151766E-06
   142.5795       -3.2038924E-06
   142.7063       -3.0406047E-06
   142.8331       -2.9832811E-06
   142.9599       -2.9864909E-06
   143.0867       -3.0035230E-06
   143.2134       -2.9885448E-06
   143.3402       -2.8987204E-06
   143.4670       -2.6961854E-06
   143.5938       -2.3497987E-06
   143.7206       -1.8365934E-06
   143.8474       -1.1428524E-06
   143.9742       -2.6477764E-07
   144.1010        7.9130092E-07
   144.2278        2.0091466E-06
   144.3546        3.3632953E-06
   144.4814        4.8201305E-06
   144.6082        6.3393331E-06
   144.7350        7.8756175E-06
   144.8617        9.3807057E-06
   144.9885        1.0805439E-05
   145.1153        1.2101944E-05
   145.2421        1.3225747E-05
   145.3689        1.4137741E-05
   145.4957        1.4805914E-05
   145.6225        1.5206780E-05
   145.7493        1.5326437E-05
   145.8761        1.5161208E-05
   146.0029        1.4717836E-05
   146.1297        1.4013225E-05
   146.2565        1.3073759E-05
   146.3833        1.1934193E-05
   146.5101        1.0636215E-05
   146.6368        9.2266791E-06
   146.7636        7.7556506E-06
   146.8904        6.2742770E-06
   147.0172        4.8326515E-06
   147.1440        3.4776849E-06
   147.2708        2.2511756E-06
   147.3976        1.1880750E-06
   147.5244        3.1509774E-07
   147.6512       -3.5033878E-07
   147.7780       -8.0072238E-07
   147.9048       -1.0386386E-06
   148.0316       -1.0765373E-06
   148.1584       -9.3608639E-07
   148.2851       -6.4708018E-07
   148.4119       -2.4602610E-07
   148.5387        2.2554215E-07
   148.6655        7.2302225E-07
   148.7923        1.2007796E-06
   148.9191        1.6142470E-06
   149.0459        1.9219476E-06
   149.1727        2.0873495E-06
   149.2995        2.0805169E-06
   149.4263        1.8794168E-06
   149.5531        1.4709055E-06
   149.6799        8.5130495E-07
   149.8067        2.6558578E-08
   149.9335       -9.8804719E-07
   150.0602       -2.1685707E-06
   150.1870       -3.4835004E-06
   150.3138       -4.8951779E-06
   150.4406       -6.3615084E-06
   150.5674       -7.8378662E-06
   150.6942       -9.2791252E-06
   150.8210       -1.0641688E-05
   150.9478       -1.1885470E-05
   151.0746       -1.2975689E-05
   151.2014       -1.3884443E-05
   151.3282       -1.4591956E-05
   151.4550       -1.5087504E-05
   151.5818       -1.5369915E-05
   151.7085       -1.5447657E-05
   151.8353       -1.5338486E-05
   151.9621       -1.5068688E-05
   152.0889       -1.4671904E-05
   152.2157       -1.4187619E-05
   152.3425       -1.3659385E-05
   152.4693       -1.3132858E-05
   152.5961       -1.2653712E-05
   152.7229       -1.2265561E-05
   152.8497       -1.2007959E-05
   152.9765       -1.1914574E-05
   153.1033       -1.2011573E-05
   153.2301       -1.2316340E-05
   153.3569       -1.2836538E-05
   153.4836       -1.3569586E-05
   153.6104       -1.4502540E-05
   153.7372       -1.5612450E-05
   153.8640       -1.6867112E-05
   153.9908       -1.8226223E-05
   154.1176       -1.9642870E-05
   154.2444       -2.1065280E-05
   154.3712       -2.2438762E-05
   154.4980       -2.3707762E-05
   154.6248       -2.4817933E-05
   154.7516       -2.5718169E-05
   154.8784       -2.6362499E-05
   155.0052       -2.6711779E-05
   155.1319       -2.6735153E-05
   155.2587       -2.6411166E-05
   155.3855       -2.5728536E-05
   155.5123       -2.4686573E-05
   155.6391       -2.3295168E-05
   155.7659       -2.1574455E-05
   155.8927       -1.9554114E-05
   156.0195       -1.7272378E-05
   156.1463       -1.4774786E-05
   156.2731       -1.2112760E-05
   156.3999       -9.3420367E-06
   156.5267       -6.5209933E-06
   156.6535       -3.7089731E-06
   156.7803       -9.6463441E-07
   156.9070        1.6556505E-06
   157.0338        4.0992431E-06
   157.1606        6.3185284E-06
   157.2874        8.2719916E-06
   157.4142        9.9250929E-06
   157.5410        1.1250869E-05
   157.6678        1.2230352E-05
   157.7946        1.2852727E-05
   157.9214        1.3115307E-05
   158.0482        1.3023280E-05
   158.1750        1.2589307E-05
   158.3018        1.1832909E-05
   158.4286        1.0779754E-05
   158.5553        9.4607803E-06
   158.6821        7.9112688E-06
   158.8089        6.1698429E-06
   158.9357        4.2774545E-06
   159.0625        2.2763936E-06
   159.1893        2.0931489E-07
   159.3161       -1.8816753E-06
   159.4429       -3.9558554E-06
   159.5697       -5.9746712E-06
   159.6965       -7.9023939E-06
   159.8233       -9.7066941E-06
   159.9501       -1.1359085E-05
   160.0769       -1.2835248E-05
   160.2037       -1.4115226E-05
