  -4.500000        3.4494133E-18
  -4.373208        3.4494366E-18
  -4.246415        3.4494807E-18
  -4.119622        3.4495398E-18
  -3.992829        3.4496089E-18
  -3.866037        3.4496817E-18
  -3.739244        3.4497514E-18
  -3.612452        3.4498124E-18
  -3.485659        3.4498601E-18
  -3.358866        3.4498930E-18
  -3.232074        3.4499118E-18
  -3.105281        3.4499189E-18
  -2.978488        3.4499187E-18
  -2.851696        3.4499174E-18
  -2.724903        3.4499201E-18
  -2.598110        3.4499319E-18
  -2.471318        3.4499580E-18
  -2.344525        3.4499999E-18
  -2.217732        3.4500572E-18
  -2.090940        3.4501292E-18
  -1.964147        3.4502127E-18
  -1.837354        3.4503016E-18
  -1.710562        3.4503877E-18
  -1.583769        3.4504584E-18
  -1.456976        3.4505022E-18
  -1.330184        3.4505132E-18
  -1.203391        3.4505027E-18
  -1.076598        3.4505146E-18
 -0.9498057        3.4506263E-18
 -0.8230131        3.4509214E-18
 -0.6962205        3.4514181E-18
 -0.5694278        3.4519552E-18
 -0.4426351        3.4520797E-18
 -0.3158425        3.4510337E-18
 -0.1890498        3.4479593E-18
 -6.2257171E-02    3.4424190E-18
  6.4535484E-02    3.4352093E-18
  0.1913281        3.4292032E-18
  0.3181208        3.4297346E-18
  0.4449134        3.4438616E-18
  0.5717061        3.4779768E-18
  0.6984987        3.5337586E-18
  0.8252914        3.6033328E-18
  0.9520841        3.6655752E-18
   1.078877        3.6861968E-18
   1.205669        3.6240772E-18
   1.332462        3.4448470E-18
   1.459255        3.1398635E-18
   1.586047        2.7452344E-18
   1.712840        2.3526090E-18
   1.839633        2.1028062E-18
   1.966425        2.1563840E-18
   2.093218        2.6423104E-18
   2.220011        3.5957198E-18
   2.346803        4.9051004E-18
   2.473596        6.2938320E-18
   2.600389        7.3566333E-18
   2.727181        7.6563837E-18
   2.853974        6.8631378E-18
   2.980767        4.8920342E-18
   3.107559        1.9808990E-18
   3.234352       -1.3473699E-18
   3.361145       -4.4614433E-18
   3.487937       -6.9057599E-18
   3.614730       -8.6958338E-18
   3.741522       -1.0478305E-17
   3.868315       -1.3403008E-17
   3.995108       -1.8613152E-17
   4.121901       -2.6386769E-17
   4.248693       -3.5133898E-17
   4.375485       -4.0617950E-17
   4.502278       -3.5858276E-17
   4.629071       -1.2118550E-17
   4.755864        3.8842853E-17
   4.882656        1.2147170E-16
   5.009449        2.3274327E-16
   5.136241        3.5920020E-16
   5.263034        4.7598424E-16
   5.389827        5.4898614E-16
   5.516620        5.4067982E-16
   5.643412        4.1929057E-16
   5.770205        1.6987190E-16
   5.896997       -1.9511667E-16
   6.023790       -6.2869665E-16
   6.150583       -1.0485958E-15
   6.277375       -1.3448188E-15
   6.404168       -1.3960180E-15
   6.530961       -1.0931591E-15
   6.657753       -3.6702316E-16
   6.784546        7.8539669E-16
   6.911339        2.2811764E-15
   7.038131        3.9435639E-15
   7.164924        5.5095830E-15
   7.291717        6.6545610E-15
   7.418509        7.0323542E-15
   7.545302        6.3274653E-15
   7.672095        4.3130990E-15
   7.798887        9.0779157E-16
   7.925680       -3.7773553E-15
   8.052472       -9.4086090E-15
   8.179265       -1.5423553E-14
   8.306058       -2.1054300E-14
   8.432851       -2.5383008E-14
   8.559643       -2.7429859E-14
   8.686436       -2.6270041E-14
   8.813229       -2.1172178E-14
   8.940022       -1.1746144E-14
   9.066813        1.9161113E-15
   9.193606        1.9126607E-14
   9.320399        3.8535981E-14
   9.447192        5.8138004E-14
   9.573984        7.5361816E-14
   9.700777        8.7263049E-14
   9.827570        9.0815281E-14
   9.954362        8.3290640E-14
   10.08115        6.2704602E-14
   10.20795        2.8285408E-14
   10.33474       -1.9084743E-14
   10.46153       -7.6519154E-14
   10.58833       -1.3893433E-13
   10.71512       -1.9908123E-13
   10.84191       -2.4785485E-13
   10.96870       -2.7491797E-13
   11.09550       -2.6964553E-13
   11.22229       -2.2236196E-13
   11.34908       -1.2580265E-13
   11.47587        2.3310103E-14
   11.60267        2.2272345E-13
   11.72946        4.6331949E-13
   11.85625        7.2818287E-13
   11.98304        9.9226432E-13
   12.10984        1.2228161E-12
   12.23663        1.3807374E-12
   12.36342        1.4229111E-12
   12.49022        1.3055380E-12
   12.61701        9.8838515E-13
   12.74380        4.3976609E-13
   12.87059       -3.5803378E-13
   12.99739       -1.4032755E-12
   13.12418       -2.6697067E-12
   13.25097       -4.1024710E-12
   13.37776       -5.6155740E-12
   13.50456       -7.0914845E-12
   13.63135       -8.3834086E-12
   13.75814       -9.3206319E-12
   13.88493       -9.7171958E-12
   14.01173       -9.3839042E-12
   14.13852       -8.1433931E-12
   14.26531       -5.8476670E-12
   14.39211       -2.3971875E-12
   14.51890        2.2397607E-12
   14.64569        8.0089433E-12
   14.77248        1.4755050E-11
   14.89928        2.2211418E-11
   15.02607        2.9996415E-11
   15.15286        3.7618082E-11
   15.27965        4.4488278E-11
   15.40645        4.9947029E-11
   15.53324        5.3297013E-11
   15.66003        5.3847364E-11
   15.78682        5.0965038E-11
   15.91362        4.4131095E-11
   16.04041        3.2998462E-11
   16.16720        1.7447035E-11
   16.29399       -2.3684216E-12
   16.42079       -2.5982199E-11
   16.54758       -5.2597874E-11
   16.67437       -8.1088657E-11
   16.80116       -1.1002067E-10
   16.92796       -1.3770080E-10
   17.05475       -1.6224888E-10
   17.18154       -1.8169274E-10
   17.30834       -1.9408203E-10
   17.43513       -1.9761576E-10
   17.56192       -1.9077652E-10
   17.68871       -1.7246295E-10
   17.81551       -1.4211161E-10
   17.94230       -9.9798850E-11
   18.06909       -4.6313751E-11
   18.19588        1.6805810E-11
   18.32268        8.7280461E-11
   18.44947        1.6214385E-10
   18.57626        2.3784613E-10
   18.70305        3.1040434E-10
   18.82985        3.7559503E-10
   18.95664        4.2918055E-10
   19.08343        4.6715848E-10
   19.21023        4.8601945E-10
   19.33702        4.8299859E-10
   19.46381        4.5630391E-10
   19.59060        4.0530529E-10
   19.71740        3.3066822E-10
   19.84419        2.3442090E-10
   19.97098        1.1994335E-10
   20.09777       -8.1253762E-12
   20.22457       -1.4406343E-10
   20.35136       -2.8132077E-10
   20.47815       -4.1284215E-10
   20.60494       -5.3144400E-10
   20.73174       -6.3022532E-10
   20.85853       -7.0298994E-10
   20.98532       -7.4465512E-10
   21.11212       -7.5161893E-10
   21.23891       -7.2206296E-10
   21.36570       -6.5616435E-10
   21.49249       -5.5619925E-10
   21.61929       -4.2652396E-10
   21.74608       -2.7342545E-10
   21.87287       -1.0484245E-10
   21.99966        7.0033424E-11
   22.12646        2.4125968E-10
   22.25325        3.9872217E-10
   22.38004        5.3275956E-10
   22.50683        6.3479544E-10
   22.63363        6.9793687E-10
   22.76042        7.1749900E-10
   22.88721        6.9141548E-10
   23.01401        6.2050015E-10
   23.14080        5.0853349E-10
   23.26759        3.6215608E-10
   23.39438        1.9056233E-10
   23.52118        5.0040297E-12
   23.64797       -1.8187672E-10
   23.77476       -3.5685077E-10
   23.90155       -5.0699434E-10
   24.02835       -6.2061573E-10
   24.15514       -6.8815303E-10
   24.28193       -7.0297707E-10
   24.40872       -6.6203620E-10
   24.53552       -5.6628341E-10
   24.66231       -4.2083911E-10
   24.78910       -2.3485830E-10
   24.91590       -2.1081477E-11
   25.04269        2.0491467E-10
   25.16948        4.2574722E-10
   25.29627        6.2348116E-10
   25.42307        7.8103424E-10
   25.54986        8.8365415E-10
   25.67665        9.2035141E-10
   25.80344        8.8518642E-10
   25.93024        7.7829998E-10
   26.05703        6.0658484E-10
   26.18382        3.8391063E-10
   26.31061        1.3083643E-10
   26.43741       -1.2622374E-10
   26.56420       -3.5638636E-10
   26.69099       -5.2620269E-10
   26.81779       -6.0200667E-10
   26.94458       -5.5258886E-10
   27.07137       -3.5206207E-10
   27.19816        1.7251733E-11
   27.32495        5.6211658E-10
   27.45175        1.2760724E-09
   27.57854        2.1376803E-09
   27.70533        3.1095677E-09
   27.83213        4.1383816E-09
   27.95892        5.1557971E-09
   28.08571        6.0806506E-09
   28.21250        6.8221921E-09
   28.33930        7.2844020E-09
   28.46609        7.3712525E-09
   28.59288        6.9926913E-09
   28.71968        6.0711005E-09
   28.84647        4.5478994E-09
   28.97326        2.3899109E-09
   29.10005       -4.0486714E-10
   29.22684       -3.8025521E-09
   29.35364       -7.7300237E-09
   29.48043       -1.2073347E-08
   29.60722       -1.6678262E-08
   29.73402       -2.1352857E-08
   29.86081       -2.5872611E-08
   29.98760       -2.9987746E-08
   30.11439       -3.3432752E-08
   30.24119       -3.5937788E-08
   30.36798       -3.7241620E-08
   30.49477       -3.7105480E-08
   30.62156       -3.5327364E-08
   30.74836       -3.1755956E-08
   30.87515       -2.6303585E-08
   31.00194       -1.8957392E-08
   31.12873       -9.7880672E-09
   31.25553        1.0444999E-09
   31.38232        1.3289172E-08
   31.50911        2.6605534E-08
   31.63591        4.0570050E-08
   31.76270        5.4686520E-08
   31.88949        6.8400624E-08
   32.01628        8.1118230E-08
   32.14308        9.2226877E-08
   32.26987        1.0111976E-07
   32.39666        1.0722118E-07
   32.52345        1.1001263E-07
   32.65025        1.0905830E-07
   32.77704        1.0402886E-07
   32.90383        9.4722466E-08
   33.03062        8.1081964E-08
   33.15742        6.3207189E-08
   33.28421        4.1361883E-08
   33.41100        1.5974392E-08
   33.53780       -1.2367949E-08
   33.66459       -4.2930935E-08
   33.79138       -7.4851819E-08
   33.91817       -1.0716341E-07
   34.04497       -1.3882308E-07
   34.17176       -1.6874590E-07
   34.29855       -1.9584056E-07
   34.42534       -2.1904670E-07
   34.55214       -2.3737257E-07
   34.67893       -2.4993113E-07
   34.80572       -2.5597353E-07
   34.93251       -2.5491869E-07
   35.05931       -2.4637740E-07
   35.18610       -2.3017063E-07
   35.31289       -2.0634067E-07
   35.43969       -1.7515546E-07
   35.56648       -1.3710520E-07
   35.69327       -9.2892030E-08
   35.82006       -4.3412868E-08
   35.94686        1.0263688E-08
   36.07365        6.6925601E-08
   36.20044        1.2524953E-07
   36.32723        1.8383578E-07
   36.45403        2.4124472E-07
   36.58082        2.9603339E-07
   36.70761        3.4679124E-07
   36.83440        3.9217372E-07
   36.96120        4.3093289E-07
   37.08799        4.6194464E-07
   37.21478        4.8423152E-07
   37.34158        4.9698116E-07
   37.46837        4.9956043E-07
   37.59516        4.9152533E-07
   37.72195        4.7262671E-07
   37.84875        4.4281296E-07
   37.97554        4.0222935E-07
   38.10233        3.5121519E-07
   38.22912        2.9029954E-07
   38.35592        2.2019520E-07
   38.48271        1.4179221E-07
   38.60950        5.6150459E-08
   38.73629       -3.5508187E-08
   38.86309       -1.3180842E-07
   38.98988       -2.3123100E-07
   39.11667       -3.3212365E-07
   39.24347       -4.3271379E-07
   39.37026       -5.3112393E-07
   39.49705       -6.2538987E-07
   39.62384       -7.1348302E-07
   39.75064       -7.9333620E-07
   39.87743       -8.6287417E-07
   40.00422       -9.2004825E-07
   40.13101       -9.6287499E-07
   40.25780       -9.8947828E-07
   40.38460       -9.9813337E-07
   40.51139       -9.8731311E-07
   40.63818       -9.5573262E-07
   40.76498       -9.0239246E-07
   40.89177       -8.2661774E-07
   41.01856       -7.2809058E-07
   41.14536       -6.0687518E-07
   41.27215       -4.6343243E-07
   41.39894       -2.9862343E-07
   41.52573       -1.1369974E-07
   41.65253        8.9719286E-08
   41.77932        3.0968317E-07
   41.90611        5.4396020E-07
   42.03290        7.9009970E-07
   42.15969        1.0455052E-06
   42.28649        1.3075155E-06
   42.41328        1.5734915E-06
   42.54007        1.8409067E-06
   42.66687        2.1074345E-06
   42.79366        2.3710325E-06
   42.92045        2.6300177E-06
   43.04725        2.8831305E-06
   43.17404        3.1295824E-06
   43.30083        3.3690881E-06
   43.42762        3.6018757E-06
   43.55442        3.8286776E-06
   43.68121        4.0506998E-06
   43.80800        4.2695701E-06
   43.93479        4.4872677E-06
   44.06158        4.7060325E-06
   44.18838        4.9282662E-06
   44.31517        5.1564170E-06
   44.44196        5.3928611E-06
   44.56876        5.6397821E-06
   44.69555        5.8990531E-06
   44.82234        6.1721289E-06
   44.94913        6.4599458E-06
   45.07593        6.7628457E-06
   45.20272        7.0805140E-06
   45.32951        7.4119444E-06
   45.45631        7.7554287E-06
   45.58310        8.1085700E-06
   45.70989        8.4683261E-06
   45.83668        8.8310762E-06
   45.96347        9.1927077E-06
   46.09027        9.5487312E-06
   46.21706        9.8944001E-06
   46.34385        1.0224851E-05
   46.47065        1.0535248E-05
   46.59744        1.0820924E-05
   46.72423        1.1077529E-05
   46.85102        1.1301157E-05
   46.97782        1.1488468E-05
   47.10461        1.1636787E-05
   47.23140        1.1744189E-05
   47.35820        1.1809548E-05
   47.48499        1.1832580E-05
   47.61178        1.1813838E-05
   47.73857        1.1754698E-05
   47.86536        1.1657315E-05
   47.99216        1.1524561E-05
   48.11895        1.1359941E-05
   48.24574        1.1167497E-05
   48.37254        1.0951700E-05
   48.49933        1.0717333E-05
   48.62612        1.0469377E-05
   48.75291        1.0212895E-05
   48.87971        9.9529143E-06
   49.00650        9.6943413E-06
   49.13329        9.4418665E-06
   49.26009        9.1998763E-06
   49.38688        8.9723990E-06
   49.51367        8.7630651E-06
   49.64046        8.5750644E-06
   49.76725        8.4111325E-06
   49.89405        8.2735487E-06
   50.02084        8.1641374E-06
   50.14763        8.0842901E-06
   50.27443        8.0349728E-06
   50.40122        8.0167674E-06
   50.52801        8.0298769E-06
   50.65480        8.0741665E-06
   50.78160        8.1491626E-06
   50.90839        8.2540764E-06
   51.03518        8.3878085E-06
   51.16198        8.5489528E-06
   51.28877        8.7357912E-06
   51.41556        8.9462719E-06
   51.54235        9.1780194E-06
   51.66914        9.4283032E-06
   51.79594        9.6940348E-06
   51.92273        9.9717581E-06
   52.04952        1.0257643E-05
   52.17632        1.0547501E-05
   52.30311        1.0836796E-05
   52.42990        1.1120689E-05
   52.55669        1.1394081E-05
   52.68349        1.1651677E-05
   52.81028        1.1888062E-05
   52.93707        1.2097811E-05
   53.06387        1.2275586E-05
   53.19066        1.2416267E-05
   53.31745        1.2515073E-05
   53.44424        1.2567705E-05
   53.57103        1.2570476E-05
   53.69783        1.2520447E-05
   53.82462        1.2415545E-05
   53.95141        1.2254669E-05
   54.07821        1.2037786E-05
   54.20500        1.1765988E-05
   54.33179        1.1441548E-05
   54.45858        1.1067919E-05
   54.58538        1.0649715E-05
   54.71217        1.0192683E-05
   54.83896        9.7035963E-06
   54.96576        9.1901657E-06
   55.09255        8.6609016E-06
   55.21934        8.1249473E-06
   55.34613        7.5919070E-06
   55.47292        7.0716524E-06
   55.59972        6.5741165E-06
   55.72651        6.1090855E-06
   55.85330        5.6859985E-06
   55.98009        5.3137428E-06
   56.10689        5.0004742E-06
   56.23368        4.7534454E-06
   56.36047        4.5788647E-06
   56.48727        4.4817621E-06
   56.61406        4.4659041E-06
   56.74085        4.5337183E-06
   56.86765        4.6862542E-06
   56.99444        4.9231762E-06
   57.12123        5.2427790E-06
   57.24802        5.6420308E-06
   57.37481        6.1166361E-06
   57.50161        6.6611183E-06
   57.62840        7.2689277E-06
   57.75519        7.9325555E-06
   57.88198        8.6436521E-06
   58.00878        9.3931621E-06
   58.13557        1.0171476E-05
   58.26236        1.0968560E-05
   58.38916        1.1774092E-05
   58.51595        1.2577613E-05
   58.64274        1.3368654E-05
   58.76954        1.4136868E-05
   58.89633        1.4872154E-05
   59.02312        1.5564790E-05
   59.14991        1.6205544E-05
   59.27670        1.6785787E-05
   59.40350        1.7297600E-05
   59.53029        1.7733892E-05
   59.65708        1.8088474E-05
   59.78387        1.8356184E-05
   59.91067        1.8532939E-05
   60.03746        1.8615825E-05
   60.16425        1.8603156E-05
   60.29105        1.8494522E-05
   60.41784        1.8290826E-05
   60.54463        1.7994280E-05
   60.67142        1.7608423E-05
   60.79822        1.7138074E-05
   60.92501        1.6589291E-05
   61.05180        1.5969290E-05
   61.17859        1.5286345E-05
   61.30539        1.4549651E-05
   61.43218        1.3769199E-05
   61.55897        1.2955599E-05
   61.68576        1.2119904E-05
   61.81256        1.1273416E-05
   61.93935        1.0427490E-05
   62.06614        9.5933201E-06
   62.19294        8.7817580E-06
   62.31973        8.0031305E-06
   62.44652        7.2670350E-06
   62.57331        6.5822132E-06
   62.70011        5.9564027E-06
   62.82690        5.3962308E-06
   62.95369        4.9071264E-06
   63.08048        4.4932908E-06
   63.20728        4.1576532E-06
   63.33407        3.9018892E-06
   63.46086        3.7264726E-06
   63.58765        3.6307258E-06
   63.71445        3.6129043E-06
   63.84124        3.6703241E-06
   63.96803        3.7994730E-06
   64.09483        3.9961428E-06
   64.22162        4.2555585E-06
   64.34841        4.5725446E-06
   64.47520        4.9416180E-06
   64.60200        5.3571207E-06
   64.72879        5.8133346E-06
   64.85558        6.3045618E-06
   64.98238        6.8251875E-06
   65.10917        7.3697361E-06
   65.23596        7.9329066E-06
   65.36275        8.5095880E-06
   65.48955        9.0948524E-06
   65.61633        9.6839576E-06
   65.74313        1.0272324E-05
   65.86992        1.0855513E-05
   65.99671        1.1429216E-05
   66.12350        1.1989235E-05
   66.25030        1.2531479E-05
   66.37709        1.3051995E-05
   66.50388        1.3546988E-05
   66.63068        1.4012845E-05
   66.75747        1.4446232E-05
   66.88426        1.4844131E-05
   67.01105        1.5203987E-05
   67.13785        1.5523732E-05
   67.26464        1.5801941E-05
   67.39143        1.6037910E-05
   67.51823        1.6231748E-05
   67.64502        1.6384432E-05
   67.77181        1.6497870E-05
   67.89861        1.6574928E-05
   68.02540        1.6619395E-05
   68.15219        1.6635953E-05
   68.27898        1.6630092E-05
   68.40578        1.6607974E-05
   68.53257        1.6576279E-05
   68.65936        1.6542026E-05
   68.78616        1.6512342E-05
   68.91295        1.6494263E-05
   69.03974        1.6494489E-05
   69.16653        1.6519143E-05
   69.29333        1.6573569E-05
   69.42011        1.6662105E-05
   69.54691        1.6787955E-05
   69.67370        1.6953018E-05
   69.80049        1.7157850E-05
   69.92728        1.7401604E-05
   70.05408        1.7682049E-05
   70.18087        1.7995648E-05
   70.30766        1.8337698E-05
   70.43446        1.8702480E-05
   70.56125        1.9083482E-05
   70.68804        1.9473622E-05
   70.81483        1.9865562E-05
   70.94163        2.0251939E-05
   71.06842        2.0625659E-05
   71.19521        2.0980175E-05
   71.32201        2.1309728E-05
   71.44880        2.1609532E-05
   71.57559        2.1875952E-05
   71.70238        2.2106609E-05
   71.82918        2.2300408E-05
   71.95597        2.2457554E-05
   72.08276        2.2579441E-05
   72.20956        2.2668528E-05
   72.33635        2.2728131E-05
   72.46314        2.2762199E-05
   72.58994        2.2775024E-05
   72.71673        2.2770946E-05
   72.84352        2.2754020E-05
   72.97031        2.2727752E-05
   73.09711        2.2694763E-05
   73.22389        2.2656592E-05
   73.35069        2.2613451E-05
   73.47748        2.2564116E-05
   73.60427        2.2505857E-05
   73.73106        2.2434437E-05
   73.85786        2.2344197E-05
   73.98465        2.2228238E-05
   74.11144        2.2078617E-05
   74.23824        2.1886706E-05
   74.36503        2.1643509E-05
   74.49182        2.1340069E-05
   74.61861        2.0967913E-05
   74.74541        2.0519439E-05
   74.87220        1.9988418E-05
   74.99899        1.9370313E-05
   75.12579        1.8662691E-05
   75.25258        1.7865474E-05
   75.37937        1.6981172E-05
   75.50616        1.6015001E-05
   75.63296        1.4974936E-05
   75.75975        1.3871612E-05
   75.88654        1.2718200E-05
   76.01334        1.1530074E-05
   76.14013        1.0324514E-05
   76.26692        9.1202510E-06
   76.39371        7.9369929E-06
   76.52051        6.7948317E-06
   76.64730        5.7137154E-06
   76.77409        4.7128137E-06
   76.90089        3.8099849E-06
   77.02767        3.0211909E-06
   77.15446        2.3600298E-06
   77.28126        1.8372693E-06
   77.40805        1.4605504E-06
   77.53484        1.2340905E-06
   77.66164        1.1585695E-06
   77.78843        1.2310425E-06
   77.91522        1.4450878E-06
   78.04202        1.7909897E-06
   78.16881        2.2560275E-06
   78.29560        2.8249042E-06
   78.42239        3.4802606E-06
   78.54919        4.2032384E-06
   78.67598        4.9741247E-06
   78.80277        5.7730226E-06
   78.92957        6.5805571E-06
   79.05636        7.3784790E-06
   79.18315        8.1503968E-06
   79.30994        8.8823253E-06
   79.43674        9.5631740E-06
   79.56353        1.0185194E-05
   79.69032        1.0744283E-05
   79.81712        1.1240118E-05
   79.94391        1.1676202E-05
   80.07070        1.2059789E-05
   80.19749        1.2401645E-05
   80.32429        1.2715641E-05
   80.45108        1.3018285E-05
   80.57787        1.3328135E-05
   80.70466        1.3665109E-05
   80.83145        1.4049728E-05
   80.95824        1.4502340E-05
   81.08504        1.5042327E-05
   81.21183        1.5687336E-05
   81.33862        1.6452546E-05
   81.46542        1.7350008E-05
   81.59221        1.8388097E-05
   81.71900        1.9571055E-05
   81.84579        2.0898688E-05
   81.97259        2.2366206E-05
   82.09938        2.3964214E-05
   82.22617        2.5678844E-05
   82.35297        2.7492064E-05
   82.47976        2.9382087E-05
   82.60655        3.1323940E-05
   82.73335        3.3290140E-05
   82.86014        3.5251407E-05
   82.98693        3.7177499E-05
   83.11372        3.9038030E-05
   83.24052        4.0803308E-05
   83.36731        4.2445161E-05
   83.49410        4.3937711E-05
   83.62090        4.5258043E-05
   83.74769        4.6386860E-05
   83.87448        4.7308939E-05
   84.00127        4.8013524E-05
   84.12807        4.8494599E-05
   84.25486        4.8750997E-05
   84.38165        4.8786384E-05
   84.50844        4.8609105E-05
   84.63523        4.8231970E-05
   84.76202        4.7671831E-05
   84.88882        4.6949132E-05
   85.01561        4.6087338E-05
   85.14240        4.5112327E-05
   85.26920        4.4051685E-05
   85.39599        4.2934018E-05
   85.52278        4.1788244E-05
   85.64957        4.0642877E-05
   85.77637        3.9525374E-05
   85.90316        3.8461487E-05
   86.02995        3.7474703E-05
   86.15675        3.6585770E-05
   86.28354        3.5812285E-05
   86.41033        3.5168418E-05
   86.53712        3.4664685E-05
   86.66392        3.4307879E-05
   86.79071        3.4101078E-05
   86.91750        3.4043762E-05
   87.04430        3.4132016E-05
   87.17109        3.4358814E-05
   87.29788        3.4714409E-05
   87.42467        3.5186709E-05
   87.55147        3.5761783E-05
   87.67826        3.6424284E-05
   87.80505        3.7157988E-05
   87.93185        3.7946229E-05
   88.05864        3.8772378E-05
   88.18543        3.9620212E-05
   88.31222        4.0474271E-05
   88.43901        4.1320131E-05
   88.56580        4.2144587E-05
   88.69260        4.2935804E-05
   88.81939        4.3683322E-05
   88.94618        4.4378048E-05
   89.07298        4.5012152E-05
   89.19977        4.5578898E-05
   89.32656        4.6072473E-05
   89.45335        4.6487748E-05
   89.58015        4.6820027E-05
   89.70694        4.7064823E-05
   89.83373        4.7217614E-05
   89.96053        4.7273676E-05
   90.08732        4.7227892E-05
   90.21411        4.7074693E-05
   90.34090        4.6807974E-05
   90.46770        4.6421144E-05
   90.59449        4.5907174E-05
   90.72128        4.5258759E-05
   90.84808        4.4468474E-05
   90.97487        4.3529035E-05
   91.10166        4.2433541E-05
   91.22845        4.1175750E-05
   91.35525        3.9750397E-05
   91.48204        3.8153445E-05
   91.60883        3.6382356E-05
   91.73563        3.4436332E-05
   91.86242        3.2316475E-05
   91.98921        3.0025918E-05
   92.11600        2.7569891E-05
   92.24279        2.4955707E-05
   92.36958        2.2192697E-05
   92.49638        1.9292062E-05
   92.62317        1.6266691E-05
   92.74996        1.3130911E-05
   92.87675        9.9001763E-06
   93.00355        6.5907693E-06
   93.13034        3.2194553E-06
   93.25713       -1.9684119E-07
   93.38393       -3.6413519E-06
   93.51072       -7.0977508E-06
   93.63751       -1.0550380E-05
   93.76431       -1.3984414E-05
   93.89110       -1.7385966E-05
   94.01789       -2.0742134E-05
   94.14468       -2.4040928E-05
   94.27148       -2.7271197E-05
   94.39827       -3.0422407E-05
   94.52506       -3.3484455E-05
   94.65186       -3.6447393E-05
   94.77865       -3.9301140E-05
   94.90544       -4.2035223E-05
   95.03223       -4.4638509E-05
   95.15903       -4.7098983E-05
   95.28582       -4.9403603E-05
   95.41261       -5.1538227E-05
   95.53941       -5.3487631E-05
   95.66620       -5.5235629E-05
   95.79299       -5.6765279E-05
   95.91978       -5.8059213E-05
   96.04657       -5.9100072E-05
   96.17336       -5.9870978E-05
   96.30016       -6.0356109E-05
   96.42695       -6.0541315E-05
   96.55374       -6.0414757E-05
   96.68053       -5.9967511E-05
   96.80733       -5.9194212E-05
   96.93412       -5.8093548E-05
   97.06091       -5.6668759E-05
   97.18771       -5.4927947E-05
   97.31450       -5.2884312E-05
   97.44129       -5.0556235E-05
   97.56808       -4.7967216E-05
   97.69488       -4.5145618E-05
   97.82167       -4.2124331E-05
   97.94846       -3.8940234E-05
   98.07526       -3.5633508E-05
   98.20205       -3.2246920E-05
   98.32884       -2.8824914E-05
   98.45564       -2.5412708E-05
   98.58243       -2.2055285E-05
   98.70922       -1.8796438E-05
   98.83601       -1.5677781E-05
   98.96281       -1.2737837E-05
   99.08960       -1.0011177E-05
   99.21639       -7.5276780E-06
   99.34319       -5.3118911E-06
   99.46998       -3.3825249E-06
   99.59677       -1.7521184E-06
   99.72356       -4.2683243E-07
   99.85035        5.9357006E-07
   99.97714        1.3156038E-06
   100.1039        1.7517630E-06
   100.2307        1.9200870E-06
   100.3575        1.8436074E-06
   100.4843        1.5496439E-06
   100.6111        1.0690343E-06
   100.7379        4.3529531E-07
   100.8647       -3.1628065E-07
   100.9915       -1.1495252E-06
   101.1183       -2.0282966E-06
   101.2451       -2.9173534E-06
   101.3719       -3.7831558E-06
   101.4987       -4.5946085E-06
   101.6255       -5.3236968E-06
   101.7522       -5.9460067E-06
   101.8790       -6.4411443E-06
   102.0058       -6.7930146E-06
   102.1326       -6.9899970E-06
   102.2594       -7.0249935E-06
   102.3862       -6.8953705E-06
   102.5130       -6.6028069E-06
   102.6398       -6.1530495E-06
   102.7666       -5.5555993E-06
   102.8934       -4.8233478E-06
   103.0202       -3.9721626E-06
   103.1470       -3.0204487E-06
   103.2738       -1.9886922E-06
   103.4006       -8.9899453E-07
   103.5273        2.2538089E-07
   103.6541        1.3604561E-06
   103.7809        2.4819726E-06
   103.9077        3.5657986E-06
   104.0345        4.5883371E-06
   104.1613        5.5269043E-06
   104.2881        6.3600928E-06
   104.4149        7.0681344E-06
   104.5417        7.6332326E-06
   104.6685        8.0398959E-06
   104.7953        8.2752422E-06
   104.9221        8.3293071E-06
   105.0489        8.1953031E-06
   105.1756        7.8698540E-06
   105.3024        7.3531928E-06
   105.4292        6.6493267E-06
   105.5560        5.7661164E-06
   105.6828        4.7153108E-06
   105.8096        3.5125097E-06
   105.9364        2.1770252E-06
   106.0632        7.3167581E-07
   106.1900       -7.9751624E-07
   106.3168       -2.3817165E-06
   106.4436       -3.9897418E-06
   106.5704       -5.5886185E-06
   106.6972       -7.1441923E-06
   106.8240       -8.6218079E-06
   106.9507       -9.9870122E-06
   107.0775       -1.1206295E-05
   107.2043       -1.2247820E-05
   107.3311       -1.3082149E-05
   107.4579       -1.3682920E-05
   107.5847       -1.4027463E-05
   107.7115       -1.4097340E-05
   107.8383       -1.3878776E-05
   107.9651       -1.3362993E-05
   108.0919       -1.2546392E-05
   108.2187       -1.1430633E-05
   108.3455       -1.0022562E-05
   108.4723       -8.3340165E-06
   108.5990       -6.3814859E-06
   108.7258       -4.1856820E-06
   108.8526       -1.7709888E-06
   108.9794        8.3514834E-07
   109.1062        3.6029062E-06
   109.2330        6.5007889E-06
   109.3598        9.4963552E-06
   109.4866        1.2556895E-05
   109.6134        1.5650096E-05
   109.7402        1.8744608E-05
   109.8670        2.1810565E-05
   109.9938        2.4819938E-05
   110.1206        2.7746843E-05
   110.2474        3.0567673E-05
   110.3741        3.3261160E-05
   110.5009        3.5808283E-05
   110.6277        3.8192116E-05
   110.7545        4.0397528E-05
   110.8813        4.2410902E-05
   111.0081        4.4219774E-05
   111.1349        4.5812478E-05
   111.2617        4.7177826E-05
   111.3885        4.8304824E-05
   111.5153        4.9182490E-05
   111.6421        4.9799753E-05
   111.7689        5.0145492E-05
   111.8957        5.0208662E-05
   112.0224        4.9978600E-05
   112.1492        4.9445433E-05
   112.2760        4.8600585E-05
   112.4028        4.7437414E-05
   112.5296        4.5951881E-05
   112.6564        4.4143279E-05
   112.7832        4.2014930E-05
   112.9100        3.9574836E-05
   113.0368        3.6836249E-05
   113.1636        3.3818131E-05
   113.2904        3.0545387E-05
   113.4172        2.7048971E-05
   113.5440        2.3365747E-05
   113.6708        1.9538091E-05
   113.7975        1.5613316E-05
   113.9243        1.1642820E-05
   114.0511        7.6810356E-06
   114.1779        3.7841937E-06
   114.3047        8.9612096E-09
   114.4315       -3.5890516E-06
   114.5583       -6.9568082E-06
   114.6851       -1.0045373E-05
   114.8119       -1.2811345E-05
   114.9387       -1.5218197E-05
   115.0655       -1.7237433E-05
   115.1923       -1.8849503E-05
   115.3191       -2.0044477E-05
   115.4458       -2.0822421E-05
   115.5726       -2.1193438E-05
   115.6994       -2.1177415E-05
   115.8262       -2.0803425E-05
   115.9530       -2.0108822E-05
   116.0798       -1.9138082E-05
   116.2066       -1.7941367E-05
   116.3334       -1.6572920E-05
   116.4602       -1.5089309E-05
   116.5870       -1.3547590E-05
   116.7138       -1.2003455E-05
   116.8406       -1.0509400E-05
   116.9674       -9.1130305E-06
   117.0942       -7.8555022E-06
   117.2209       -6.7702013E-06
   117.3477       -5.8816704E-06
   117.4745       -5.2048495E-06
   117.6013       -4.7446451E-06
   117.7281       -4.4958397E-06
   117.8549       -4.4433596E-06
   117.9817       -4.5628753E-06
   118.1085       -4.8217230E-06
   118.2353       -5.1801194E-06
   118.3621       -5.5926225E-06
   118.4889       -6.0097859E-06
   118.6157       -6.3799589E-06
   118.7425       -6.6511684E-06
   118.8692       -6.7730089E-06
   118.9960       -6.6984935E-06
   119.1228       -6.3857842E-06
   119.2496       -5.7997631E-06
   119.3764       -4.9133778E-06
   119.5032       -3.7087302E-06
   119.6300       -2.1778681E-06
   119.7568       -3.2326034E-07
   119.8836        1.8420532E-06
   120.0104        4.2946408E-06
   120.1372        7.0011833E-06
   120.2640        9.9192630E-06
   120.3908        1.2998438E-05
   120.5176        1.6181550E-05
   120.6443        1.9406199E-05
   120.7711        2.2606409E-05
   120.8979        2.5714342E-05
   121.0247        2.8662080E-05
   121.1515        3.1383395E-05
   121.2783        3.3815490E-05
   121.4051        3.5900597E-05
   121.5319        3.7587495E-05
   121.6587        3.8832834E-05
   121.7855        3.9602255E-05
   121.9123        3.9871298E-05
   122.0391        3.9626077E-05
   122.1659        3.8863669E-05
   122.2927        3.7592286E-05
   122.4194        3.5831119E-05
   122.5462        3.3610013E-05
   122.6730        3.0968797E-05
   122.7998        2.7956436E-05
   122.9266        2.4629937E-05
   123.0534        2.1053067E-05
   123.1802        1.7294909E-05
   123.3070        1.3428253E-05
   123.4338        9.5279147E-06
   123.5606        5.6689751E-06
   123.6874        1.9250083E-06
   123.8142       -1.6336695E-06
   123.9410       -4.9416813E-06
   124.0677       -7.9401507E-06
   124.1945       -1.0578095E-05
   124.3213       -1.2813627E-05
   124.4481       -1.4614924E-05
   124.5749       -1.5960919E-05
   124.7017       -1.6841705E-05
   124.8285       -1.7258631E-05
   124.9553       -1.7224109E-05
   125.0821       -1.6761092E-05
   125.2089       -1.5902287E-05
   125.3357       -1.4689075E-05
   125.4625       -1.3170247E-05
   125.5893       -1.1400519E-05
   125.7161       -9.4389316E-06
   125.8428       -7.3471592E-06
   125.9696       -5.1877896E-06
   126.0964       -3.0226342E-06
   126.2232       -9.1111616E-07
   126.3500        1.0912078E-06
   126.4768        2.9339508E-06
   126.6036        4.5730053E-06
   126.7304        5.9713889E-06
   126.8572        7.0998549E-06
   126.9840        7.9372330E-06
   127.1108        8.4705034E-06
   127.2376        8.6946402E-06
   127.3644        8.6122191E-06
   127.4911        8.2328297E-06
   127.6179        7.5723374E-06
   127.7447        6.6520056E-06
   127.8715        5.4975662E-06
   127.9983        4.1382377E-06
   128.1251        2.6057569E-06
   128.2519        9.3345301E-07
   128.3787       -8.4460021E-07
   128.5055       -2.6943203E-06
   128.6323       -4.5822371E-06
   128.7591       -6.4759702E-06
   128.8859       -8.3445721E-06
   129.0127       -1.0158735E-05
   129.1395       -1.1890887E-05
   129.2663       -1.3515167E-05
   129.3930       -1.5007352E-05
   129.5198       -1.6344695E-05
   129.6466       -1.7505778E-05
   129.7734       -1.8470349E-05
   129.9002       -1.9219206E-05
   130.0270       -1.9734141E-05
   130.1538       -1.9997966E-05
   130.2806       -1.9994637E-05
   130.4074       -1.9709485E-05
   130.5342       -1.9129551E-05
   130.6610       -1.8244022E-05
   130.7878       -1.7044751E-05
   130.9146       -1.5526832E-05
   131.0414       -1.3689211E-05
   131.1681       -1.1535300E-05
   131.2949       -9.0735393E-06
   131.4217       -6.3179023E-06
   131.5485       -3.2882717E-06
   131.6753       -1.0682024E-08
   131.8021        3.4826251E-06
   131.9289        7.1533400E-06
   132.0557        1.0957437E-05
   132.1825        1.4845739E-05
   132.3093        1.8764709E-05
   132.4361        2.2657418E-05
   132.5629        2.6464711E-05
   132.6897        3.0126503E-05
   132.8164        3.3583165E-05
   132.9432        3.6776975E-05
   133.0700        3.9653598E-05
   133.1968        4.2163465E-05
   133.3236        4.4263121E-05
   133.4504        4.5916375E-05
   133.5772        4.7095342E-05
   133.7040        4.7781174E-05
   133.8308        4.7964622E-05
   133.9576        4.7646299E-05
   134.0844        4.6836685E-05
   134.2112        4.5555815E-05
   134.3380        4.3832784E-05
   134.4648        4.1704930E-05
   134.5915        3.9216840E-05
   134.7183        3.6419173E-05
   134.8451        3.3367338E-05
   134.9719        3.0120047E-05
   135.0987        2.6737858E-05
   135.2255        2.3281658E-05
   135.3523        1.9811223E-05
   135.4791        1.6383801E-05
   135.6059        1.3052862E-05
   135.7327        9.8669634E-06
   135.8595        6.8687932E-06
   135.9863        4.0943983E-06
   136.1131        1.5726317E-06
   136.2398       -6.7518482E-07
   136.3666       -2.6353905E-06
   136.4934       -4.3018986E-06
   136.6202       -5.6759118E-06
   136.7470       -6.7654373E-06
   136.8738       -7.5846551E-06
   137.0006       -8.1531443E-06
   137.1274       -8.4949925E-06
   137.2542       -8.6378077E-06
   137.3810       -8.6117188E-06
   137.5078       -8.4483327E-06
   137.6346       -8.1797052E-06
   137.7614       -7.8373769E-06
   137.8882       -7.4514646E-06
   138.0149       -7.0498586E-06
   138.1417       -6.6575335E-06
   138.2685       -6.2959925E-06
   138.3953       -5.9828608E-06
   138.5221       -5.7316201E-06
   138.6489       -5.5514884E-06
   138.7757       -5.4474444E-06
   138.9025       -5.4203815E-06
   139.0293       -5.4673797E-06
   139.1561       -5.5820724E-06
   139.2829       -5.7550938E-06
   139.4097       -5.9745780E-06
   139.5365       -6.2267018E-06
   139.6632       -6.4962287E-06
   139.7900       -6.7670594E-06
   139.9168       -7.0227466E-06
   140.0436       -7.2469811E-06
   140.1704       -7.4240165E-06
   140.2972       -7.5390417E-06
   140.4240       -7.5784887E-06
   140.5508       -7.5302773E-06
   140.6776       -7.3839988E-06
   140.8044       -7.1310460E-06
   140.9312       -6.7646929E-06
   141.0580       -6.2801410E-06
   141.1848       -5.6745362E-06
   141.3116       -4.9469709E-06
   141.4383       -4.0984728E-06
   141.5651       -3.1319971E-06
   141.6919       -2.0524130E-06
   141.8187       -8.6649658E-07
   141.9455        4.1707540E-07
   142.0723        1.7877370E-06
   142.1991        3.2330490E-06
   142.3259        4.7387293E-06
   142.4527        6.2887198E-06
   142.5795        7.8652711E-06
   142.7063        9.4490842E-06
   142.8331        1.1019496E-05
   142.9599        1.2554717E-05
   143.0867        1.4032126E-05
   143.2134        1.5428626E-05
   143.3402        1.6721040E-05
   143.4670        1.7886561E-05
   143.5938        1.8903220E-05
   143.7206        1.9750390E-05
   143.8474        2.0409278E-05
   143.9742        2.0863432E-05
   144.1010        2.1099197E-05
   144.2278        2.1106143E-05
   144.3546        2.0877455E-05
   144.4814        2.0410225E-05
   144.6082        1.9705689E-05
   144.7350        1.8769384E-05
   144.8617        1.7611193E-05
   144.9885        1.6245329E-05
   145.1153        1.4690198E-05
   145.2421        1.2968198E-05
   145.3689        1.1105420E-05
   145.4957        9.1312904E-06
   145.6225        7.0781280E-06
   145.7493        4.9806645E-06
   145.8761        2.8754878E-06
   146.0029        8.0045555E-07
   146.1297       -1.2059237E-06
   146.2565       -3.1051425E-06
   146.3833       -4.8593483E-06
   146.5101       -6.4320307E-06
   146.6368       -7.7886880E-06
   146.7636       -8.8975103E-06
   146.8904       -9.7300217E-06
   147.0172       -1.0261715E-05
   147.1440       -1.0472630E-05
   147.2708       -1.0347901E-05
   147.3976       -9.8782166E-06
   147.5244       -9.0602243E-06
   147.6512       -7.8968133E-06
   147.7780       -6.3973221E-06
   147.9048       -4.5776060E-06
   148.0316       -2.4599849E-06
   148.1584       -7.3050280E-08
   148.2851        2.5486618E-06
   148.4119        5.3651429E-06
   148.5387        8.3315499E-06
   148.6655        1.1398944E-05
   148.7923        1.4515180E-05
   148.9191        1.7625918E-05
   149.0459        2.0675690E-05
   149.1727        2.3609093E-05
   149.2995        2.6371965E-05
   149.4263        2.8912618E-05
   149.5531        3.1183019E-05
   149.6799        3.3139931E-05
   149.8067        3.4745965E-05
   149.9335        3.5970501E-05
   150.0602        3.6790465E-05
   150.1870        3.7190948E-05
   150.3138        3.7165573E-05
   150.4406        3.6716712E-05
   150.5674        3.5855406E-05
   150.6942        3.4601107E-05
   150.8210        3.2981152E-05
   150.9478        3.1030031E-05
   151.0746        2.8788447E-05
   151.2014        2.6302199E-05
   151.3282        2.3620916E-05
   151.4550        2.0796679E-05
   151.5818        1.7882587E-05
   151.7085        1.4931300E-05
   151.8353        1.1993602E-05
   151.9621        9.1170650E-06
   152.0889        6.3448233E-06
   152.2157        3.7145430E-06
   152.3425        1.2575821E-06
   152.4693       -1.0015868E-06
   152.5961       -3.0457045E-06
   152.7229       -4.8647667E-06
   152.8497       -6.4558030E-06
   152.9765       -7.8223911E-06
   153.1033       -8.9739278E-06
   153.2301       -9.9247154E-06
   153.3569       -1.0692866E-05
   153.4836       -1.1299119E-05
   153.6104       -1.1765587E-05
   153.7372       -1.2114519E-05
   153.8640       -1.2367116E-05
   153.9908       -1.2542464E-05
   154.1176       -1.2656636E-05
   154.2444       -1.2721995E-05
   154.3712       -1.2746740E-05
   154.4980       -1.2734703E-05
   154.6248       -1.2685398E-05
   154.7516       -1.2594329E-05
   154.8784       -1.2453532E-05
   155.0052       -1.2252320E-05
   155.1319       -1.1978186E-05
   155.2587       -1.1617820E-05
   155.3855       -1.1158191E-05
   155.5123       -1.0587612E-05
   155.6391       -9.8967657E-06
   155.7659       -9.0795938E-06
   155.8927       -8.1340522E-06
   156.0195       -7.0626311E-06
   156.1463       -5.8726609E-06
   156.2731       -4.5763522E-06
   156.3999       -3.1905815E-06
   156.5267       -1.7364242E-06
   156.6535       -2.3844873E-07
   156.7803        1.2761774E-06
   156.9070        2.7787569E-06
   157.0338        4.2402198E-06
   157.1606        5.6323370E-06
   157.2874        6.9289172E-06
   157.4142        8.1069256E-06
   157.5410        9.1474758E-06
   157.6678        1.0036639E-05
   157.7946        1.0766023E-05
   157.9214        1.1333104E-05
   158.0482        1.1741282E-05
   158.1750        1.1999667E-05
   158.3018        1.2122608E-05
   158.4286        1.2128989E-05
   158.5553        1.2041319E-05
   158.6821        1.1884675E-05
   158.8089        1.1685550E-05
   158.9357        1.1470645E-05
   159.0625        1.1265688E-05
   159.1893        1.1094327E-05
   159.3161        1.0977144E-05
   159.4429        1.0930851E-05
   159.5697        1.0967672E-05
   159.6965        1.1094972E-05
   159.8233        1.1315117E-05
   159.9501        1.1625580E-05
   160.0769        1.2019264E-05
   160.2037        1.2485038E-05
