  -4.500000       -4.5374605E-19
  -4.373208       -4.5373747E-19
  -4.246415       -4.5372123E-19
  -4.119622       -4.5369879E-19
  -3.992829       -4.5367264E-19
  -3.866037       -4.5364544E-19
  -3.739244       -4.5361892E-19
  -3.612452       -4.5359535E-19
  -3.485659       -4.5357684E-19
  -3.358866       -4.5356345E-19
  -3.232074       -4.5355554E-19
  -3.105281       -4.5355295E-19
  -2.978488       -4.5355300E-19
  -2.851696       -4.5355352E-19
  -2.724903       -4.5355342E-19
  -2.598110       -4.5354980E-19
  -2.471318       -4.5354127E-19
  -2.344525       -4.5352721E-19
  -2.217732       -4.5350782E-19
  -2.090940       -4.5348275E-19
  -1.964147       -4.5345359E-19
  -1.837354       -4.5342128E-19
  -1.710562       -4.5338509E-19
  -1.583769       -4.5334719E-19
  -1.456976       -4.5331348E-19
  -1.330184       -4.5329720E-19
  -1.203391       -4.5332248E-19
  -1.076598       -4.5341631E-19
 -0.9498057       -4.5359157E-19
 -0.8230131       -4.5380933E-19
 -0.6962205       -4.5394028E-19
 -0.5694278       -4.5374362E-19
 -0.4426351       -4.5291385E-19
 -0.3158425       -4.5121694E-19
 -0.1890498       -4.4873116E-19
 -6.2257171E-02   -4.4610145E-19
  6.4535484E-02   -4.4466753E-19
  0.1913281       -4.4625939E-19
  0.3181208       -4.5250093E-19
  0.4449134       -4.6364874E-19
  0.5717061       -4.7728683E-19
  0.6984987       -4.8750644E-19
  0.8252914       -4.8538193E-19
  0.9520841       -4.6139819E-19
   1.078877       -4.0993474E-19
   1.205669       -3.3493916E-19
   1.332462       -2.5491920E-19
   1.459255       -2.0461892E-19
   1.586047       -2.3083796E-19
   1.712840       -3.8103488E-19
   1.839633       -6.8560591E-19
   1.966425       -1.1375616E-18
   2.093218       -1.6757347E-18
   2.220011       -2.1785977E-18
   2.346803       -2.4743447E-18
   2.473596       -2.3690066E-18
   2.600389       -1.6889357E-18
   2.727181       -3.2889717E-19
   2.853974        1.7054887E-18
   2.980767        4.2704291E-18
   3.107559        7.0752348E-18
   3.234352        9.6878235E-18
   3.361145        1.1544962E-17
   3.487937        1.1960299E-17
   3.614730        1.0136421E-17
   3.741522        5.2088440E-18
   3.868315       -3.6284795E-18
   3.995108       -1.6859509E-17
   4.121901       -3.4210638E-17
   4.248693       -5.4073501E-17
   4.375485       -7.2915938E-17
   4.502278       -8.4924814E-17
   4.629071       -8.2207135E-17
   4.755864       -5.5875812E-17
   4.882656        1.7864514E-18
   5.009449        9.4174208E-17
   5.136241        2.1670978E-16
   5.263034        3.5362432E-16
   5.389827        4.7642009E-16
   5.516620        5.4532389E-16
   5.643412        5.1469338E-16
   5.770205        3.4255675E-16
   5.896997        3.3086135E-18
   6.023790       -4.9868975E-16
   6.150583       -1.1179341E-15
   6.277375       -1.7628277E-15
   6.404168       -2.3003253E-15
   6.530961       -2.5720570E-15
   6.657753       -2.4214213E-15
   6.784546       -1.7282471E-15
   6.911339       -4.4489442E-16
   7.038131        1.3741703E-15
   7.164924        3.5575845E-15
   7.291717        5.8237382E-15
   7.418509        7.8120934E-15
   7.545302        9.1377093E-15
   7.672095        9.4624126E-15
   7.798887        8.5716668E-15
   7.925680        6.4435135E-15
   8.052472        3.2956409E-15
   8.179265       -4.0118302E-16
   8.306058       -3.9506921E-15
   8.432851       -6.5013552E-15
   8.559643       -7.1549458E-15
   8.686436       -5.1036018E-15
   8.813229        2.1831125E-16
   8.940022        8.9836518E-15
   9.066813        2.0839867E-14
   9.193606        3.4810195E-14
   9.320399        4.9242870E-14
   9.447192        6.1819995E-14
   9.573984        6.9634741E-14
   9.700777        6.9341776E-14
   9.827570        5.7380865E-14
   9.954362        3.0267886E-14
   10.08115       -1.5059256E-14
   10.20795       -8.0859520E-14
   10.33474       -1.6819922E-13
   10.46153       -2.7658572E-13
   10.58833       -4.0365907E-13
   10.71512       -5.4497525E-13
   10.84191       -6.9390961E-13
   10.96870       -8.4170138E-13
   11.09550       -9.7764581E-13
   11.22229       -1.0894273E-12
   11.34908       -1.1635724E-12
   11.47587       -1.1859862E-12
   11.60267       -1.1425276E-12
   11.72946       -1.0195767E-12
   11.85625       -8.0455158E-13
   11.98304       -4.8634892E-13
   12.10984       -5.5701805E-14
   12.23663        4.9451881E-13
   12.36342        1.1690003E-12
   12.49022        1.9696042E-12
   12.61701        2.8947942E-12
   12.74380        3.9387820E-12
   12.87059        5.0902971E-12
   12.99739        6.3309345E-12
   13.12418        7.6330886E-12
   13.25097        8.9575361E-12
   13.37776        1.0250822E-11
   13.50456        1.1442646E-11
   13.63135        1.2443534E-11
   13.75814        1.3143146E-11
   13.88493        1.3409573E-11
   14.01173        1.3090071E-11
   14.13852        1.2013651E-11
   14.26531        9.9960465E-12
   14.39211        6.8474480E-12
   14.51890        2.3834550E-12
   14.64569       -3.5604607E-12
   14.77248       -1.1110882E-11
   14.89928       -2.0334893E-11
   15.02607       -3.1215620E-11
   15.15286       -4.3625874E-11
   15.27965       -5.7301407E-11
   15.40645       -7.1815984E-11
   15.53324       -8.6560772E-11
   15.66003       -1.0073115E-10
   15.78682       -1.1332418E-10
   15.91362       -1.2315000E-10
   16.04041       -1.2885996E-10
   16.16720       -1.2899382E-10
   16.29399       -1.2204714E-10
   16.42079       -1.0655902E-10
   16.54758       -8.1218345E-11
   16.67437       -4.4985241E-11
   16.80116        2.7772114E-12
   16.92796        6.2168083E-11
   17.05475        1.3261875E-10
   17.18154        2.1277780E-10
   17.30834        3.0042080E-10
   17.43513        3.9239584E-10
   17.56192        4.8461463E-10
   17.68871        5.7209804E-10
   17.81551        6.4908390E-10
   17.94230        7.0920014E-10
   18.06909        7.4570589E-10
   18.19588        7.5179696E-10
   18.32268        7.2096962E-10
   18.44947        6.4743078E-10
   18.57626        5.2653948E-10
   18.70305        3.5525977E-10
   18.82985        1.3260139E-10
   18.95664       -1.3997697E-10
   19.08343       -4.5823034E-10
   19.21023       -8.1488283E-10
   19.33702       -1.1995031E-09
   19.46381       -1.5985230E-09
   19.59060       -1.9954185E-09
   19.71740       -2.3710660E-09
   19.84419       -2.7042797E-09
   19.97098       -2.9725260E-09
   20.09777       -3.1528042E-09
   20.22457       -3.2226724E-09
   20.35136       -3.1613836E-09
   20.47815       -2.9510967E-09
   20.60494       -2.5781108E-09
   20.73174       -2.0340694E-09
   20.85853       -1.3170771E-09
   20.98532       -4.3266346E-10
   21.11212        6.0546429E-10
   21.23891        1.7749399E-09
   21.36570        3.0445826E-09
   21.49249        4.3746131E-09
   21.61929        5.7172707E-09
   21.74608        7.0178583E-09
   21.87287        8.2162162E-09
   21.99966        9.2486063E-09
   22.12646        1.0049986E-08
   22.25325        1.0556596E-08
   22.38004        1.0708809E-08
   22.50683        1.0454137E-08
   22.63363        9.7502806E-09
   22.76042        8.5681009E-09
   22.88721        6.8943842E-09
   23.01401        4.7342437E-09
   23.14080        2.1130344E-09
   23.26759       -9.2236807E-10
   23.39438       -4.3030339E-09
   23.52118       -7.9383007E-09
   23.64797       -1.1717024E-08
   23.77476       -1.5509796E-08
   23.90155       -1.9172159E-08
   24.02835       -2.2548750E-08
   24.15514       -2.5478338E-08
   24.28193       -2.7799594E-08
   24.40872       -2.9357469E-08
   24.53552       -3.0009954E-08
   24.66231       -2.9634970E-08
   24.78910       -2.8137142E-08
   24.91590       -2.5454174E-08
   25.04269       -2.1562462E-08
   25.16948       -1.6481744E-08
   25.29627       -1.0278401E-08
   25.42307       -3.0672500E-09
   25.54986        4.9884621E-09
   25.67665        1.3678960E-08
   25.80344        2.2751857E-08
   25.93024        3.1918077E-08
   26.05703        4.0859728E-08
   26.18382        4.9239741E-08
   26.31061        5.6713056E-08
   26.43741        6.2938966E-08
   26.56420        6.7594335E-08
   26.69099        7.0387003E-08
   26.81779        7.1069088E-08
   26.94458        6.9449513E-08
   27.07137        6.5405189E-08
   27.19816        5.8890368E-08
   27.32495        4.9943626E-08
   27.45175        3.8692086E-08
   27.57854        2.5352438E-08
   27.70533        1.0228623E-08
   27.83213       -6.2939991E-09
   27.95892       -2.3757975E-08
   28.08571       -4.1646388E-08
   28.21250       -5.9398474E-08
   28.33930       -7.6427796E-08
   28.46609       -9.2142358E-08
   28.59288       -1.0596595E-07
   28.71968       -1.1735992E-07
   28.84647       -1.2584461E-07
   28.97326       -1.3101938E-07
   29.10005       -1.3258048E-07
   29.22684       -1.3033606E-07
   29.35364       -1.2421719E-07
   29.48043       -1.1428465E-07
   29.60722       -1.0073084E-07
   29.73402       -8.3876586E-08
   29.86081       -6.4162656E-08
   29.98760       -4.2136289E-08
   30.11439       -1.8432971E-08
   30.24119        6.2458860E-09
   30.36798        3.1158599E-08
   30.49477        5.5551208E-08
   30.62156        7.8686718E-08
   30.74836        9.9874349E-08
   30.87515        1.1849747E-07
   31.00194        1.3403906E-07
   31.12873        1.4610332E-07
   31.25553        1.5443260E-07
   31.38232        1.5891841E-07
   31.50911        1.5960620E-07
   31.63591        1.5669310E-07
   31.76270        1.5051904E-07
   31.88949        1.4155091E-07
   32.01628        1.3036075E-07
   32.14308        1.1759854E-07
   32.26987        1.0396103E-07
   32.39666        9.0157435E-08
   32.52345        7.6874173E-08
   32.65025        6.4739815E-08
   32.77704        5.4292112E-08
   32.90383        4.5948610E-08
   33.03062        3.9982503E-08
   33.15742        3.6504776E-08
   33.28421        3.5453841E-08
   33.41100        3.6593256E-08
   33.53780        3.9517836E-08
   33.66459        4.3668134E-08
   33.79138        4.8352700E-08
   33.91817        5.2777477E-08
   34.04497        5.6080889E-08
   34.17176        5.7373175E-08
   34.29855        5.5778361E-08
   34.42534        5.0476935E-08
   34.55214        4.0746894E-08
   34.67893        2.6001979E-08
   34.80572        5.8246346E-09
   34.93251       -2.0007855E-08
   35.05931       -5.1504866E-08
   35.18610       -8.8452886E-08
   35.31289       -1.3041534E-07
   35.43969       -1.7674188E-07
   35.56648       -2.2658641E-07
   35.69327       -2.7893341E-07
   35.82006       -3.3263072E-07
   35.94686       -3.8642747E-07
   36.07365       -4.3901480E-07
   36.20044       -4.8906770E-07
   36.32723       -5.3528521E-07
   36.45403       -5.7642706E-07
   36.58082       -6.1134472E-07
   36.70761       -6.3900512E-07
   36.83440       -6.5850611E-07
   36.96120       -6.6908228E-07
   37.08799       -6.7010137E-07
   37.21478       -6.6105213E-07
   37.34158       -6.4152425E-07
   37.46837       -6.1118237E-07
   37.59516       -5.6973619E-07
   37.72195       -5.1691006E-07
   37.84875       -4.5241470E-07
   37.97554       -3.7592400E-07
   38.10233       -2.8706131E-07
   38.22912       -1.8539609E-07
   38.35592       -7.0455997E-08
   38.48271        5.8245174E-08
   38.60950        2.0116234E-07
   38.73629        3.5865574E-07
   38.86309        5.3091037E-07
   38.98988        7.1783933E-07
   39.11667        9.1897476E-07
   39.24347        1.1333487E-06
   39.37026        1.3593694E-06
   39.49705        1.5946974E-06
   39.62384        1.8361284E-06
   39.75064        2.0794866E-06
   39.87743        2.3195380E-06
   40.00422        2.5499273E-06
   40.13101        2.7631424E-06
   40.25780        2.9505161E-06
   40.38460        3.1022628E-06
   40.51139        3.2075573E-06
   40.63818        3.2546532E-06
   40.76498        3.2310436E-06
   40.89177        3.1236593E-06
   41.01856        2.9191006E-06
   41.14536        2.6039027E-06
   41.27215        2.1648195E-06
   41.39894        1.5891256E-06
   41.52573        8.6492332E-07
   41.65253       -1.8553594E-08
   41.77932       -1.0706492E-06
   41.90611       -2.2990178E-06
   42.03290       -3.7093905E-06
   42.15969       -5.3053818E-06
   42.28649       -7.0883457E-06
   42.41328       -9.0572921E-06
   42.54007       -1.1208857E-05
   42.66687       -1.3537347E-05
   42.79366       -1.6034832E-05
   42.92045       -1.8691326E-05
   43.04725       -2.1495000E-05
   43.17404       -2.4432471E-05
   43.30083       -2.7489119E-05
   43.42762       -3.0649455E-05
   43.55442       -3.3897497E-05
   43.68121       -3.7217185E-05
   43.80800       -4.0592757E-05
   43.93479       -4.4009132E-05
   44.06158       -4.7452279E-05
   44.18838       -5.0909479E-05
   44.31517       -5.4369615E-05
   44.44196       -5.7823341E-05
   44.56876       -6.1263185E-05
   44.69555       -6.4683598E-05
   44.82234       -6.8080866E-05
   44.94913       -7.1452996E-05
   45.07593       -7.4799478E-05
   45.20272       -7.8120989E-05
   45.32951       -8.1419013E-05
   45.45631       -8.4695450E-05
   45.58310       -8.7952089E-05
   45.70989       -9.1190152E-05
   45.83668       -9.4409806E-05
   45.96347       -9.7609642E-05
   46.09027       -1.0078621E-04
   46.21706       -1.0393366E-04
   46.34385       -1.0704335E-04
   46.47065       -1.1010365E-04
   46.59744       -1.1309974E-04
   46.72423       -1.1601362E-04
   46.85102       -1.1882421E-04
   46.97782       -1.2150752E-04
   47.10461       -1.2403709E-04
   47.23140       -1.2638437E-04
   47.35820       -1.2851947E-04
   47.48499       -1.3041170E-04
   47.61178       -1.3203049E-04
   47.73857       -1.3334623E-04
   47.86536       -1.3433117E-04
   47.99216       -1.3496037E-04
   48.11895       -1.3521263E-04
   48.24574       -1.3507133E-04
   48.37254       -1.3452534E-04
   48.49933       -1.3356961E-04
   48.62612       -1.3220587E-04
   48.75291       -1.3044300E-04
   48.87971       -1.2829740E-04
   49.00650       -1.2579293E-04
   49.13329       -1.2296093E-04
   49.26009       -1.1983988E-04
   49.38688       -1.1647485E-04
   49.51367       -1.1291687E-04
   49.64046       -1.0922203E-04
   49.76725       -1.0545042E-04
   49.89405       -1.0166507E-04
   50.02084       -9.7930577E-05
   50.14763       -9.4311821E-05
   50.27443       -9.0872629E-05
   50.40122       -8.7674358E-05
   50.52801       -8.4774627E-05
   50.65480       -8.2226019E-05
   50.78160       -8.0075013E-05
   50.90839       -7.8360928E-05
   51.03518       -7.7115154E-05
   51.16198       -7.6360484E-05
   51.28877       -7.6110715E-05
   51.41556       -7.6370459E-05
   51.54235       -7.7135097E-05
   51.66914       -7.8391095E-05
   51.79594       -8.0116370E-05
   51.92273       -8.2280982E-05
   52.04952       -8.4847910E-05
   52.17632       -8.7774017E-05
   52.30311       -9.1011090E-05
   52.42990       -9.4507050E-05
   52.55669       -9.8207085E-05
   52.68349       -1.0205491E-04
   52.81028       -1.0599395E-04
   52.93707       -1.0996851E-04
   53.06387       -1.1392477E-04
   53.19066       -1.1781184E-04
   53.31745       -1.2158253E-04
   53.44424       -1.2519401E-04
   53.57103       -1.2860842E-04
   53.69783       -1.3179315E-04
   53.82462       -1.3472112E-04
   53.95141       -1.3737078E-04
   54.07821       -1.3972603E-04
   54.20500       -1.4177602E-04
   54.33179       -1.4351479E-04
   54.45858       -1.4494077E-04
   54.58538       -1.4605647E-04
   54.71217       -1.4686772E-04
   54.83896       -1.4738330E-04
   54.96576       -1.4761424E-04
   55.09255       -1.4757336E-04
   55.21934       -1.4727477E-04
   55.34613       -1.4673345E-04
   55.47292       -1.4596489E-04
   55.59972       -1.4498479E-04
   55.72651       -1.4380891E-04
   55.85330       -1.4245292E-04
   55.98009       -1.4093242E-04
   56.10689       -1.3926292E-04
   56.23368       -1.3745997E-04
   56.36047       -1.3553932E-04
   56.48727       -1.3351704E-04
   56.61406       -1.3140976E-04
   56.74085       -1.2923483E-04
   56.86765       -1.2701050E-04
   56.99444       -1.2475596E-04
   57.12123       -1.2249150E-04
   57.24802       -1.2023847E-04
   57.37481       -1.1801921E-04
   57.50161       -1.1585692E-04
   57.62840       -1.1377542E-04
   57.75519       -1.1179886E-04
   57.88198       -1.0995137E-04
   58.00878       -1.0825658E-04
   58.13557       -1.0673718E-04
   58.26236       -1.0541444E-04
   58.38916       -1.0430759E-04
   58.51595       -1.0343342E-04
   58.64274       -1.0280572E-04
   58.76954       -1.0243486E-04
   58.89633       -1.0232742E-04
   59.02312       -1.0248585E-04
   59.14991       -1.0290833E-04
   59.27670       -1.0358862E-04
   59.40350       -1.0451608E-04
   59.53029       -1.0567580E-04
   59.65708       -1.0704887E-04
   59.78387       -1.0861267E-04
   59.91067       -1.1034140E-04
   60.03746       -1.1220650E-04
   60.16425       -1.1417738E-04
   60.29105       -1.1622196E-04
   60.41784       -1.1830746E-04
   60.54463       -1.2040103E-04
   60.67142       -1.2247046E-04
   60.79822       -1.2448485E-04
   60.92501       -1.2641518E-04
   61.05180       -1.2823491E-04
   61.17859       -1.2992043E-04
   61.30539       -1.3145139E-04
   61.43218       -1.3281107E-04
   61.55897       -1.3398647E-04
   61.68576       -1.3496848E-04
   61.81256       -1.3575179E-04
   61.93935       -1.3633484E-04
   62.06614       -1.3671962E-04
   62.19294       -1.3691140E-04
   62.31973       -1.3691842E-04
   62.44652       -1.3675159E-04
   62.57331       -1.3642405E-04
   62.70011       -1.3595073E-04
   62.82690       -1.3534805E-04
   62.95369       -1.3463342E-04
   63.08048       -1.3382491E-04
   63.20728       -1.3294091E-04
   63.33407       -1.3199974E-04
   63.46086       -1.3101943E-04
   63.58765       -1.3001743E-04
   63.71445       -1.2901048E-04
   63.84124       -1.2801439E-04
   63.96803       -1.2704394E-04
   64.09483       -1.2611283E-04
   64.22162       -1.2523359E-04
   64.34841       -1.2441758E-04
   64.47520       -1.2367501E-04
   64.60200       -1.2301499E-04
   64.72879       -1.2244555E-04
   64.85558       -1.2197367E-04
   64.98238       -1.2160544E-04
   65.10917       -1.2134611E-04
   65.23596       -1.2120013E-04
   65.36275       -1.2117135E-04
   65.48955       -1.2126303E-04
   65.61633       -1.2147804E-04
   65.74313       -1.2181891E-04
   65.86992       -1.2228795E-04
   65.99671       -1.2288745E-04
   66.12350       -1.2361965E-04
   66.25030       -1.2448698E-04
   66.37709       -1.2549205E-04
   66.50388       -1.2663782E-04
   66.63068       -1.2792756E-04
   66.75747       -1.2936493E-04
   66.88426       -1.3095389E-04
   67.01105       -1.3269878E-04
   67.13785       -1.3460404E-04
   67.26464       -1.3667418E-04
   67.39143       -1.3891350E-04
   67.51823       -1.4132586E-04
   67.64502       -1.4391432E-04
   67.77181       -1.4668083E-04
   67.89861       -1.4962582E-04
   68.02540       -1.5274777E-04
   68.15219       -1.5604278E-04
   68.27898       -1.5950414E-04
   68.40578       -1.6312198E-04
   68.53257       -1.6688288E-04
   68.65936       -1.7076964E-04
   68.78616       -1.7476105E-04
   68.91295       -1.7883180E-04
   69.03974       -1.8295262E-04
   69.16653       -1.8709026E-04
   69.29333       -1.9120805E-04
   69.42011       -1.9526618E-04
   69.54691       -1.9922243E-04
   69.67370       -2.0303285E-04
   69.80049       -2.0665271E-04
   69.92728       -2.1003741E-04
   70.05408       -2.1314362E-04
   70.18087       -2.1593035E-04
   70.30766       -2.1836016E-04
   70.43446       -2.2040015E-04
   70.56125       -2.2202320E-04
   70.68804       -2.2320880E-04
   70.81483       -2.2394399E-04
   70.94163       -2.2422397E-04
   71.06842       -2.2405262E-04
   71.19521       -2.2344272E-04
   71.32201       -2.2241604E-04
   71.44880       -2.2100298E-04
   71.57559       -2.1924223E-04
   71.70238       -2.1717988E-04
   71.82918       -2.1486860E-04
   71.95597       -2.1236627E-04
   72.08276       -2.0973472E-04
   72.20956       -2.0703810E-04
   72.33635       -2.0434136E-04
   72.46314       -2.0170840E-04
   72.58994       -1.9920053E-04
   72.71673       -1.9687467E-04
   72.84352       -1.9478187E-04
   72.97031       -1.9296589E-04
   73.09711       -1.9146202E-04
   73.22389       -1.9029604E-04
   73.35069       -1.8948360E-04
   73.47748       -1.8902980E-04
   73.60427       -1.8892913E-04
   73.73106       -1.8916570E-04
   73.85786       -1.8971384E-04
   73.98465       -1.9053892E-04
   74.11144       -1.9159852E-04
   74.23824       -1.9284380E-04
   74.36503       -1.9422112E-04
   74.49182       -1.9567370E-04
   74.61861       -1.9714341E-04
   74.74541       -1.9857270E-04
   74.87220       -1.9990625E-04
   74.99899       -2.0109276E-04
   75.12579       -2.0208642E-04
   75.25258       -2.0284820E-04
   75.37937       -2.0334698E-04
   75.50616       -2.0356022E-04
   75.63296       -2.0347450E-04
   75.75975       -2.0308552E-04
   75.88654       -2.0239798E-04
   76.01334       -2.0142487E-04
   76.14013       -2.0018680E-04
   76.26692       -1.9871067E-04
   76.39371       -1.9702839E-04
   76.52051       -1.9517529E-04
   76.64730       -1.9318848E-04
   76.77409       -1.9110509E-04
   76.90089       -1.8896053E-04
   77.02767       -1.8678690E-04
   77.15446       -1.8461140E-04
   77.28126       -1.8245523E-04
   77.40805       -1.8033232E-04
   77.53484       -1.7824881E-04
   77.66164       -1.7620253E-04
   77.78843       -1.7418308E-04
   77.91522       -1.7217212E-04
   78.04202       -1.7014408E-04
   78.16881       -1.6806726E-04
   78.29560       -1.6590510E-04
   78.42239       -1.6361791E-04
   78.54919       -1.6116460E-04
   78.67598       -1.5850474E-04
   78.80277       -1.5560054E-04
   78.92957       -1.5241891E-04
   79.05636       -1.4893347E-04
   79.18315       -1.4512627E-04
   79.30994       -1.4098943E-04
   79.43674       -1.3652639E-04
   79.56353       -1.3175285E-04
   79.69032       -1.2669733E-04
   79.81712       -1.2140132E-04
   79.94391       -1.1591895E-04
   80.07070       -1.1031626E-04
   80.19749       -1.0467006E-04
   80.32429       -9.9066368E-05
   80.45108       -9.3598574E-05
   80.57787       -8.8365232E-05
   80.70466       -8.3467683E-05
   80.83145       -7.9007557E-05
   80.95824       -7.5084165E-05
   81.08504       -7.1791896E-05
   81.21183       -6.9217778E-05
   81.33862       -6.7439134E-05
   81.46542       -6.6521541E-05
   81.59221       -6.6517066E-05
   81.71900       -6.7462897E-05
   81.84579       -6.9380309E-05
   81.97259       -7.2274139E-05
   82.09938       -7.6132659E-05
   82.22617       -8.0927872E-05
   82.35297       -8.6616281E-05
   82.47976       -9.3140021E-05
   82.60655       -1.0042833E-04
   82.73335       -1.0839938E-04
   82.86014       -1.1696226E-04
   82.98693       -1.2601919E-04
   83.11372       -1.3546785E-04
   83.24052       -1.4520365E-04
   83.36731       -1.5512199E-04
   83.49410       -1.6512047E-04
   83.62090       -1.7510074E-04
   83.74769       -1.8497031E-04
   83.87448       -1.9464396E-04
   84.00127       -2.0404479E-04
   84.12807       -2.1310503E-04
   84.25486       -2.2176643E-04
   84.38165       -2.2998033E-04
   84.50844       -2.3770738E-04
   84.63523       -2.4491697E-04
   84.76202       -2.5158632E-04
   84.88882       -2.5769958E-04
   85.01561       -2.6324645E-04
   85.14240       -2.6822093E-04
   85.26920       -2.7262000E-04
   85.39599       -2.7644227E-04
   85.52278       -2.7968682E-04
   85.64957       -2.8235209E-04
   85.77637       -2.8443514E-04
   85.90316       -2.8593082E-04
   86.02995       -2.8683178E-04
   86.15675       -2.8712815E-04
   86.28354       -2.8680795E-04
   86.41033       -2.8585762E-04
   86.53712       -2.8426293E-04
   86.66392       -2.8200986E-04
   86.79071       -2.7908612E-04
   86.91750       -2.7548231E-04
   87.04430       -2.7119342E-04
   87.17109       -2.6622048E-04
   87.29788       -2.6057169E-04
   87.42467       -2.5426384E-04
   87.55147       -2.4732330E-04
   87.67826       -2.3978695E-04
   87.80505       -2.3170246E-04
   87.93185       -2.2312863E-04
   88.05864       -2.1413500E-04
   88.18543       -2.0480120E-04
   88.31222       -1.9521607E-04
   88.43901       -1.8547599E-04
   88.56580       -1.7568329E-04
   88.69260       -1.6594400E-04
   88.81939       -1.5636554E-04
   88.94618       -1.4705422E-04
   89.07298       -1.3811250E-04
   89.19977       -1.2963633E-04
   89.32656       -1.2171250E-04
   89.45335       -1.1441615E-04
   89.58015       -1.0780859E-04
   89.70694       -1.0193531E-04
   89.83373       -9.6824435E-05
   89.96053       -9.2485694E-05
   90.08732       -8.8909823E-05
   90.21411       -8.6068525E-05
   90.34090       -8.3915031E-05
   90.46770       -8.2385021E-05
   90.59449       -8.1398408E-05
   90.72128       -8.0861268E-05
   90.84808       -8.0668367E-05
   90.97487       -8.0706050E-05
   91.10166       -8.0855338E-05
   91.22845       -8.0995276E-05
   91.35525       -8.1006277E-05
   91.48204       -8.0773490E-05
   91.60883       -8.0189988E-05
   91.73563       -7.9159778E-05
   91.86242       -7.7600445E-05
   91.98921       -7.5445387E-05
   92.11600       -7.2645591E-05
   92.24279       -6.9170885E-05
   92.36958       -6.5010638E-05
   92.49638       -6.0173861E-05
   92.62317       -5.4688750E-05
   92.74996       -4.8601643E-05
   92.87675       -4.1975578E-05
   93.00355       -3.4888257E-05
   93.13034       -2.7429722E-05
   93.25713       -1.9699621E-05
   93.38393       -1.1804346E-05
   93.51072       -3.8539838E-06
   93.63751        4.0407913E-06
   93.76431        1.1771760E-05
   93.89110        1.9236028E-05
   94.01789        2.6338732E-05
   94.14468        3.2995442E-05
   94.27148        3.9134160E-05
   94.39827        4.4696990E-05
   94.52506        4.9641276E-05
   94.65186        5.3940348E-05
   94.77865        5.7583755E-05
   94.90544        6.0577029E-05
   95.03223        6.2940991E-05
   95.15903        6.4710672E-05
   95.28582        6.5933840E-05
   95.41261        6.6669185E-05
   95.53941        6.6984285E-05
   95.66620        6.6953384E-05
   95.79299        6.6654982E-05
   95.91978        6.6169501E-05
   96.04657        6.5576882E-05
   96.17336        6.4954322E-05
   96.30016        6.4374188E-05
   96.42695        6.3902167E-05
   96.55374        6.3595660E-05
   96.68053        6.3502499E-05
   96.80733        6.3660074E-05
   96.93412        6.4094718E-05
   97.06091        6.4821594E-05
   97.18771        6.5844819E-05
   97.31450        6.7157976E-05
   97.44129        6.8744972E-05
   97.56808        7.0581111E-05
   97.69488        7.2634371E-05
   97.82167        7.4866904E-05
   97.94846        7.7236517E-05
   98.07526        7.9698322E-05
   98.20205        8.2206236E-05
   98.32884        8.4714491E-05
   98.45564        8.7178887E-05
   98.58243        8.9557994E-05
   98.70922        9.1814036E-05
   98.83601        9.3913579E-05
   98.96281        9.5827956E-05
   99.08960        9.7533448E-05
   99.21639        9.9011238E-05
   99.34319        1.0024712E-04
   99.46998        1.0123107E-04
   99.59677        1.0195661E-04
   99.72356        1.0242021E-04
   99.85035        1.0262048E-04
   99.97714        1.0255749E-04
   100.1039        1.0223212E-04
   100.2307        1.0164542E-04
   100.3575        1.0079826E-04
   100.4843        9.9690937E-05
   100.6111        9.8323158E-05
   100.7379        9.6694035E-05
   100.8647        9.4802344E-05
   100.9915        9.2646951E-05
   101.1183        9.0227310E-05
   101.2451        8.7544133E-05
   101.3719        8.4600128E-05
   101.4987        8.1400714E-05
   101.6255        7.7954755E-05
   101.7522        7.4275224E-05
   101.8790        7.0379763E-05
   102.0058        6.6291104E-05
   102.1326        6.2037267E-05
   102.2594        5.7651596E-05
   102.3862        5.3172567E-05
   102.5130        4.8643324E-05
   102.6398        4.4111006E-05
   102.7666        3.9625855E-05
   102.8934        3.5240115E-05
   103.0202        3.1006766E-05
   103.1470        2.6978092E-05
   103.2738        2.3204211E-05
   103.4006        1.9731533E-05
   103.5273        1.6601240E-05
   103.6541        1.3847854E-05
   103.7809        1.1497905E-05
   103.9077        9.5687938E-06
   104.0345        8.0678838E-06
   104.1613        6.9918528E-06
   104.2881        6.3263542E-06
   104.4149        6.0460002E-06
   104.5417        6.1146698E-06
   104.6685        6.4861920E-06
   104.7953        7.1053323E-06
   104.9221        7.9090869E-06
   105.0489        8.8282522E-06
   105.1756        9.7892180E-06
   105.3024        1.0715918E-05
   105.4292        1.1531916E-05
   105.5560        1.2162477E-05
   105.6828        1.2536655E-05
   105.8096        1.2589241E-05
   105.9364        1.2262572E-05
   106.0632        1.1508080E-05
   106.1900        1.0287568E-05
   106.3168        8.5741640E-06
   106.4436        6.3529101E-06
   106.5704        3.6209697E-06
   106.6972        3.8747442E-07
   106.8240       -3.3270060E-06
   106.9507       -7.4913287E-06
   107.0775       -1.2064951E-05
   107.2043       -1.6999342E-05
   107.3311       -2.2239601E-05
   107.4579       -2.7726224E-05
   107.5847       -3.3396896E-05
   107.7115       -3.9188322E-05
   107.8383       -4.5037970E-05
   107.9651       -5.0885683E-05
   108.0919       -5.6675111E-05
   108.2187       -6.2354906E-05
   108.3455       -6.7879650E-05
   108.4723       -7.3210504E-05
   108.5990       -7.8315548E-05
   108.7258       -8.3169813E-05
   108.8526       -8.7755056E-05
   108.9794       -9.2059257E-05
   109.1062       -9.6075913E-05
   109.2330       -9.9803139E-05
   109.3598       -1.0324267E-04
   109.4866       -1.0639875E-04
   109.6134       -1.0927705E-04
   109.7402       -1.1188359E-04
   109.8670       -1.1422375E-04
   109.9938       -1.1630148E-04
   110.1206       -1.1811858E-04
   110.2474       -1.1967425E-04
   110.3741       -1.2096488E-04
   110.5009       -1.2198404E-04
   110.6277       -1.2272270E-04
   110.7545       -1.2316968E-04
   110.8813       -1.2331238E-04
   111.0081       -1.2313752E-04
   111.1349       -1.2263222E-04
   111.2617       -1.2178503E-04
   111.3885       -1.2058698E-04
   111.5153       -1.1903283E-04
   111.6421       -1.1712197E-04
   111.7689       -1.1485948E-04
   111.8957       -1.1225682E-04
   112.0224       -1.0933247E-04
   112.1492       -1.0611222E-04
   112.2760       -1.0262930E-04
   112.4028       -9.8924167E-05
   112.5296       -9.5044037E-05
   112.6564       -9.1042115E-05
   112.7832       -8.6976615E-05
   112.9100       -8.2909501E-05
   113.0368       -7.8905032E-05
   113.1636       -7.5028205E-05
   113.2904       -7.1343005E-05
   113.4172       -6.7910703E-05
   113.5440       -6.4788132E-05
   113.6708       -6.2025982E-05
   113.7975       -5.9667331E-05
   113.9243       -5.7746271E-05
   114.0511       -5.6286819E-05
   114.1779       -5.5302073E-05
   114.3047       -5.4793705E-05
   114.4315       -5.4751770E-05
   114.5583       -5.5154847E-05
   114.6851       -5.5970577E-05
   114.8119       -5.7156463E-05
   114.9387       -5.8661011E-05
   115.0655       -6.0425158E-05
   115.1923       -6.2383857E-05
   115.3191       -6.4467939E-05
   115.4458       -6.6605964E-05
   115.5726       -6.8726215E-05
   115.6994       -7.0758651E-05
   115.8262       -7.2636729E-05
   115.9530       -7.4299154E-05
   116.0798       -7.5691416E-05
   116.2066       -7.6767057E-05
   116.3334       -7.7488694E-05
   116.4602       -7.7828750E-05
   116.5870       -7.7769822E-05
   116.7138       -7.7304823E-05
   116.8406       -7.6436714E-05
   116.9674       -7.5178061E-05
   117.0942       -7.3550254E-05
   117.2209       -7.1582566E-05
   117.3477       -6.9311041E-05
   117.4745       -6.6777218E-05
   117.6013       -6.4026855E-05
   117.7281       -6.1108563E-05
   117.8549       -5.8072506E-05
   117.9817       -5.4969136E-05
   118.1085       -5.1848023E-05
   118.2353       -4.8756836E-05
   118.3621       -4.5740442E-05
   118.4889       -4.2840158E-05
   118.6157       -4.0093164E-05
   118.7425       -3.7532096E-05
   118.8692       -3.5184748E-05
   118.9960       -3.3073964E-05
   119.1228       -3.1217613E-05
   119.2496       -2.9628731E-05
   119.3764       -2.8315691E-05
   119.5032       -2.7282535E-05
   119.6300       -2.6529297E-05
   119.7568       -2.6052438E-05
   119.8836       -2.5845276E-05
   120.0104       -2.5898480E-05
   120.1372       -2.6200545E-05
   120.2640       -2.6738307E-05
   120.3908       -2.7497430E-05
   120.5176       -2.8462891E-05
   120.6443       -2.9619456E-05
   120.7711       -3.0952109E-05
   120.8979       -3.2446442E-05
   121.0247       -3.4089015E-05
   121.1515       -3.5867619E-05
   121.2783       -3.7771519E-05
   121.4051       -3.9791568E-05
   121.5319       -4.1920255E-05
   121.6587       -4.4151660E-05
   121.7855       -4.6481313E-05
   121.9123       -4.8905924E-05
   122.0391       -5.1423052E-05
   122.1659       -5.4030679E-05
   122.2927       -5.6726676E-05
   122.4194       -5.9508260E-05
   122.5462       -6.2371371E-05
   122.6730       -6.5310080E-05
   122.7998       -6.8315952E-05
   122.9266       -7.1377515E-05
   123.0534       -7.4479780E-05
   123.1802       -7.7603865E-05
   123.3070       -8.0726728E-05
   123.4338       -8.3821105E-05
   123.5606       -8.6855587E-05
   123.6874       -8.9794841E-05
   123.8142       -9.2600116E-05
   123.9410       -9.5229865E-05
   124.0677       -9.7640557E-05
   124.1945       -9.9787663E-05
   124.3213       -1.0162674E-04
   124.4481       -1.0311472E-04
   124.5749       -1.0421115E-04
   124.7017       -1.0487952E-04
   124.8285       -1.0508863E-04
   124.9553       -1.0481380E-04
   125.0821       -1.0403806E-04
   125.2089       -1.0275319E-04
   125.3357       -1.0096053E-04
   125.4625       -9.8671590E-05
   125.5893       -9.5908486E-05
   125.7161       -9.2703973E-05
   125.8428       -8.9101282E-05
   125.9696       -8.5153617E-05
   126.0964       -8.0923368E-05
   126.2232       -7.6481047E-05
   126.3500       -7.1903902E-05
   126.4768       -6.7274363E-05
   126.6036       -6.2678206E-05
   126.7304       -5.8202626E-05
   126.8572       -5.3934109E-05
   126.9840       -4.9956328E-05
   127.1108       -4.6347988E-05
   127.2376       -4.3180738E-05
   127.3644       -4.0517229E-05
   127.4911       -3.8409315E-05
   127.6179       -3.6896523E-05
   127.7447       -3.6004825E-05
   127.8715       -3.5745688E-05
   127.9983       -3.6115551E-05
   128.1251       -3.7095680E-05
   128.2519       -3.8652412E-05
   128.3787       -4.0737857E-05
   128.5055       -4.3290973E-05
   128.6323       -4.6239024E-05
   128.7591       -4.9499391E-05
   128.8859       -5.2981719E-05
   129.0127       -5.6590226E-05
   129.1395       -6.0226284E-05
   129.2663       -6.3791034E-05
   129.3930       -6.7188084E-05
   129.5198       -7.0326118E-05
   129.6466       -7.3121395E-05
   129.7734       -7.5500058E-05
   129.9002       -7.7400131E-05
   130.0270       -7.8773235E-05
   130.1538       -7.9585865E-05
   130.2806       -7.9820289E-05
   130.4074       -7.9474928E-05
   130.5342       -7.8564350E-05
   130.6610       -7.7118733E-05
   130.7878       -7.5182936E-05
   130.9146       -7.2815135E-05
   131.0414       -7.0085094E-05
   131.1681       -6.7072113E-05
   131.2949       -6.3862812E-05
   131.4217       -6.0548620E-05
   131.5485       -5.7223293E-05
   131.6753       -5.3980351E-05
   131.8021       -5.0910625E-05
   131.9289       -4.8099901E-05
   132.0557       -4.5626817E-05
   132.1825       -4.3561009E-05
   132.3093       -4.1961557E-05
   132.4361       -4.0875784E-05
   132.5629       -4.0338433E-05
   132.6897       -4.0371186E-05
   132.8164       -4.0982573E-05
   132.9432       -4.2168220E-05
   133.0700       -4.3911383E-05
   133.1968       -4.6183821E-05
   133.3236       -4.8946855E-05
   133.4504       -5.2152624E-05
   133.5772       -5.5745495E-05
   133.7040       -5.9663536E-05
   133.8308       -6.3840045E-05
   133.9576       -6.8205103E-05
   134.0844       -7.2687020E-05
   134.2112       -7.7213794E-05
   134.3380       -8.1714403E-05
   134.4648       -8.6120068E-05
   134.5915       -9.0365291E-05
   134.7183       -9.4388881E-05
   134.8451       -9.8134711E-05
   134.9719       -1.0155245E-04
   135.0987       -1.0459812E-04
   135.2255       -1.0723448E-04
   135.3523       -1.0943138E-04
   135.4791       -1.1116590E-04
   135.6059       -1.1242248E-04
   135.7327       -1.1319284E-04
   135.8595       -1.1347586E-04
   135.9863       -1.1327738E-04
   136.1131       -1.1260987E-04
   136.2398       -1.1149207E-04
   136.3666       -1.0994852E-04
   136.4934       -1.0800905E-04
   136.6202       -1.0570822E-04
   136.7470       -1.0308467E-04
   136.8738       -1.0018049E-04
   137.0006       -9.7040567E-05
   137.1274       -9.3711824E-05
   137.2542       -9.0242545E-05
   137.3810       -8.6681641E-05
   137.5078       -8.3077968E-05
   137.6346       -7.9479600E-05
   137.7614       -7.5933174E-05
   137.8882       -7.2483243E-05
   138.0149       -6.9171663E-05
   138.1417       -6.6037021E-05
   138.2685       -6.3114087E-05
   138.3953       -6.0433329E-05
   138.5221       -5.8020487E-05
   138.6489       -5.5896151E-05
   138.7757       -5.4075441E-05
   138.9025       -5.2567728E-05
   139.0293       -5.1376421E-05
   139.1561       -5.0498846E-05
   139.2829       -4.9926191E-05
   139.4097       -4.9643586E-05
   139.5365       -4.9630220E-05
   139.6632       -4.9859689E-05
   139.7900       -5.0300336E-05
   139.9168       -5.0915867E-05
   140.0436       -5.1665986E-05
   140.1704       -5.2507228E-05
   140.2972       -5.3393902E-05
   140.4240       -5.4279128E-05
   140.5508       -5.5115950E-05
   140.6776       -5.5858538E-05
   140.8044       -5.6463388E-05
   140.9312       -5.6890494E-05
   141.0580       -5.7104506E-05
   141.1848       -5.7075733E-05
   141.3116       -5.6781086E-05
   141.4383       -5.6204804E-05
   141.5651       -5.5339046E-05
   141.6919       -5.4184202E-05
   141.8187       -5.2749067E-05
   141.9455       -5.1050720E-05
   142.0723       -4.9114213E-05
   142.1991       -4.6972058E-05
   142.3259       -4.4663513E-05
   142.4527       -4.2233689E-05
   142.5795       -3.9732564E-05
   142.7063       -3.7213827E-05
   142.8331       -3.4733712E-05
   142.9599       -3.2349733E-05
   143.0867       -3.0119438E-05
   143.2134       -2.8099161E-05
   143.3402       -2.6342832E-05
   143.4670       -2.4900810E-05
   143.5938       -2.3818828E-05
   143.7206       -2.3137016E-05
   143.8474       -2.2889044E-05
   143.9742       -2.3101382E-05
   144.1010       -2.3792694E-05
   144.2278       -2.4973371E-05
   144.3546       -2.6645217E-05
   144.4814       -2.8801291E-05
   144.6082       -3.1425898E-05
   144.7350       -3.4494769E-05
   144.8617       -3.7975387E-05
   144.9885       -4.1827465E-05
   145.1153       -4.6003617E-05
   145.2421       -5.0450137E-05
   145.3689       -5.5107939E-05
   145.4957       -5.9913622E-05
   145.6225       -6.4800595E-05
   145.7493       -6.9700320E-05
   145.8761       -7.4543583E-05
   146.0029       -7.9261765E-05
   146.1297       -8.3788167E-05
   146.2565       -8.8059212E-05
   146.3833       -9.2015631E-05
   146.5101       -9.5603566E-05
   146.6368       -9.8775454E-05
   146.7636       -1.0149091E-04
   146.8904       -1.0371728E-04
   147.0172       -1.0543016E-04
   147.1440       -1.0661360E-04
   147.2708       -1.0726022E-04
   147.3976       -1.0737109E-04
   147.5244       -1.0695543E-04
   147.6512       -1.0603014E-04
   147.7780       -1.0461924E-04
   147.9048       -1.0275314E-04
   148.0316       -1.0046782E-04
   148.1584       -9.7803982E-05
   148.2851       -9.4806128E-05
   148.4119       -9.1521695E-05
   148.5387       -8.8000132E-05
   148.6655       -8.4292100E-05
   148.7923       -8.0448663E-05
   148.9191       -7.6520599E-05
   149.0459       -7.2557785E-05
   149.1727       -6.8608657E-05
   149.2995       -6.4719752E-05
   149.4263       -6.0935319E-05
   149.5531       -5.7297028E-05
   149.6799       -5.3843694E-05
   149.8067       -5.0611081E-05
   149.9335       -4.7631729E-05
   150.0602       -4.4934808E-05
   150.1870       -4.2545995E-05
   150.3138       -4.0487361E-05
   150.4406       -3.8777271E-05
   150.5674       -3.7430287E-05
   150.6942       -3.6457091E-05
   150.8210       -3.5864392E-05
   150.9478       -3.5654895E-05
   151.0746       -3.5827212E-05
   151.2014       -3.6375863E-05
   151.3282       -3.7291244E-05
   151.4550       -3.8559650E-05
   151.5818       -4.0163341E-05
   151.7085       -4.2080577E-05
   151.8353       -4.4285782E-05
   151.9621       -4.6749676E-05
   152.0889       -4.9439510E-05
   152.2157       -5.2319316E-05
   152.3425       -5.5350265E-05
   152.4693       -5.8491052E-05
   152.5961       -6.1698389E-05
   152.7229       -6.4927503E-05
   152.8497       -6.8132802E-05
   152.9765       -7.1268536E-05
   153.1033       -7.4289521E-05
   153.2301       -7.7151984E-05
   153.3569       -7.9814352E-05
   153.4836       -8.2238104E-05
   153.6104       -8.4388623E-05
   153.7372       -8.6235996E-05
   153.8640       -8.7755761E-05
   153.9908       -8.8929570E-05
   154.1176       -8.9745707E-05
   154.2444       -9.0199494E-05
   154.3712       -9.0293543E-05
   154.4980       -9.0037771E-05
   154.6248       -8.9449255E-05
   154.7516       -8.8551904E-05
   154.8784       -8.7375854E-05
   155.0052       -8.5956774E-05
   155.1319       -8.4334875E-05
   155.2587       -8.2553874E-05
   155.3855       -8.0659760E-05
   155.5123       -7.8699508E-05
   155.6391       -7.6719698E-05
   155.7659       -7.4765172E-05
   155.8927       -7.2877716E-05
   156.0195       -7.1094793E-05
   156.1463       -6.9448426E-05
   156.2731       -6.7964247E-05
   156.3999       -6.6660774E-05
   156.5267       -6.5548869E-05
   156.6535       -6.4631502E-05
   156.7803       -6.3903790E-05
   156.9070       -6.3353298E-05
   157.0338       -6.2960629E-05
   157.1606       -6.2700288E-05
   157.2874       -6.2541745E-05
   157.4142       -6.2450737E-05
   157.5410       -6.2390674E-05
   157.6678       -6.2324172E-05
   157.7946       -6.2214633E-05
   157.9214       -6.2027786E-05
   158.0482       -6.1733175E-05
   158.1750       -6.1305516E-05
   158.3018       -6.0725844E-05
   158.4286       -5.9982500E-05
   158.5553       -5.9071790E-05
   158.6821       -5.7998390E-05
   158.8089       -5.6775461E-05
   158.9357       -5.5424422E-05
   159.0625       -5.3974429E-05
   159.1893       -5.2461579E-05
   159.3161       -5.0927822E-05
   159.4429       -4.9419647E-05
   159.5697       -4.7986563E-05
   159.6965       -4.6679430E-05
   159.8233       -4.5548688E-05
   159.9501       -4.4642544E-05
   160.0769       -4.4005188E-05
   160.2037       -4.3675060E-05
