  -4.500000        5.0095452E-18
  -4.373208        5.0093152E-18
  -4.246415        5.0089595E-18
  -4.119622        5.0085534E-18
  -3.992829        5.0081456E-18
  -3.866037        5.0077642E-18
  -3.739244        5.0074243E-18
  -3.612452        5.0071306E-18
  -3.485659        5.0068862E-18
  -3.358866        5.0066902E-18
  -3.232074        5.0065404E-18
  -3.105281        5.0064341E-18
  -2.978488        5.0063647E-18
  -2.851696        5.0063233E-18
  -2.724903        5.0063006E-18
  -2.598110        5.0062869E-18
  -2.471318        5.0062716E-18
  -2.344525        5.0062476E-18
  -2.217732        5.0062096E-18
  -2.090940        5.0061562E-18
  -1.964147        5.0060855E-18
  -1.837354        5.0059982E-18
  -1.710562        5.0058932E-18
  -1.583769        5.0057716E-18
  -1.456976        5.0056326E-18
  -1.330184        5.0054783E-18
  -1.203391        5.0053088E-18
  -1.076598        5.0051276E-18
 -0.9498057        5.0049361E-18
 -0.8230131        5.0047376E-18
 -0.6962205        5.0045337E-18
 -0.5694278        5.0043261E-18
 -0.4426351        5.0041151E-18
 -0.3158425        5.0039013E-18
 -0.1890498        5.0036838E-18
 -6.2257171E-02    5.0034637E-18
  6.4535484E-02    5.0032416E-18
  0.1913281        5.0030187E-18
  0.3181208        5.0027979E-18
  0.4449134        5.0025820E-18
  0.5717061        5.0023735E-18
  0.6984987        5.0021725E-18
  0.8252914        5.0019806E-18
  0.9520841        5.0017970E-18
   1.078877        5.0016208E-18
   1.205669        5.0014516E-18
   1.332462        5.0012895E-18
   1.459255        5.0011336E-18
   1.586047        5.0009834E-18
   1.712840        5.0008395E-18
   1.839633        5.0007001E-18
   1.966425        5.0005620E-18
   2.093218        5.0004255E-18
   2.220011        5.0002874E-18
   2.346803        5.0001472E-18
   2.473596        5.0000049E-18
   2.600389        4.9998605E-18
   2.727181        4.9997145E-18
   2.853974        4.9995685E-18
   2.980767        4.9994221E-18
   3.107559        4.9992782E-18
   3.234352        4.9991359E-18
   3.361145        4.9989953E-18
   3.487937        4.9988547E-18
   3.614730        4.9987161E-18
   3.741522        4.9985788E-18
   3.868315        4.9984419E-18
   3.995108        4.9983063E-18
   4.121901        4.9981735E-18
   4.248693        4.9980424E-18
   4.375485        4.9979125E-18
   4.502278        4.9977814E-18
   4.629071        4.9976495E-18
   4.755864        4.9975142E-18
   4.882656        4.9973761E-18
   5.009449        4.9972355E-18
   5.136241        4.9970916E-18
   5.263034        4.9969460E-18
   5.389827        4.9967979E-18
   5.516620        4.9966474E-18
   5.643412        4.9964939E-18
   5.770205        4.9963359E-18
   5.896997        4.9961742E-18
   6.023790        4.9960079E-18
   6.150583        4.9958375E-18
   6.277375        4.9956647E-18
   6.404168        4.9954893E-18
   6.530961        4.9953127E-18
   6.657753        4.9951353E-18
   6.784546        4.9949566E-18
   6.911339        4.9947779E-18
   7.038131        4.9945988E-18
   7.164924        4.9944198E-18
   7.291717        4.9942427E-18
   7.418509        4.9940694E-18
   7.545302        4.9939019E-18
   7.672095        4.9937402E-18
   7.798887        4.9935839E-18
   7.925680        4.9934325E-18
   8.052472        4.9932857E-18
   8.179265        4.9931397E-18
   8.306058        4.9929929E-18
   8.432851        4.9928456E-18
   8.559643        4.9926955E-18
   8.686436        4.9925441E-18
   8.813229        4.9923903E-18
   8.940022        4.9922339E-18
   9.066813        4.9920751E-18
   9.193606        4.9919130E-18
   9.320399        4.9917467E-18
   9.447192        4.9915767E-18
   9.573984        4.9914026E-18
   9.700777        4.9912273E-18
   9.827570        4.9910519E-18
   9.954362        4.9908786E-18
   10.08115        4.9907107E-18
   10.20795        4.9905473E-18
   10.33474        4.9903893E-18
   10.46153        4.9902351E-18
   10.58833        4.9900845E-18
   10.71512        4.9899377E-18
   10.84191        4.9897925E-18
   10.96870        4.9896482E-18
   11.09550        4.9895042E-18
   11.22229        4.9893595E-18
   11.34908        4.9892110E-18
   11.47587        4.9890584E-18
   11.60267        4.9888975E-18
   11.72946        4.9887283E-18
   11.85625        4.9885484E-18
   11.98304        4.9883578E-18
   12.10984        4.9881580E-18
   12.23663        4.9879491E-18
   12.36342        4.9877308E-18
   12.49022        4.9875041E-18
   12.61701        4.9872684E-18
   12.74380        4.9870231E-18
   12.87059        4.9867659E-18
   12.99739        4.9864962E-18
   13.12418        4.9862116E-18
   13.25097        4.9859122E-18
   13.37776        4.9855966E-18
   13.50456        4.9852654E-18
   13.63135        4.9849183E-18
   13.75814        4.9845556E-18
   13.88493        4.9841788E-18
   14.01173        4.9837864E-18
   14.13852        4.9833810E-18
   14.26531        4.9829637E-18
   14.39211        4.9825385E-18
   14.51890        4.9821072E-18
   14.64569        4.9816725E-18
   14.77248        4.9812362E-18
   14.89928        4.9807973E-18
   15.02607        4.9803573E-18
   15.15286        4.9799151E-18
   15.27965        4.9794672E-18
   15.40645        4.9790135E-18
   15.53324        4.9785532E-18
   15.66003        4.9780850E-18
   15.78682        4.9776114E-18
   15.91362        4.9771333E-18
   16.04041        4.9766503E-18
   16.16720        4.9761639E-18
   16.29399        4.9756754E-18
   16.42079        4.9751857E-18
   16.54758        4.9746944E-18
   16.67437        4.9742043E-18
   16.80116        4.9737146E-18
   16.92796        4.9732282E-18
   17.05475        4.9727443E-18
   17.18154        4.9722641E-18
   17.30834        4.9717881E-18
   17.43513        4.9713170E-18
   17.56192        4.9708488E-18
   17.68871        4.9703856E-18
   17.81551        4.9699274E-18
   17.94230        4.9694745E-18
   18.06909        4.9690290E-18
   18.19588        4.9685915E-18
   18.32268        4.9681626E-18
   18.44947        4.9677424E-18
   18.57626        4.9673308E-18
   18.70305        4.9669272E-18
   18.82985        4.9665297E-18
   18.95664        4.9661360E-18
   19.08343        4.9657455E-18
   19.21023        4.9653555E-18
   19.33702        4.9649663E-18
   19.46381        4.9645747E-18
   19.59060        4.9641797E-18
   19.71740        4.9637806E-18
   19.84419        4.9633757E-18
   19.97098        4.9629654E-18
   20.09777        4.9625497E-18
   20.22457        4.9621299E-18
   20.35136        4.9617097E-18
   20.47815        4.9612903E-18
   20.60494        4.9608751E-18
   20.73174        4.9604665E-18
   20.85853        4.9600649E-18
   20.98532        4.9596716E-18
   21.11212        4.9592844E-18
   21.23891        4.9589039E-18
   21.36570        4.9585288E-18
   21.49249        4.9581607E-18
   21.61929        4.9577980E-18
   21.74608        4.9574411E-18
   21.87287        4.9570916E-18
   21.99966        4.9567500E-18
   22.12646        4.9564158E-18
   22.25325        4.9560915E-18
   22.38004        4.9557759E-18
   22.50683        4.9554715E-18
   22.63363        4.9551771E-18
   22.76042        4.9548946E-18
   22.88721        4.9546224E-18
   23.01401        4.9543611E-18
   23.14080        4.9541088E-18
   23.26759        4.9538623E-18
   23.39438        4.9536199E-18
   23.52118        4.9533788E-18
   23.64797        4.9531364E-18
   23.77476        4.9528916E-18
   23.90155        4.9526434E-18
   24.02835        4.9523936E-18
   24.15514        4.9521426E-18
   24.28193        4.9518907E-18
   24.40872        4.9516380E-18
   24.53552        4.9513853E-18
   24.66231        4.9511330E-18
   24.78910        4.9508799E-18
   24.91590        4.9506263E-18
   25.04269        4.9503728E-18
   25.16948        4.9501193E-18
   25.29627        4.9498666E-18
   25.42307        4.9496147E-18
   25.54986        4.9493636E-18
   25.67665        4.9491130E-18
   25.80344        4.9488624E-18
   25.93024        4.9486130E-18
   26.05703        4.9483644E-18
   26.18382        4.9481183E-18
   26.31061        4.9478760E-18
   26.43741        4.9476381E-18
   26.56420        4.9474065E-18
   26.69099        4.9471791E-18
   26.81779        4.9469561E-18
   26.94458        4.9467357E-18
   27.07137        4.9465169E-18
   27.19816        4.9462977E-18
   27.32495        4.9460768E-18
   27.45175        4.9458531E-18
   27.57854        4.9456277E-18
   27.70533        4.9453990E-18
   27.83213        4.9451653E-18
   27.95892        4.9449283E-18
   28.08571        4.9446851E-18
   28.21250        4.9444382E-18
   28.33930        4.9441876E-18
   28.46609        4.9439349E-18
   28.59288        4.9436822E-18
   28.71968        4.9434328E-18
   28.84647        4.9431867E-18
   28.97326        4.9429464E-18
   29.10005        4.9427119E-18
   29.22684        4.9424819E-18
   29.35364        4.9422553E-18
   29.48043        4.9420286E-18
   29.60722        4.9418007E-18
   29.73402        4.9415687E-18
   29.86081        4.9413297E-18
   29.98760        4.9410848E-18
   30.11439        4.9408321E-18
   30.24119        4.9405711E-18
   30.36798        4.9403015E-18
   30.49477        4.9400235E-18
   30.62156        4.9397373E-18
   30.74836        4.9394433E-18
   30.87515        4.9391430E-18
   31.00194        4.9388353E-18
   31.12873        4.9385210E-18
   31.25553        4.9381992E-18
   31.38232        4.9378687E-18
   31.50911        4.9375296E-18
   31.63591        4.9371801E-18
   31.76270        4.9368203E-18
   31.88949        4.9364518E-18
   32.01628        4.9360754E-18
   32.14308        4.9356945E-18
   32.26987        4.9353103E-18
   32.39666        4.9349256E-18
   32.52345        4.9345410E-18
   32.65025        4.9341584E-18
   32.77704        4.9337767E-18
   32.90383        4.9333945E-18
   33.03062        4.9330115E-18
   33.15742        4.9326265E-18
   33.28421        4.9322385E-18
   33.41100        4.9318485E-18
   33.53780        4.9314548E-18
   33.66459        4.9310590E-18
   33.79138        4.9306615E-18
   33.91817        4.9302624E-18
   34.04497        4.9298616E-18
   34.17176        4.9294609E-18
   34.29855        4.9290601E-18
   34.42534        4.9286597E-18
   34.55214        4.9282602E-18
   34.67893        4.9278619E-18
   34.80572        4.9274628E-18
   34.93251        4.9270649E-18
   35.05931        4.9266662E-18
   35.18610        4.9262671E-18
   35.31289        4.9258676E-18
   35.43969        4.9254672E-18
   35.56648        4.9250665E-18
   35.69327        4.9246665E-18
   35.82006        4.9242670E-18
   35.94686        4.9238683E-18
   36.07365        4.9234717E-18
   36.20044        4.9230763E-18
   36.32723        4.9226825E-18
   36.45403        4.9222908E-18
   36.58082        4.9219021E-18
   36.70761        4.9215162E-18
   36.83440        4.9211340E-18
   36.96120        4.9207552E-18
   37.08799        4.9203805E-18
   37.21478        4.9200087E-18
   37.34158        4.9196385E-18
   37.46837        4.9192679E-18
   37.59516        4.9188944E-18
   37.72195        4.9185148E-18
   37.84875        4.9181281E-18
   37.97554        4.9177323E-18
   38.10233        4.9173265E-18
   38.22912        4.9169105E-18
   38.35592        4.9164865E-18
   38.48271        4.9160572E-18
   38.60950        4.9156250E-18
   38.73629        4.9151932E-18
   38.86309        4.9147656E-18
   38.98988        4.9143441E-18
   39.11667        4.9139318E-18
   39.24347        4.9135289E-18
   39.37026        4.9131360E-18
   39.49705        4.9127522E-18
   39.62384        4.9123758E-18
   39.75064        4.9120049E-18
   39.87743        4.9116368E-18
   40.00422        4.9112703E-18
   40.13101        4.9109031E-18
   40.25780        4.9105350E-18
   40.38460        4.9101677E-18
   40.51139        4.9098025E-18
   40.63818        4.9094394E-18
   40.76498        4.9090787E-18
   40.89177        4.9087222E-18
   41.01856        4.9083686E-18
   41.14536        4.9080178E-18
   41.27215        4.9076667E-18
   41.39894        4.9073147E-18
   41.52573        4.9069591E-18
   41.65253        4.9065972E-18
   41.77932        4.9062278E-18
   41.90611        4.9058498E-18
   42.03290        4.9054639E-18
   42.15969        4.9050689E-18
   42.28649        4.9046661E-18
   42.41328        4.9042567E-18
   42.54007        4.9038427E-18
   42.66687        4.9034266E-18
   42.79366        4.9030080E-18
   42.92045        4.9025903E-18
   43.04725        4.9021751E-18
   43.17404        4.9017619E-18
   43.30083        4.9013516E-18
   43.42762        4.9009450E-18
   43.55442        4.9005401E-18
   43.68121        4.9001377E-18
   43.80800        4.8997374E-18
   43.93479        4.8993387E-18
   44.06158        4.8989412E-18
   44.18838        4.8985458E-18
   44.31517        4.8981521E-18
   44.44196        4.8977604E-18
   44.56876        4.8973687E-18
   44.69555        4.8969775E-18
   44.82234        4.8965841E-18
   44.94913        4.8961867E-18
   45.07593        4.8957847E-18
   45.20272        4.8953769E-18
   45.32951        4.8949629E-18
   45.45631        4.8945414E-18
   45.58310        4.8941142E-18
   45.70989        4.8936803E-18
   45.83668        4.8932423E-18
   45.96347        4.8928010E-18
   46.09027        4.8923597E-18
   46.21706        4.8919201E-18
   46.34385        4.8914854E-18
   46.47065        4.8910590E-18
   46.59744        4.8906425E-18
   46.72423        4.8902376E-18
   46.85102        4.8898459E-18
   46.97782        4.8894658E-18
   47.10461        4.8890969E-18
   47.23140        4.8887354E-18
   47.35820        4.8883793E-18
   47.48499        4.8880265E-18
   47.61178        4.8876729E-18
   47.73857        4.8873168E-18
   47.86536        4.8869562E-18
   47.99216        4.8865897E-18
   48.11895        4.8862171E-18
   48.24574        4.8858358E-18
   48.37254        4.8854474E-18
   48.49933        4.8850512E-18
   48.62612        4.8846475E-18
   48.75291        4.8842385E-18
   48.87971        4.8838245E-18
   49.00650        4.8834063E-18
   49.13329        4.8829853E-18
   49.26009        4.8825601E-18
   49.38688        4.8821304E-18
   49.51367        4.8816965E-18
   49.64046        4.8812561E-18
   49.76725        4.8808098E-18
   49.89405        4.8803569E-18
   50.02084        4.8798966E-18
   50.14763        4.8794313E-18
   50.27443        4.8789619E-18
   50.40122        4.8784896E-18
   50.52801        4.8780177E-18
   50.65480        4.8775491E-18
   50.78160        4.8770858E-18
   50.90839        4.8766305E-18
   51.03518        4.8761867E-18
   51.16198        4.8757557E-18
   51.28877        4.8753380E-18
   51.41556        4.8749343E-18
   51.54235        4.8745414E-18
   51.66914        4.8741568E-18
   51.79594        4.8737784E-18
   51.92273        4.8734016E-18
   52.04952        4.8730227E-18
   52.17632        4.8726397E-18
   52.30311        4.8722510E-18
   52.42990        4.8718564E-18
   52.55669        4.8714577E-18
   52.68349        4.8710553E-18
   52.81028        4.8706508E-18
   52.93707        4.8702459E-18
   53.06387        4.8698406E-18
   53.19066        4.8694352E-18
   53.31745        4.8690299E-18
   53.44424        4.8686221E-18
   53.57103        4.8682102E-18
   53.69783        4.8677921E-18
   53.82462        4.8673665E-18
   53.95141        4.8669322E-18
   54.07821        4.8664888E-18
   54.20500        4.8660372E-18
   54.33179        4.8655781E-18
   54.45858        4.8651153E-18
   54.58538        4.8646529E-18
   54.71217        4.8641934E-18
   54.83896        4.8637401E-18
   54.96576        4.8632959E-18
   55.09255        4.8628621E-18
   55.21934        4.8624385E-18
   55.34613        4.8620258E-18
   55.47292        4.8616200E-18
   55.59972        4.8612213E-18
   55.72651        4.8608260E-18
   55.85330        4.8604335E-18
   55.98009        4.8600405E-18
   56.10689        4.8596468E-18
   56.23368        4.8592506E-18
   56.36047        4.8588531E-18
   56.48727        4.8584528E-18
   56.61406        4.8580487E-18
   56.74085        4.8576434E-18
   56.86765        4.8572364E-18
   56.99444        4.8568298E-18
   57.12123        4.8564229E-18
   57.24802        4.8560159E-18
   57.37481        4.8556093E-18
   57.50161        4.8551999E-18
   57.62840        4.8547871E-18
   57.75519        4.8543686E-18
   57.88198        4.8539430E-18
   58.00878        4.8535075E-18
   58.13557        4.8530624E-18
   58.26236        4.8526100E-18
   58.38916        4.8521492E-18
   58.51595        4.8516827E-18
   58.64274        4.8512129E-18
   58.76954        4.8507410E-18
   58.89633        4.8502703E-18
   59.02312        4.8498034E-18
   59.14991        4.8493414E-18
   59.27670        4.8488864E-18
   59.40350        4.8484377E-18
   59.53029        4.8479951E-18
   59.65708        4.8475584E-18
   59.78387        4.8471258E-18
   59.91067        4.8466948E-18
   60.03746        4.8462663E-18
   60.16425        4.8458395E-18
   60.29105        4.8454148E-18
   60.41784        4.8449929E-18
   60.54463        4.8445752E-18
   60.67142        4.8441632E-18
   60.79822        4.8437583E-18
   60.92501        4.8433588E-18
   61.05180        4.8429642E-18
   61.17859        4.8425717E-18
   61.30539        4.8421788E-18
   61.43218        4.8417826E-18
   61.55897        4.8413802E-18
   61.68576        4.8409703E-18
   61.81256        4.8405522E-18
   61.93935        4.8401245E-18
   62.06614        4.8396878E-18
   62.19294        4.8392448E-18
   62.31973        4.8387965E-18
   62.44652        4.8383461E-18
   62.57331        4.8378953E-18
   62.70011        4.8374461E-18
   62.82690        4.8369986E-18
   62.95369        4.8365544E-18
   63.08048        4.8361139E-18
   63.20728        4.8356764E-18
   63.33407        4.8352421E-18
   63.46086        4.8348099E-18
   63.58765        4.8343797E-18
   63.71445        4.8339521E-18
   63.84124        4.8335257E-18
   63.96803        4.8331018E-18
   64.09483        4.8326803E-18
   64.22162        4.8322613E-18
   64.34841        4.8318444E-18
   64.47520        4.8314288E-18
   64.60200        4.8310127E-18
   64.72879        4.8305954E-18
   64.85558        4.8301752E-18
   64.98238        4.8297484E-18
   65.10917        4.8293157E-18
   65.23596        4.8288753E-18
   65.36275        4.8284257E-18
   65.48955        4.8279695E-18
   65.61633        4.8275071E-18
   65.74313        4.8270398E-18
   65.86992        4.8265691E-18
   65.99671        4.8260984E-18
   66.12350        4.8256294E-18
   66.25030        4.8251625E-18
   66.37709        4.8246997E-18
   66.50388        4.8242410E-18
   66.63068        4.8237856E-18
   66.75747        4.8233340E-18
   66.88426        4.8228844E-18
   67.01105        4.8224373E-18
   67.13785        4.8219907E-18
   67.26464        4.8215452E-18
   67.39143        4.8211010E-18
   67.51823        4.8206593E-18
   67.64502        4.8202209E-18
   67.77181        4.8197879E-18
   67.89861        4.8193619E-18
   68.02540        4.8189433E-18
   68.15219        4.8185343E-18
   68.27898        4.8181327E-18
   68.40578        4.8177398E-18
   68.53257        4.8173522E-18
   68.65936        4.8169701E-18
   68.78616        4.8165904E-18
   68.91295        4.8162120E-18
   69.03974        4.8158335E-18
   69.16653        4.8154518E-18
   69.29333        4.8150655E-18
   69.42011        4.8146726E-18
   69.54691        4.8142726E-18
   69.67370        4.8138648E-18
   69.80049        4.8134496E-18
   69.92728        4.8130273E-18
   70.05408        4.8125988E-18
   70.18087        4.8121658E-18
   70.30766        4.8117307E-18
   70.43446        4.8112927E-18
   70.56125        4.8108560E-18
   70.68804        4.8104209E-18
   70.81483        4.8099858E-18
   70.94163        4.8095515E-18
   71.06842        4.8091164E-18
   71.19521        4.8086784E-18
   71.32201        4.8082371E-18
   71.44880        4.8077921E-18
   71.57559        4.8073405E-18
   71.70238        4.8068839E-18
   71.82918        4.8064215E-18
   71.95597        4.8059537E-18
   72.08276        4.8054818E-18
   72.20956        4.8050078E-18
   72.33635        4.8045347E-18
   72.46314        4.8040652E-18
   72.58994        4.8035991E-18
   72.71673        4.8031371E-18
   72.84352        4.8026797E-18
   72.97031        4.8022243E-18
   73.09711        4.8017715E-18
   73.22389        4.8013186E-18
   73.35069        4.8008636E-18
   73.47748        4.8004062E-18
   73.60427        4.7999467E-18
   73.73106        4.7994864E-18
   73.85786        4.7990260E-18
   73.98465        4.7985674E-18
   74.11144        4.7981141E-18
   74.23824        4.7976678E-18
   74.36503        4.7972298E-18
   74.49182        4.7968018E-18
   74.61861        4.7963840E-18
   74.74541        4.7959754E-18
   74.87220        4.7955751E-18
   74.99899        4.7951784E-18
   75.12579        4.7947839E-18
   75.25258        4.7943856E-18
   75.37937        4.7939827E-18
   75.50616        4.7935720E-18
   75.63296        4.7931506E-18
   75.75975        4.7927192E-18
   75.88654        4.7922787E-18
   76.01334        4.7918312E-18
   76.14013        4.7913808E-18
   76.26692        4.7909296E-18
   76.39371        4.7904804E-18
   76.52051        4.7900354E-18
   76.64730        4.7895958E-18
   76.77409        4.7891615E-18
   76.90089        4.7887301E-18
   77.02767        4.7883017E-18
   77.15446        4.7878748E-18
   77.28126        4.7874468E-18
   77.40805        4.7870150E-18
   77.53484        4.7865790E-18
   77.66164        4.7861382E-18
   77.78843        4.7856931E-18
   77.91522        4.7852448E-18
   78.04202        4.7847969E-18
   78.16881        4.7843510E-18
   78.29560        4.7839110E-18
   78.42239        4.7834800E-18
   78.54919        4.7830610E-18
   78.67598        4.7826541E-18
   78.80277        4.7822591E-18
   78.92957        4.7818753E-18
   79.05636        4.7814993E-18
   79.18315        4.7811283E-18
   79.30994        4.7807578E-18
   79.43674        4.7803839E-18
   79.56353        4.7800013E-18
   79.69032        4.7796092E-18
   79.81712        4.7792035E-18
   79.94391        4.7787833E-18
   80.07070        4.7783490E-18
   80.19749        4.7779011E-18
   80.32429        4.7774404E-18
   80.45108        4.7769676E-18
   80.57787        4.7764858E-18
   80.70466        4.7759969E-18
   80.83145        4.7755014E-18
   80.95824        4.7750014E-18
   81.08504        4.7744972E-18
   81.21183        4.7739881E-18
   81.33862        4.7734765E-18
   81.46542        4.7729645E-18
   81.59221        4.7724566E-18
   81.71900        4.7719553E-18
   81.84579        4.7714677E-18
   81.97259        4.7709999E-18
   82.09938        4.7705582E-18
   82.22617        4.7701471E-18
   82.35297        4.7697699E-18
   82.47976        4.7694266E-18
   82.60655        4.7691164E-18
   82.73335        4.7688348E-18
   82.86014        4.7685750E-18
   82.98693        4.7683261E-18
   83.11372        4.7680792E-18
   83.24052        4.7678240E-18
   83.36731        4.7675465E-18
   83.49410        4.7672363E-18
   83.62090        4.7668831E-18
   83.74769        4.7664781E-18
   83.87448        4.7660141E-18
   84.00127        4.7654855E-18
   84.12807        4.7648895E-18
   84.25486        4.7642257E-18
   84.38165        4.7634966E-18
   84.50844        4.7627054E-18
   84.63523        4.7618617E-18
   84.76202        4.7609753E-18
   84.88882        4.7600617E-18
   85.01561        4.7591394E-18
   85.14240        4.7582316E-18
   85.26920        4.7573634E-18
   85.39599        4.7565619E-18
   85.52278        4.7558559E-18
   85.64957        4.7552736E-18
   85.77637        4.7548401E-18
   85.90316        4.7545763E-18
   86.02995        4.7544956E-18
   86.15675        4.7546044E-18
   86.28354        4.7549001E-18
   86.41033        4.7553695E-18
   86.53712        4.7559895E-18
   86.66392        4.7567273E-18
   86.79071        4.7575388E-18
   86.91750        4.7583714E-18
   87.04430        4.7591667E-18
   87.17109        4.7598582E-18
   87.29788        4.7603777E-18
   87.42467        4.7606564E-18
   87.55147        4.7606300E-18
   87.67826        4.7602391E-18
   87.80505        4.7594355E-18
   87.93185        4.7581852E-18
   88.05864        4.7564722E-18
   88.18543        4.7543004E-18
   88.31222        4.7516960E-18
   88.43901        4.7487120E-18
   88.56580        4.7454260E-18
   88.69260        4.7419394E-18
   88.81939        4.7383776E-18
   88.94618        4.7348848E-18
   89.07298        4.7316191E-18
   89.19977        4.7287480E-18
   89.32656        4.7264368E-18
   89.45335        4.7248461E-18
   89.58015        4.7241166E-18
   89.70694        4.7243668E-18
   89.83373        4.7256795E-18
   89.96053        4.7280961E-18
   90.08732        4.7316092E-18
   90.21411        4.7361562E-18
   90.34090        4.7416189E-18
   90.46770        4.7478178E-18
   90.59449        4.7545188E-18
   90.72128        4.7614340E-18
   90.84808        4.7682318E-18
   90.97487        4.7745485E-18
   91.10166        4.7800001E-18
   91.22845        4.7842026E-18
   91.35525        4.7867858E-18
   91.48204        4.7874186E-18
   91.60883        4.7858251E-18
   91.73563        4.7818075E-18
   91.86242        4.7752649E-18
   91.98921        4.7662077E-18
   92.11600        4.7547723E-18
   92.24279        4.7412264E-18
   92.36958        4.7259715E-18
   92.49638        4.7095367E-18
   92.62317        4.6925696E-18
   92.74996        4.6758125E-18
   92.87675        4.6600796E-18
   93.00355        4.6462239E-18
   93.13034        4.6350970E-18
   93.25713        4.6275106E-18
   93.38393        4.6241874E-18
   93.51072        4.6257176E-18
   93.63751        4.6325187E-18
   93.76431        4.6447920E-18
   93.89110        4.6624937E-18
   94.01789        4.6853077E-18
   94.14468        4.7126357E-18
   94.27148        4.7435963E-18
   94.39827        4.7770392E-18
   94.52506        4.8115752E-18
   94.65186        4.8456182E-18
   94.77865        4.8774436E-18
   94.90544        4.9052600E-18
   95.03223        4.9272895E-18
   95.15903        4.9418603E-18
   95.28582        4.9474967E-18
   95.41261        4.9430130E-18
   95.53941        4.9276030E-18
   95.66620        4.9009186E-18
   95.79299        4.8631342E-18
   95.91978        4.8149886E-18
   96.04657        4.7578085E-18
   96.17336        4.6934968E-18
   96.30016        4.6244988E-18
   96.42695        4.5537352E-18
   96.55374        4.4844977E-18
   96.68053        4.4203283E-18
   96.80733        4.3648584E-18
   96.93412        4.3216444E-18
   97.06091        4.2939744E-18
   97.18771        4.2846810E-18
   97.31450        4.2959555E-18
   97.44129        4.3291717E-18
   97.56808        4.3847405E-18
   97.69488        4.4619913E-18
   97.82167        4.5591048E-18
   97.94846        4.6730899E-18
   98.07526        4.7998201E-18
   98.20205        4.9341303E-18
   98.32884        5.0699786E-18
   98.45564        5.2006607E-18
   98.58243        5.3190894E-18
   98.70922        5.4181112E-18
   98.83601        5.4908601E-18
   98.96281        5.5311380E-18
   99.08960        5.5337849E-18
   99.21639        5.4950460E-18
   99.34319        5.4128991E-18
   99.46998        5.2873199E-18
   99.59677        5.1204821E-18
   99.72356        4.9168588E-18
   99.85035        4.6832212E-18
   99.97714        4.4285186E-18
   100.1039        4.1636388E-18
   100.2307        3.9010466E-18
   100.3575        3.6543073E-18
   100.4843        3.4375097E-18
   100.6111        3.2646073E-18
   100.7379        3.1486969E-18
   100.8647        3.1012823E-18
   100.9915        3.1315311E-18
   101.1183        3.2455918E-18
   101.2451        3.4459873E-18
   101.3719        3.7311346E-18
   101.4987        4.0950259E-18
   101.6255        4.5270950E-18
   101.7522        5.0123059E-18
   101.8790        5.5314680E-18
   102.0058        6.0617921E-18
   102.1326        6.5776761E-18
   102.2594        7.0517106E-18
   102.3862        7.4558652E-18
   102.5130        7.7628196E-18
   102.6398        7.9473925E-18
   102.7666        7.9879880E-18
   102.8934        7.8680154E-18
   103.0202        7.5771845E-18
   103.1470        7.1126184E-18
   103.2738        6.4797065E-18
   103.4006        5.6926326E-18
   103.5273        4.7745167E-18
   103.6541        3.7571400E-18
   103.7809        2.6802161E-18
   103.9077        1.5902110E-18
   104.0345        5.3872402E-19
   104.1613       -4.1952703E-19
   104.2881       -1.2290612E-18
   104.4149       -1.8362357E-18
   104.5417       -2.1920036E-18
   104.6685       -2.2546882E-18
   104.7953       -1.9926684E-18
   104.9221       -1.3868045E-18
   105.0489       -4.3250108E-19
   105.1756        8.5876123E-19
   105.3024        2.4585051E-18
   105.4292        4.3210848E-18
   105.5560        6.3843074E-18
   105.6828        8.5708824E-18
   105.8096        1.0790737E-17
   105.9364        1.2944108E-17
   106.0632        1.4925374E-17
   106.1900        1.6627480E-17
   106.3168        1.7946803E-17
   106.4436        1.8788274E-17
   106.5704        1.9070513E-17
   106.6972        1.8730765E-17
   106.8240        1.7729356E-17
   106.9507        1.6053440E-17
   107.0775        1.3719826E-17
   107.2043        1.0776616E-17
   107.3311        7.3035507E-18
   107.4579        3.4109150E-18
   107.5847       -7.6307153E-19
   107.7115       -5.0563388E-18
   107.8383       -9.2884665E-18
   107.9651       -1.3267467E-17
   108.0919       -1.6797595E-17
   108.2187       -1.9687921E-17
   108.3455       -2.1761339E-17
   108.4723       -2.2863581E-17
   108.5990       -2.2871878E-17
   108.7258       -2.1702774E-17
   108.8526       -1.9318734E-17
   108.9794       -1.5733108E-17
   109.1062       -1.1013139E-17
   109.2330       -5.2807330E-18
   109.3598        1.2892349E-18
   109.4866        8.4731212E-18
   109.6134        1.6005192E-17
   109.7402        2.3586683E-17
   109.8670        3.0896956E-17
   109.9938        3.7606370E-17
   110.1206        4.3390378E-17
   110.2474        4.7944288E-17
   110.3741        5.0998060E-17
   110.5009        5.2330456E-17
   110.6277        5.1781801E-17
   110.7545        4.9264746E-17
   110.8813        4.4772401E-17
   111.0081        3.8383235E-17
   111.1349        3.0262436E-17
   111.2617        2.0659334E-17
   111.3885        9.9009218E-18
   111.5153       -1.6186424E-18
   111.6421       -1.3452065E-17
   111.7689       -2.5116223E-17
   111.8957       -3.6111989E-17
   112.0224       -4.5945883E-17
   112.1492       -5.4152553E-17
   112.2760       -6.0317117E-17
   112.4028       -6.4096267E-17
   112.5296       -6.5237187E-17
   112.6564       -6.3593076E-17
   112.7832       -5.9134527E-17
   112.9100       -5.1955939E-17
   113.0368       -4.2276420E-17
   113.1636       -3.0434774E-17
   113.2904       -1.6878612E-17
   113.4172       -2.1478102E-18
   113.5440        1.3147296E-17
   113.6708        2.8351993E-17
   113.7975        4.2796657E-17
   113.9243        5.5828259E-17
   114.0511        6.6842434E-17
   114.1779        7.5314543E-17
   114.3047        8.0828258E-17
   114.4315        8.3099868E-17
   114.5583        8.1997163E-17
   114.6851        7.7551339E-17
   114.8119        6.9961236E-17
   114.9387        5.9589165E-17
   115.0655        4.6947972E-17
   115.1923        3.2679742E-17
   115.3191        1.7526776E-17
   115.4458        2.2955883E-18
   115.5726       -1.2184111E-17
   115.6994       -2.5103868E-17
   115.8262       -3.5722212E-17
   115.9530       -4.3409194E-17
   116.0798       -4.7687465E-17
   116.2066       -4.8267249E-17
   116.3334       -4.5073131E-17
   116.4602       -3.8260650E-17
   116.5870       -2.8221043E-17
   116.7138       -1.5573156E-17
   116.8406       -1.1419581E-18
   116.9674        1.4075922E-17
   117.0942        2.8959087E-17
   117.2209        4.2318666E-17
   117.3477        5.2963978E-17
   117.4745        5.9773600E-17
   117.6013        6.1768250E-17
   117.7281        5.8181992E-17
   117.8549        4.8527480E-17
   117.9817        3.2651512E-17
   118.1085        1.0776847E-17
   118.2353       -1.6472950E-17
   118.3621       -4.8068484E-17
   118.4889       -8.2591251E-17
   118.6157       -1.1827317E-16
   118.7425       -1.5305891E-16
   118.8692       -1.8468968E-16
   118.9960       -2.1080600E-16
   119.1228       -2.2906582E-16
   119.2496       -2.3727328E-16
   119.3764       -2.3351253E-16
   119.5032       -2.1628004E-16
   119.6300       -1.8460840E-16
   119.7568       -1.3817491E-16
   119.8836       -7.7387848E-17
   120.0104       -3.4439274E-18
   120.1372        8.1648325E-17
   120.2640        1.7508362E-16
   120.3908        2.7331628E-16
   120.5176        3.7215864E-16
   120.6443        4.6692077E-16
   120.7711        5.5258783E-16
   120.8979        6.2403061E-16
   121.0247        6.7624146E-16
   121.1515        7.0458657E-16
   121.2783        7.0506387E-16
   121.4051        6.7455549E-16
   121.5319        6.1106053E-16
   121.6587        5.1389764E-16
   121.7855        3.8386339E-16
   121.9123        2.2333580E-16
   122.0391        3.6314043E-17
   122.1659       -1.7161413E-16
   122.2927       -3.9338071E-16
   122.4194       -6.2062374E-16
   122.5462       -8.4394906E-16
   122.6730       -1.0532621E-15
   122.7998       -1.2381589E-15
   122.9266       -1.3883661E-15
   123.0534       -1.4942109E-15
   123.1802       -1.5471040E-15
   123.3070       -1.5400128E-15
   123.4338       -1.4679059E-15
   123.5606       -1.3281415E-15
   123.6874       -1.1207851E-15
   123.8142       -8.4882802E-16
   123.9410       -5.1829687E-16
   124.0677       -1.3823649E-16
   124.1945        2.7944120E-16
   124.3213        7.2024710E-16
   124.4481        1.1675380E-15
   124.5749        1.6030690E-15
   124.7017        2.0076551E-15
   124.8285        2.3619253E-15
   124.9553        2.6471412E-15
   125.0821        2.8460459E-15
   125.2089        2.9437152E-15
   125.3357        2.9283676E-15
   125.4625        2.7920984E-15
   125.5893        2.5314979E-15
   125.7161        2.1481232E-15
   125.8428        1.6487891E-15
   125.9696        1.0456537E-15
   126.0964        3.5608360E-16
   126.2232       -3.9771183E-16
   126.3500       -1.1892787E-15
   126.4768       -1.9887374E-15
   126.6036       -2.7637991E-15
   126.7304       -3.4809543E-15
   126.8572       -4.1067901E-15
   126.9840       -4.6093881E-15
   127.1108       -4.9597531E-15
   127.2376       -5.1332085E-15
   127.3644       -5.1106978E-15
   127.4911       -4.8799377E-15
   127.6179       -4.4363579E-15
   127.7447       -3.7837745E-15
   127.8715       -2.9347604E-15
   127.9983       -1.9106749E-15
   128.1251       -7.4132551E-16
   128.2519        5.3573510E-16
   128.3787        1.8762718E-15
   128.5055        3.2307736E-15
   128.6323        4.5461470E-15
   128.7591        5.7676693E-15
   128.8859        6.8410968E-15
   129.0127        7.7148887E-15
   129.1395        8.3424300E-15
   129.2663        8.6841850E-15
   129.3930        8.7096569E-15
   129.5198        8.3991118E-15
   129.6466        7.7449262E-15
   129.7734        6.7525369E-15
   129.9002        5.4408933E-15
   130.0270        3.8423930E-15
   130.1538        2.0022783E-15
   130.2806       -2.2521574E-17
   130.4074       -2.1650679E-15
   130.5342       -4.3505615E-15
   130.6610       -6.4989158E-15
   130.7878       -8.5276414E-15
   130.9146       -1.0354957E-14
   131.0414       -1.1903005E-14
   131.1681       -1.3101029E-14
   131.2949       -1.3888412E-14
   131.4217       -1.4217416E-14
   131.5485       -1.4055515E-14
   131.6753       -1.3387215E-14
   131.8021       -1.2215259E-14
   131.9289       -1.0561142E-14
   132.0557       -8.4649076E-15
   132.1825       -5.9841993E-15
   132.3093       -3.1925724E-15
   132.4361       -1.7715155E-16
   132.5629        2.9643417E-15
   132.6897        6.1270531E-15
   132.8164        9.2028300E-15
   132.9432        1.2084265E-14
   133.0700        1.4668812E-14
   133.1968        1.6862793E-14
   133.3236        1.8585094E-14
   133.4504        1.9770440E-14
   133.5772        2.0372062E-14
   133.7040        2.0363631E-14
   133.8308        1.9740386E-14
   133.9576        1.8519378E-14
   134.0844        1.6738786E-14
   134.2112        1.4456333E-14
   134.3380        1.1746875E-14
   134.4648        8.6992215E-15
   134.5915        5.4123372E-15
   134.7183        1.9911106E-15
   134.8451       -1.4581935E-15
   134.9719       -4.8324924E-15
   135.0987       -8.0362886E-15
   135.2255       -1.0985727E-14
   135.3523       -1.3612050E-14
   135.4791       -1.5864285E-14
   135.6059       -1.7711013E-14
   135.7327       -1.9141100E-14
   135.8595       -2.0163333E-14
   135.9863       -2.0804911E-14
   136.1131       -2.1108896E-14
   136.2398       -2.1130628E-14
   136.3666       -2.0933345E-14
   136.4934       -2.0583151E-14
   136.6202       -2.0143582E-14
   136.7470       -1.9670090E-14
   136.8738       -1.9204693E-14
   137.0006       -1.8771178E-14
   137.1274       -1.8371023E-14
   137.2542       -1.7980546E-14
   137.3810       -1.7549313E-14
   137.5078       -1.7000146E-14
   137.6346       -1.6230896E-14
   137.7614       -1.5117903E-14
   137.8882       -1.3521313E-14
   138.0149       -1.1292012E-14
   138.1417       -8.2801164E-15
   138.2685       -4.3446154E-15
   138.3953        6.3609406E-16
   138.5221        6.7532548E-15
   138.6489        1.4056849E-14
   138.7757        2.2545303E-14
   138.9025        3.2156342E-14
   139.0293        4.2759548E-14
   139.1561        5.4151159E-14
   139.2829        6.6051609E-14
   139.4097        7.8106189E-14
   139.5365        8.9889162E-14
   139.6632        1.0091162E-13
   139.7900        1.1063295E-13
   139.9168        1.1847593E-13
   140.0436        1.2384554E-13
   140.1704        1.2615031E-13
   140.2972        1.2482655E-13
   140.4240        1.1936403E-13
   140.5508        1.0933278E-13
   140.6776        9.4409710E-14
   140.8044        7.4404262E-14
   140.9312        4.9281813E-14
   141.0580        1.9183933E-14
   141.1848       -1.5555836E-14
   141.3116       -5.4401419E-14
   141.4383       -9.6609908E-14
   141.5651       -1.4123437E-13
   141.6919       -1.8713397E-13
   141.8187       -2.3299220E-13
   141.9455       -2.7734301E-13
   142.0723       -3.1860452E-13
   142.1991       -3.5512034E-13
   142.3259       -3.8520730E-13
   142.4527       -4.0720826E-13
   142.5795       -4.1954973E-13
   142.7063       -4.2080136E-13
   142.8331       -4.0973648E-13
   142.9599       -3.8539132E-13
   143.0867       -3.4712099E-13
   143.2134       -2.9464991E-13
   143.3402       -2.2811481E-13
   143.4670       -1.4809817E-13
   143.5938       -5.5650342E-14
   143.7206        4.7701287E-14
   143.8474        1.5995770E-13
   143.9742        2.7866839E-13
   144.1010        4.0096767E-13
   144.2278        5.2362655E-13
   144.3546        6.4311978E-13
   144.4814        7.5570794E-13
   144.6082        8.5753149E-13
   144.7350        9.4471631E-13
   144.8617        1.0134879E-12
   144.9885        1.0602904E-12
   145.1153        1.0819084E-12
   145.2421        1.0755879E-12
   145.3689        1.0391511E-12
   145.4957        9.7110406E-13
   145.6225        8.7073030E-13
   145.7493        7.3816935E-13
   145.8761        5.7447520E-13
   146.0029        3.8165253E-13
   146.1297        1.6266802E-13
   146.2565       -7.8565470E-14
   146.3833       -3.3723276E-13
   146.5101       -6.0768811E-13
   146.6368       -8.8355554E-13
   146.7636       -1.1578565E-12
   146.8904       -1.4231611E-12
   147.0172       -1.6717619E-12
   147.1440       -1.8958674E-12
   147.2708       -2.0878058E-12
   147.3976       -2.2402416E-12
   147.5244       -2.3463922E-12
   147.6512       -2.4002447E-12
   147.7780       -2.3967612E-12
   147.9048       -2.3320716E-12
   148.0316       -2.2036442E-12
   148.1584       -2.0104322E-12
   148.2851       -1.7529849E-12
   148.4119       -1.4335264E-12
   148.5387       -1.0559913E-12
   148.6655       -6.2602115E-13
   148.7923       -1.5091345E-13
   148.9191        3.6047193E-13
   149.0459        8.9785178E-13
   149.1727        1.4496998E-12
   149.2995        2.0034686E-12
   149.4263        2.5458440E-12
   149.5531        3.0630325E-12
   149.6799        3.5410722E-12
   149.8067        3.9661590E-12
   149.9335        4.3249870E-12
   150.0602        4.6050850E-12
   150.1870        4.7951539E-12
   150.3138        4.8853825E-12
   150.4406        4.8677481E-12
   150.5674        4.7362808E-12
   150.6942        4.4872990E-12
   150.8210        4.1195914E-12
   150.9478        3.6345623E-12
   151.0746        3.0363153E-12
   151.2014        2.3316865E-12
   151.3282        1.5302194E-12
   151.4550        6.4408017E-13
   151.5818       -3.1208635E-13
   151.7085       -1.3213522E-12
   151.8353       -2.3647581E-12
   151.9621       -3.4216165E-12
   152.0889       -4.4698550E-12
   152.2157       -5.4864065E-12
   152.3425       -6.4476241E-12
   152.4693       -7.3297314E-12
   152.5961       -8.1092849E-12
   152.7229       -8.7636530E-12
   152.8497       -9.2715002E-12
   152.9765       -9.6132650E-12
   153.1033       -9.7716271E-12
   153.2301       -9.7319600E-12
   153.3569       -9.4827549E-12
   153.4836       -9.0160119E-12
   153.6104       -8.3275921E-12
   153.7372       -7.4175171E-12
   153.8640       -6.2902249E-12
   153.9908       -4.9547510E-12
   154.1176       -3.4248542E-12
   154.2444       -1.7190556E-12
   154.3712        1.3938819E-13
   154.4980        2.1226087E-12
   154.6248        4.1983357E-12
   154.7516        6.3301981E-12
   154.8784        8.4781331E-12
   155.0052        1.0598883E-11
   155.1319        1.2646599E-11
   155.2587        1.4573549E-11
   155.3855        1.6330909E-11
   155.5123        1.7869659E-11
   155.6391        1.9141553E-11
   155.7659        2.0100163E-11
   155.8927        2.0701984E-11
   156.0195        2.0907571E-11
   156.1463        2.0682707E-11
   156.2731        1.9999573E-11
   156.3999        1.8837867E-11
   156.5267        1.7185897E-11
   156.6535        1.5041565E-11
   156.7803        1.2413230E-11
   156.9070        9.3204394E-12
   157.0338        5.7944496E-12
   157.1606        1.8785453E-12
   157.2874       -2.3718978E-12
   157.4142       -6.8896195E-12
   157.5410       -1.1595985E-11
   157.6678       -1.6401800E-11
   157.7946       -2.1208460E-11
   157.9214       -2.5909420E-11
   158.0482       -3.0391998E-11
   158.1750       -3.4539469E-11
   158.3018       -3.8233462E-11
   158.4286       -4.1356578E-11
   158.5553       -4.3795249E-11
   158.6821       -4.5442726E-11
   158.8089       -4.6202125E-11
   158.9357       -4.5989566E-11
   159.0625       -4.4737165E-11
   159.1893       -4.2395924E-11
   159.3161       -3.8938405E-11
   159.4429       -3.4361028E-11
   159.5697       -2.8686014E-11
   159.6965       -2.1962805E-11
   159.8233       -1.4268939E-11
   159.9501       -5.7102977E-12
   160.0769        3.5793699E-12
   160.2037        1.3439605E-11
