  -4.500000        9.7081507E-18
  -4.373208        9.7085072E-18
  -4.246415        9.7090539E-18
  -4.119622        9.7096487E-18
  -3.992829        9.7102062E-18
  -3.866037        9.7107083E-18
  -3.739244        9.7111806E-18
  -3.612452        9.7116596E-18
  -3.485659        9.7121741E-18
  -3.358866        9.7127308E-18
  -3.232074        9.7133247E-18
  -3.105281        9.7139442E-18
  -2.978488        9.7145853E-18
  -2.851696        9.7152495E-18
  -2.724903        9.7159435E-18
  -2.598110        9.7166698E-18
  -2.471318        9.7174225E-18
  -2.344525        9.7181885E-18
  -2.217732        9.7189495E-18
  -2.090940        9.7196948E-18
  -1.964147        9.7204194E-18
  -1.837354        9.7211258E-18
  -1.710562        9.7218165E-18
  -1.583769        9.7224956E-18
  -1.456976        9.7231549E-18
  -1.330184        9.7237819E-18
  -1.203391        9.7243593E-18
  -1.076598        9.7248721E-18
 -0.9498057        9.7253147E-18
 -0.8230131        9.7256910E-18
 -0.6962205        9.7260145E-18
 -0.5694278        9.7262982E-18
 -0.4426351        9.7265472E-18
 -0.3158425        9.7267573E-18
 -0.1890498        9.7269177E-18
 -6.2257171E-02    9.7270153E-18
  6.4535484E-02    9.7270451E-18
  0.1913281        9.7270129E-18
  0.3181208        9.7269368E-18
  0.4449134        9.7268449E-18
  0.5717061        9.7267664E-18
  0.6984987        9.7267192E-18
  0.8252914        9.7267151E-18
  0.9520841        9.7267498E-18
   1.078877        9.7268102E-18
   1.205669        9.7268855E-18
   1.332462        9.7269740E-18
   1.459255        9.7270840E-18
   1.586047        9.7272329E-18
   1.712840        9.7274405E-18
   1.839633        9.7277226E-18
   1.966425        9.7280824E-18
   2.093218        9.7285117E-18
   2.220011        9.7289915E-18
   2.346803        9.7295043E-18
   2.473596        9.7300370E-18
   2.600389        9.7305871E-18
   2.727181        9.7311637E-18
   2.853974        9.7317774E-18
   2.980767        9.7324367E-18
   3.107559        9.7331414E-18
   3.234352        9.7338743E-18
   3.361145        9.7346130E-18
   3.487937        9.7353302E-18
   3.614730        9.7360043E-18
   3.741522        9.7366255E-18
   3.868315        9.7371938E-18
   3.995108        9.7377232E-18
   4.121901        9.7382228E-18
   4.248693        9.7387018E-18
   4.375485        9.7391542E-18
   4.502278        9.7395711E-18
   4.629071        9.7399318E-18
   4.755864        9.7402271E-18
   4.882656        9.7404512E-18
   5.009449        9.7406150E-18
   5.136241        9.7407341E-18
   5.263034        9.7408284E-18
   5.389827        9.7409153E-18
   5.516620        9.7409997E-18
   5.643412        9.7410766E-18
   5.770205        9.7411328E-18
   5.896997        9.7411577E-18
   6.023790        9.7411461E-18
   6.150583        9.7411047E-18
   6.277375        9.7410509E-18
   6.404168        9.7410079E-18
   6.530961        9.7409922E-18
   6.657753        9.7410154E-18
   6.784546        9.7410749E-18
   6.911339        9.7411601E-18
   7.038131        9.7412602E-18
   7.164924        9.7413644E-18
   7.291717        9.7414712E-18
   7.418509        9.7415903E-18
   7.545302        9.7417359E-18
   7.672095        9.7419203E-18
   7.798887        9.7421494E-18
   7.925680        9.7424174E-18
   8.052472        9.7427053E-18
   8.179265        9.7429907E-18
   8.306058        9.7432521E-18
   8.432851        9.7434795E-18
   8.559643        9.7436715E-18
   8.686436        9.7438369E-18
   8.813229        9.7439891E-18
   8.940022        9.7441347E-18
   9.066813        9.7442761E-18
   9.193606        9.7444052E-18
   9.320399        9.7445077E-18
   9.447192        9.7445739E-18
   9.573984        9.7446004E-18
   9.700777        9.7445954E-18
   9.827570        9.7445772E-18
   9.954362        9.7445673E-18
   10.08115        9.7445838E-18
   10.20795        9.7446384E-18
   10.33474        9.7447269E-18
   10.46153        9.7448403E-18
   10.58833        9.7449660E-18
   10.71512        9.7450950E-18
   10.84191        9.7452266E-18
   10.96870        9.7453680E-18
   11.09550        9.7455351E-18
   11.22229        9.7457411E-18
   11.34908        9.7459892E-18
   11.47587        9.7462754E-18
   11.60267        9.7465831E-18
   11.72946        9.7468933E-18
   11.85625        9.7471878E-18
   11.98304        9.7474583E-18
   12.10984        9.7477056E-18
   12.23663        9.7479397E-18
   12.36342        9.7481688E-18
   12.49022        9.7483996E-18
   12.61701        9.7486304E-18
   12.74380        9.7488480E-18
   12.87059        9.7490357E-18
   12.99739        9.7491780E-18
   13.12418        9.7492665E-18
   13.25097        9.7493037E-18
   13.37776        9.7493004E-18
   13.50456        9.7492731E-18
   13.63135        9.7492367E-18
   13.75814        9.7491978E-18
   13.88493        9.7491540E-18
   14.01173        9.7490945E-18
   14.13852        9.7490109E-18
   14.26531        9.7488984E-18
   14.39211        9.7487578E-18
   14.51890        9.7486039E-18
   14.64569        9.7484542E-18
   14.77248        9.7483235E-18
   14.89928        9.7482209E-18
   15.02607        9.7481482E-18
   15.15286        9.7480927E-18
   15.27965        9.7480423E-18
   15.40645        9.7479885E-18
   15.53324        9.7479256E-18
   15.66003        9.7478603E-18
   15.78682        9.7478040E-18
   15.91362        9.7477710E-18
   16.04041        9.7477701E-18
   16.16720        9.7477983E-18
   16.29399        9.7478479E-18
   16.42079        9.7479025E-18
   16.54758        9.7479480E-18
   16.67437        9.7479761E-18
   16.80116        9.7479885E-18
   16.92796        9.7479926E-18
   17.05475        9.7480009E-18
   17.18154        9.7480216E-18
   17.30834        9.7480563E-18
   17.43513        9.7481002E-18
   17.56192        9.7481424E-18
   17.68871        9.7481721E-18
   17.81551        9.7481854E-18
   17.94230        9.7481870E-18
   18.06909        9.7481895E-18
   18.19588        9.7482069E-18
   18.32268        9.7482549E-18
   18.44947        9.7483392E-18
   18.57626        9.7484575E-18
   18.70305        9.7485973E-18
   18.82985        9.7487454E-18
   18.95664        9.7488893E-18
   19.08343        9.7490225E-18
   19.21023        9.7491474E-18
   19.33702        9.7492739E-18
   19.46381        9.7494104E-18
   19.59060        9.7495610E-18
   19.71740        9.7497248E-18
   19.84419        9.7498885E-18
   19.97098        9.7500383E-18
   20.09777        9.7501640E-18
   20.22457        9.7502616E-18
   20.35136        9.7503311E-18
   20.47815        9.7503849E-18
   20.60494        9.7504320E-18
   20.73174        9.7504808E-18
   20.85853        9.7505329E-18
   20.98532        9.7505817E-18
   21.11212        9.7506181E-18
   21.23891        9.7506305E-18
   21.36570        9.7506156E-18
   21.49249        9.7505784E-18
   21.61929        9.7505313E-18
   21.74608        9.7504907E-18
   21.87287        9.7504701E-18
   21.99966        9.7504758E-18
   22.12646        9.7505073E-18
   22.25325        9.7505553E-18
   22.38004        9.7506098E-18
   22.50683        9.7506653E-18
   22.63363        9.7507215E-18
   22.76042        9.7507852E-18
   22.88721        9.7508654E-18
   23.01401        9.7509705E-18
   23.14080        9.7511028E-18
   23.26759        9.7512575E-18
   23.39438        9.7514230E-18
   23.52118        9.7515843E-18
   23.64797        9.7517307E-18
   23.77476        9.7518572E-18
   23.90155        9.7519656E-18
   24.02835        9.7520632E-18
   24.15514        9.7521608E-18
   24.28193        9.7522642E-18
   24.40872        9.7523759E-18
   24.53552        9.7524884E-18
   24.66231        9.7525934E-18
   24.78910        9.7526828E-18
   24.91590        9.7527522E-18
   25.04269        9.7528085E-18
   25.16948        9.7528606E-18
   25.29627        9.7529210E-18
   25.42307        9.7530012E-18
   25.54986        9.7531055E-18
   25.67665        9.7532295E-18
   25.80344        9.7533668E-18
   25.93024        9.7535075E-18
   26.05703        9.7536439E-18
   26.18382        9.7537771E-18
   26.31061        9.7539128E-18
   26.43741        9.7540608E-18
   26.56420        9.7542296E-18
   26.69099        9.7544223E-18
   26.81779        9.7546341E-18
   26.94458        9.7548574E-18
   27.07137        9.7550808E-18
   27.19816        9.7552950E-18
   27.32495        9.7554960E-18
   27.45175        9.7556887E-18
   27.57854        9.7558773E-18
   27.70533        9.7560701E-18
   27.83213        9.7562702E-18
   27.95892        9.7564762E-18
   28.08571        9.7566805E-18
   28.21250        9.7568699E-18
   28.33930        9.7570387E-18
   28.46609        9.7571801E-18
   28.59288        9.7572976E-18
   28.71968        9.7573993E-18
   28.84647        9.7574928E-18
   28.97326        9.7575888E-18
   29.10005        9.7576938E-18
   29.22684        9.7578063E-18
   29.35364        9.7579221E-18
   29.48043        9.7580388E-18
   29.60722        9.7581521E-18
   29.73402        9.7582662E-18
   29.86081        9.7583853E-18
   29.98760        9.7585177E-18
   30.11439        9.7586699E-18
   30.24119        9.7588411E-18
   30.36798        9.7590289E-18
   30.49477        9.7592258E-18
   30.62156        9.7594218E-18
   30.74836        9.7596121E-18
   30.87515        9.7597940E-18
   31.00194        9.7599735E-18
   31.12873        9.7601596E-18
   31.25553        9.7603598E-18
   31.38232        9.7605799E-18
   31.50911        9.7608206E-18
   31.63591        9.7610795E-18
   31.76270        9.7613467E-18
   31.88949        9.7616171E-18
   32.01628        9.7618868E-18
   32.14308        9.7621548E-18
   32.26987        9.7624245E-18
   32.39666        9.7627016E-18
   32.52345        9.7629878E-18
   32.65025        9.7632847E-18
   32.77704        9.7635867E-18
   32.90383        9.7638886E-18
   33.03062        9.7641855E-18
   33.15742        9.7644742E-18
   33.28421        9.7647579E-18
   33.41100        9.7650408E-18
   33.53780        9.7653279E-18
   33.66459        9.7656273E-18
   33.79138        9.7659383E-18
   33.91817        9.7662568E-18
   34.04497        9.7665753E-18
   34.17176        9.7668863E-18
   34.29855        9.7671824E-18
   34.42534        9.7674595E-18
   34.55214        9.7677226E-18
   34.67893        9.7679757E-18
   34.80572        9.7682263E-18
   34.93251        9.7684794E-18
   35.05931        9.7687383E-18
   35.18610        9.7689997E-18
   35.31289        9.7692611E-18
   35.43969        9.7695192E-18
   35.56648        9.7697715E-18
   35.69327        9.7700196E-18
   35.82006        9.7702661E-18
   35.94686        9.7705193E-18
   36.07365        9.7707848E-18
   36.20044        9.7710652E-18
   36.32723        9.7713597E-18
   36.45403        9.7716666E-18
   36.58082        9.7719809E-18
   36.70761        9.7723002E-18
   36.83440        9.7726219E-18
   36.96120        9.7729487E-18
   37.08799        9.7732829E-18
   37.21478        9.7736261E-18
   37.34158        9.7739760E-18
   37.46837        9.7743284E-18
   37.59516        9.7746758E-18
   37.72195        9.7750117E-18
   37.84875        9.7753268E-18
   37.97554        9.7756180E-18
   38.10233        9.7758827E-18
   38.22912        9.7761267E-18
   38.35592        9.7763542E-18
   38.48271        9.7765709E-18
   38.60950        9.7767802E-18
   38.73629        9.7769812E-18
   38.86309        9.7771723E-18
   38.98988        9.7773509E-18
   39.11667        9.7775189E-18
   39.24347        9.7776769E-18
   39.37026        9.7778307E-18
   39.49705        9.7779887E-18
   39.62384        9.7781566E-18
   39.75064        9.7783386E-18
   39.87743        9.7785346E-18
   40.00422        9.7787431E-18
   40.13101        9.7789598E-18
   40.25780        9.7791823E-18
   40.38460        9.7794090E-18
   40.51139        9.7796414E-18
   40.63818        9.7798838E-18
   40.76498        9.7801394E-18
   40.89177        9.7804090E-18
   41.01856        9.7806911E-18
   41.14536        9.7809814E-18
   41.27215        9.7812743E-18
   41.39894        9.7815654E-18
   41.52573        9.7818525E-18
   41.65253        9.7821362E-18
   41.77932        9.7824224E-18
   41.90611        9.7827144E-18
   42.03290        9.7830188E-18
   42.15969        9.7833323E-18
   42.28649        9.7836549E-18
   42.41328        9.7839808E-18
   42.54007        9.7843034E-18
   42.66687        9.7846219E-18
   42.79366        9.7849354E-18
   42.92045        9.7852464E-18
   43.04725        9.7855607E-18
   43.17404        9.7858808E-18
   43.30083        9.7862084E-18
   43.42762        9.7865426E-18
   43.55442        9.7868776E-18
   43.68121        9.7872093E-18
   43.80800        9.7875311E-18
   43.93479        9.7878429E-18
   44.06158        9.7881473E-18
   44.18838        9.7884492E-18
   44.31517        9.7887528E-18
   44.44196        9.7890646E-18
   44.56876        9.7893839E-18
   44.69555        9.7897065E-18
   44.82234        9.7900300E-18
   44.94913        9.7903509E-18
   45.07593        9.7906669E-18
   45.20272        9.7909804E-18
   45.32951        9.7912922E-18
   45.45631        9.7916082E-18
   45.58310        9.7919325E-18
   45.70989        9.7922634E-18
   45.83668        9.7926025E-18
   45.96347        9.7929441E-18
   46.09027        9.7932857E-18
   46.21706        9.7936232E-18
   46.34385        9.7939582E-18
   46.47065        9.7942933E-18
   46.59744        9.7946324E-18
   46.72423        9.7949798E-18
   46.85102        9.7953363E-18
   46.97782        9.7956970E-18
   47.10461        9.7960568E-18
   47.23140        9.7964092E-18
   47.35820        9.7967483E-18
   47.48499        9.7970742E-18
   47.61178        9.7973861E-18
   47.73857        9.7976921E-18
   47.86536        9.7979982E-18
   47.99216        9.7983076E-18
   48.11895        9.7986235E-18
   48.24574        9.7989453E-18
   48.37254        9.7992704E-18
   48.49933        9.7995963E-18
   48.62612        9.7999222E-18
   48.75291        9.8002481E-18
   48.87971        9.8005798E-18
   49.00650        9.8009198E-18
   49.13329        9.8012697E-18
   49.26009        9.8016279E-18
   49.38688        9.8019885E-18
   49.51367        9.8023434E-18
   49.64046        9.8026858E-18
   49.76725        9.8030126E-18
   49.89405        9.8033228E-18
   50.02084        9.8036205E-18
   50.14763        9.8039092E-18
   50.27443        9.8041954E-18
   50.40122        9.8044800E-18
   50.52801        9.8047629E-18
   50.65480        9.8050416E-18
   50.78160        9.8053138E-18
   50.90839        9.8055793E-18
   51.03518        9.8058415E-18
   51.16198        9.8061046E-18
   51.28877        9.8063726E-18
   51.41556        9.8066522E-18
   51.54235        9.8069442E-18
   51.66914        9.8072452E-18
   51.79594        9.8075513E-18
   51.92273        9.8078557E-18
   52.04952        9.8081568E-18
   52.17632        9.8084521E-18
   52.30311        9.8087433E-18
   52.42990        9.8090361E-18
   52.55669        9.8093347E-18
   52.68349        9.8096424E-18
   52.81028        9.8099601E-18
   52.93707        9.8102868E-18
   53.06387        9.8106185E-18
   53.19066        9.8109502E-18
   53.31745        9.8112827E-18
   53.44424        9.8116161E-18
   53.57103        9.8119552E-18
   53.69783        9.8123035E-18
   53.82462        9.8126625E-18
   53.95141        9.8130314E-18
   54.07821        9.8134053E-18
   54.20500        9.8137791E-18
   54.33179        9.8141506E-18
   54.45858        9.8145137E-18
   54.58538        9.8148710E-18
   54.71217        9.8152251E-18
   54.83896        9.8155799E-18
   54.96576        9.8159389E-18
   55.09255        9.8163029E-18
   55.21934        9.8166710E-18
   55.34613        9.8170399E-18
   55.47292        9.8174047E-18
   55.59972        9.8177645E-18
   55.72651        9.8181218E-18
   55.85330        9.8184775E-18
   55.98009        9.8188407E-18
   56.10689        9.8192146E-18
   56.23368        9.8196000E-18
   56.36047        9.8199979E-18
   56.48727        9.8204024E-18
   56.61406        9.8208102E-18
   56.74085        9.8212138E-18
   56.86765        9.8216125E-18
   56.99444        9.8220046E-18
   57.12123        9.8223934E-18
   57.24802        9.8227814E-18
   57.37481        9.8231693E-18
   57.50161        9.8235556E-18
   57.62840        9.8239361E-18
   57.75519        9.8243050E-18
   57.88198        9.8246599E-18
   58.00878        9.8249990E-18
   58.13557        9.8253241E-18
   58.26236        9.8256417E-18
   58.38916        9.8259561E-18
   58.51595        9.8262712E-18
   58.64274        9.8265897E-18
   58.76954        9.8269090E-18
   58.89633        9.8272266E-18
   59.02312        9.8275418E-18
   59.14991        9.8278520E-18
   59.27670        9.8281597E-18
   59.40350        9.8284690E-18
   59.53029        9.8287825E-18
   59.65708        9.8291043E-18
   59.78387        9.8294360E-18
   59.91067        9.8297752E-18
   60.03746        9.8301176E-18
   60.16425        9.8304584E-18
   60.29105        9.8307926E-18
   60.41784        9.8311193E-18
   60.54463        9.8314386E-18
   60.67142        9.8317546E-18
   60.79822        9.8320689E-18
   60.92501        9.8323833E-18
   61.05180        9.8326993E-18
   61.17859        9.8330136E-18
   61.30539        9.8333246E-18
   61.43218        9.8336315E-18
   61.55897        9.8339334E-18
   61.68576        9.8342345E-18
   61.81256        9.8345389E-18
   61.93935        9.8348516E-18
   62.06614        9.8351783E-18
   62.19294        9.8355208E-18
   62.31973        9.8358773E-18
   62.44652        9.8362445E-18
   62.57331        9.8366176E-18
   62.70011        9.8369948E-18
   62.82690        9.8373761E-18
   62.95369        9.8377632E-18
   63.08048        9.8381578E-18
   63.20728        9.8385631E-18
   63.33407        9.8389792E-18
   63.46086        9.8394060E-18
   63.58765        9.8398378E-18
   63.71445        9.8402696E-18
   63.84124        9.8406964E-18
   63.96803        9.8411150E-18
   64.09483        9.8415253E-18
   64.22162        9.8419289E-18
   64.34841        9.8423285E-18
   64.47520        9.8427247E-18
   64.60200        9.8431176E-18
   64.72879        9.8435047E-18
   64.85558        9.8438836E-18
   64.98238        9.8442517E-18
   65.10917        9.8446098E-18
   65.23596        9.8449605E-18
   65.36275        9.8453088E-18
   65.48955        9.8456579E-18
   65.61633        9.8460094E-18
   65.74313        9.8463659E-18
   65.86992        9.8467266E-18
   65.99671        9.8470889E-18
   66.12350        9.8474487E-18
   66.25030        9.8478027E-18
   66.37709        9.8481543E-18
   66.50388        9.8485017E-18
   66.63068        9.8488491E-18
   66.75747        9.8491990E-18
   66.88426        9.8495497E-18
   67.01105        9.8499021E-18
   67.13785        9.8502504E-18
   67.26464        9.8505953E-18
   67.39143        9.8509336E-18
   67.51823        9.8512661E-18
   67.64502        9.8515970E-18
   67.77181        9.8519295E-18
   67.89861        9.8522670E-18
   68.02540        9.8526103E-18
   68.15219        9.8529602E-18
   68.27898        9.8533159E-18
   68.40578        9.8536741E-18
   68.53257        9.8540322E-18
   68.65936        9.8543896E-18
   68.78616        9.8547469E-18
   68.91295        9.8551067E-18
   69.03974        9.8554707E-18
   69.16653        9.8558413E-18
   69.29333        9.8562185E-18
   69.42011        9.8566006E-18
   69.54691        9.8569844E-18
   69.67370        9.8573699E-18
   69.80049        9.8577537E-18
   69.92728        9.8581375E-18
   70.05408        9.8585213E-18
   70.18087        9.8589068E-18
   70.30766        9.8592956E-18
   70.43446        9.8596844E-18
   70.56125        9.8600707E-18
   70.68804        9.8604520E-18
   70.81483        9.8608234E-18
   70.94163        9.8611849E-18
   71.06842        9.8615364E-18
   71.19521        9.8618797E-18
   71.32201        9.8622180E-18
   71.44880        9.8625547E-18
   71.57559        9.8628913E-18
   71.70238        9.8632297E-18
   71.82918        9.8635680E-18
   71.95597        9.8639096E-18
   72.08276        9.8642521E-18
   72.20956        9.8645962E-18
   72.33635        9.8649444E-18
   72.46314        9.8652960E-18
   72.58994        9.8656533E-18
   72.71673        9.8660173E-18
   72.84352        9.8663862E-18
   72.97031        9.8667568E-18
   73.09711        9.8671265E-18
   73.22389        9.8674954E-18
   73.35069        9.8678644E-18
   73.47748        9.8682349E-18
   73.60427        9.8686088E-18
   73.73106        9.8689885E-18
   73.85786        9.8693773E-18
   73.98465        9.8697727E-18
   74.11144        9.8701738E-18
   74.23824        9.8705816E-18
   74.36503        9.8709919E-18
   74.49182        9.8714039E-18
   74.61861        9.8718158E-18
   74.74541        9.8722261E-18
   74.87220        9.8726339E-18
   74.99899        9.8730367E-18
   75.12579        9.8734329E-18
   75.25258        9.8738192E-18
   75.37937        9.8741939E-18
   75.50616        9.8745562E-18
   75.63296        9.8749061E-18
   75.75975        9.8752461E-18
   75.88654        9.8755795E-18
   76.01334        9.8759079E-18
   76.14013        9.8762354E-18
   76.26692        9.8765630E-18
   76.39371        9.8768930E-18
   76.52051        9.8772247E-18
   76.64730        9.8775597E-18
   76.77409        9.8778972E-18
   76.90089        9.8782380E-18
   77.02767        9.8785813E-18
   77.15446        9.8789287E-18
   77.28126        9.8792828E-18
   77.40805        9.8796442E-18
   77.53484        9.8800123E-18
   77.66164        9.8803887E-18
   77.78843        9.8807717E-18
   77.91522        9.8811605E-18
   78.04202        9.8815517E-18
   78.16881        9.8819446E-18
   78.29560        9.8823392E-18
   78.42239        9.8827346E-18
   78.54919        9.8831325E-18
   78.67598        9.8835312E-18
   78.80277        9.8839323E-18
   78.92957        9.8843360E-18
   79.05636        9.8847405E-18
   79.18315        9.8851458E-18
   79.30994        9.8855495E-18
   79.43674        9.8859498E-18
   79.56353        9.8863452E-18
   79.69032        9.8867381E-18
   79.81712        9.8871253E-18
   79.94391        9.8875066E-18
   80.07070        9.8878821E-18
   80.19749        9.8882502E-18
   80.32429        9.8886125E-18
   80.45108        9.8889649E-18
   80.57787        9.8893098E-18
   80.70466        9.8896465E-18
   80.83145        9.8899757E-18
   80.95824        9.8903016E-18
   81.08504        9.8906275E-18
   81.21183        9.8909551E-18
   81.33862        9.8912885E-18
   81.46542        9.8916293E-18
   81.59221        9.8919800E-18
   81.71900        9.8923415E-18
   81.84579        9.8927162E-18
   81.97259        9.8931033E-18
   82.09938        9.8935061E-18
   82.22617        9.8939222E-18
   82.35297        9.8943515E-18
   82.47976        9.8947916E-18
   82.60655        9.8952382E-18
   82.73335        9.8956874E-18
   82.86014        9.8961324E-18
   82.98693        9.8965700E-18
   83.11372        9.8969935E-18
   83.24052        9.8973972E-18
   83.36731        9.8977785E-18
   83.49410        9.8981350E-18
   83.62090        9.8984626E-18
   83.74769        9.8987595E-18
   83.87448        9.8990226E-18
   84.00127        9.8992501E-18
   84.12807        9.8994428E-18
   84.25486        9.8996016E-18
   84.38165        9.8997323E-18
   84.50844        9.8998432E-18
   84.63523        9.8999457E-18
   84.76202        9.9000533E-18
   84.88882        9.9001798E-18
   85.01561        9.9003444E-18
   85.14240        9.9005628E-18
   85.26920        9.9008523E-18
   85.39599        9.9012303E-18
   85.52278        9.9017084E-18
   85.64957        9.9023007E-18
   85.77637        9.9030137E-18
   85.90316        9.9038508E-18
   86.02995        9.9048071E-18
   86.15675        9.9058659E-18
   86.28354        9.9070065E-18
   86.41033        9.9081969E-18
   86.53712        9.9093963E-18
   86.66392        9.9105626E-18
   86.79071        9.9116478E-18
   86.91750        9.9126057E-18
   87.04430        9.9133891E-18
   87.17109        9.9139515E-18
   87.29788        9.9142543E-18
   87.42467        9.9142617E-18
   87.55147        9.9139507E-18
   87.67826        9.9133097E-18
   87.80505        9.9123460E-18
   87.93185        9.9110845E-18
   88.05864        9.9095708E-18
   88.18543        9.9078693E-18
   88.31222        9.9060652E-18
   88.43901        9.9042545E-18
   88.56580        9.9025480E-18
   88.69260        9.9010649E-18
   88.81939        9.8999275E-18
   88.94618        9.8992592E-18
   89.07298        9.8991756E-18
   89.19977        9.8997786E-18
   89.32656        9.9011493E-18
   89.45335        9.9033413E-18
   89.58015        9.9063696E-18
   89.70694        9.9102094E-18
   89.83373        9.9147911E-18
   89.96053        9.9199974E-18
   90.08732        9.9256653E-18
   90.21411        9.9315903E-18
   90.34090        9.9375328E-18
   90.46770        9.9432197E-18
   90.59449        9.9483590E-18
   90.72128        9.9526471E-18
   90.84808        9.9557854E-18
   90.97487        9.9574927E-18
   91.10166        9.9575249E-18
   91.22845        9.9556919E-18
   91.35525        9.9518712E-18
   91.48204        9.9460263E-18
   91.60883        9.9382161E-18
   91.73563        9.9286059E-18
   91.86242        9.9174646E-18
   91.98921        9.9051694E-18
   92.11600        9.8921967E-18
   92.24279        9.8791090E-18
   92.36958        9.8665433E-18
   92.49638        9.8551837E-18
   92.62317        9.8457398E-18
   92.74996        9.8389081E-18
   92.87675        9.8353396E-18
   93.00355        9.8356035E-18
   93.13034        9.8401414E-18
   93.25713        9.8492445E-18
   93.38393        9.8630088E-18
   93.51072        9.8813184E-18
   93.63751        9.9038310E-18
   93.76431        9.9299616E-18
   93.89110        9.9588890E-18
   94.01789        9.9895683E-18
   94.14468        1.0020754E-17
   94.27148        1.0051039E-17
   94.39827        1.0078905E-17
   94.52506        1.0102782E-17
   94.65186        1.0121119E-17
   94.77865        1.0132463E-17
   94.90544        1.0135537E-17
   95.03223        1.0129324E-17
   95.15903        1.0113138E-17
   95.28582        1.0086692E-17
   95.41261        1.0050155E-17
   95.53941        1.0004187E-17
   95.66620        9.9499612E-18
   95.79299        9.8891626E-18
   95.91978        9.8239617E-18
   96.04657        9.7569609E-18
   96.17336        9.6911190E-18
   96.30016        9.6296454E-18
   96.42695        9.5758721E-18
   96.55374        9.5331101E-18
   96.68053        9.5044889E-18
   96.80733        9.4927925E-18
   96.93412        9.5002918E-18
   97.06091        9.5285954E-18
   97.18771        9.5785025E-18
   97.31450        9.6498915E-18
   97.44129        9.7416300E-18
   97.56808        9.8515317E-18
   97.69488        9.9763557E-18
   97.82167        1.0111848E-17
   97.94846        1.0252849E-17
   98.07526        1.0393440E-17
   98.20205        1.0527149E-17
   98.32884        1.0647198E-17
   98.45564        1.0746785E-17
   98.58243        1.0819405E-17
   98.70922        1.0859170E-17
   98.83601        1.0861142E-17
   98.96281        1.0821647E-17
   99.08960        1.0738561E-17
   99.21639        1.0611554E-17
   99.34319        1.0442268E-17
   99.46998        1.0234426E-17
   99.59677        9.9938547E-18
   99.72356        9.7284058E-18
   99.85035        9.4477856E-18
   99.97714        9.1632744E-18
   100.1039        8.8873567E-18
   100.2307        8.6332601E-18
   100.3575        8.4144170E-18
   100.4843        8.2438764E-18
   100.6111        8.1336777E-18
   100.7379        8.0942162E-18
   100.8647        8.1336330E-18
   100.9915        8.2572502E-18
   101.1183        8.4670795E-18
   101.2451        8.7614507E-18
   101.3719        9.1347640E-18
   101.4987        9.5774048E-18
   101.6255        1.0075836E-17
   101.7522        1.0612865E-17
   101.8790        1.1168105E-17
   102.0058        1.1718627E-17
   102.1326        1.2239752E-17
   102.2594        1.2706015E-17
   102.3862        1.3092230E-17
   102.5130        1.3374622E-17
   102.6398        1.3532006E-17
   102.7666        1.3546927E-17
   102.8934        1.3406746E-17
   103.0202        1.3104579E-17
   103.1470        1.2640068E-17
   103.2738        1.2019927E-17
   103.4006        1.1258203E-17
   103.5273        1.0376250E-17
   103.6541        9.4023618E-18
   103.7809        8.3710959E-18
   103.9077        7.3222441E-18
   104.0345        6.2995168E-18
   104.1613        5.3489473E-18
   104.2881        4.5170762E-18
   104.4149        3.8489806E-18
   104.5417        3.3862138E-18
   104.6685        3.1647494E-18
   104.7953        3.2130164E-18
   104.9221        3.5501132E-18
   105.0489        4.1842997E-18
   105.1756        5.1118443E-18
   105.3024        6.3163065E-18
   105.4292        7.7683104E-18
   105.5560        9.4258612E-18
   105.6828        1.1235215E-17
   105.8096        1.3132311E-17
   105.9364        1.5044739E-17
   106.0632        1.6894198E-17
   106.1900        1.8599369E-17
   106.3168        2.0079101E-17
   106.4436        2.1255819E-17
   106.5704        2.2058993E-17
   106.6972        2.2428541E-17
   106.8240        2.2318024E-17
   106.9507        2.1697469E-17
   107.0775        2.0555693E-17
   107.2043        1.8901995E-17
   107.3311        1.6767100E-17
   107.4579        1.4203298E-17
   107.5847        1.1283679E-17
   107.7115        8.1005003E-18
   107.8383        4.7626516E-18
   107.9651        1.3923084E-18
   108.0919       -1.8791511E-18
   108.2187       -4.9158430E-18
   108.3455       -7.5825165E-18
   108.4723       -9.7499646E-18
   108.5990       -1.1300486E-17
   108.7258       -1.2133190E-17
   108.8526       -1.2168922E-17
   108.9794       -1.1354599E-17
   109.1062       -9.6667420E-18
   109.2330       -7.1140312E-18
   109.3598       -3.7387344E-18
   109.4866        3.8306734E-19
   109.6134        5.1425839E-18
   109.7402        1.0400686E-17
   109.8670        1.5991582E-17
   109.9938        2.1727657E-17
   110.1206        2.7405367E-17
   110.2474        3.2812002E-17
   110.3741        3.7733065E-17
   110.5009        4.1960034E-17
   110.6277        4.5298253E-17
   110.7545        4.7574628E-17
   110.8813        4.8644831E-17
   111.0081        4.8399803E-17
   111.1349        4.6771184E-17
   111.2617        4.3735557E-17
   111.3885        3.9317251E-17
   111.5153        3.3589578E-17
   111.6421        2.6674457E-17
   111.7689        1.8740372E-17
   111.8957        9.9986912E-18
   112.0224        6.9842406E-19
   112.1492       -8.8803621E-18
   112.2760       -1.8434367E-17
   112.4028       -2.7645840E-17
   112.5296       -3.6192080E-17
   112.6564       -4.3755313E-17
   112.7832       -5.0032761E-17
   112.9100       -5.4746469E-17
   113.0368       -5.7652748E-17
   113.1636       -5.8550782E-17
   113.2904       -5.7290410E-17
   113.4172       -5.3778621E-17
   113.5440       -4.7984721E-17
   113.6708       -3.9944012E-17
   113.7975       -2.9759917E-17
   113.9243       -1.7604357E-17
   114.0511       -3.7165283E-18
   114.1779        1.1600011E-17
   114.3047        2.7981909E-17
   114.4315        4.5012191E-17
   114.5583        6.2227970E-17
   114.6851        7.9129652E-17
   114.8119        9.5191382E-17
   114.9387        1.0987288E-16
   115.0655        1.2263228E-16
   115.1923        1.3294002E-16
   115.3191        1.4029355E-16
   115.4458        1.4423266E-16
   115.5726        1.4435511E-16
   115.6994        1.4033271E-16
   115.8262        1.3192668E-16
   115.9530        1.1900284E-16
   116.0798        1.0154556E-16
   116.2066        7.9670139E-17
   116.3334        5.3633187E-17
   116.4602        2.3840121E-17
   116.5870       -9.1505201E-18
   116.7138       -4.4626768E-17
   116.8406       -8.1727529E-17
   116.9674       -1.1945191E-16
   117.0942       -1.5667425E-16
   117.2209       -1.9216503E-16
   117.3477       -2.2461773E-16
   117.4745       -2.5268205E-16
   117.6013       -2.7500235E-16
   117.7281       -2.9026197E-16
   117.8549       -2.9723114E-16
   117.9817       -2.9481855E-16
   118.1085       -2.8212433E-16
   118.2353       -2.5849336E-16
   118.3621       -2.2356617E-16
   118.4889       -1.7732583E-16
   118.6157       -1.2013848E-16
   118.7425       -5.2784694E-17
   118.8692        2.3520285E-17
   118.9960        1.0711954E-16
   119.1228        1.9592305E-16
   119.2496        2.8743330E-16
   119.3764        3.7878848E-16
   119.5032        4.6682458E-16
   119.6300        5.4815557E-16
   119.7568        6.1927082E-16
   119.8836        6.7664846E-16
   120.0104        7.1688131E-16
   120.1372        7.3681321E-16
   120.2640        7.3367966E-16
   120.3908        7.0525043E-16
   120.5176        6.4996629E-16
   120.6443        5.6706616E-16
   120.7711        4.5669730E-16
   120.8979        3.2000309E-16
   121.0247        1.5918281E-16
   121.1515       -2.2481975E-17
   121.2783       -2.2063812E-16
   121.4051       -4.2991390E-16
   121.5319       -6.4401371E-16
   121.6587       -8.5585702E-16
   121.7855       -1.0577600E-15
   121.9123       -1.2416576E-15
   122.0391       -1.3993592E-15
   122.1659       -1.5228356E-15
   122.2927       -1.6045250E-15
   122.4194       -1.6376511E-15
   122.5462       -1.6165416E-15
   122.6730       -1.5369350E-15
   122.7998       -1.3962633E-15
   122.9266       -1.1938983E-15
   123.0534       -9.3134947E-16
   123.1802       -6.1239916E-16
   123.3070       -2.4317014E-16
   123.4338        1.6788929E-16
   123.5606        6.1010439E-16
   123.6874        1.0707622E-15
   123.8142        1.5353905E-15
   123.9410        1.9881227E-15
   124.0677        2.4121449E-15
   124.1945        2.7902121E-15
   124.3213        3.1052262E-15
   124.4481        3.3408513E-15
   124.5749        3.4821569E-15
   124.7017        3.5162601E-15
   124.8285        3.4329481E-15
   124.9553        3.2252552E-15
   125.0821        2.8899707E-15
   125.2089        2.4280570E-15
   125.3357        1.8449479E-15
   125.4625        1.1507186E-15
   125.5893        3.6010385E-16
   125.7161       -5.0764834E-16
   125.8428       -1.4290850E-15
   125.9696       -2.3770328E-15
   126.0964       -3.3212484E-15
   126.2232       -4.2292194E-15
   126.3500       -5.0671137E-15
   126.4768       -5.8008370E-15
   126.6036       -6.3971846E-15
   126.7304       -6.8250472E-15
   126.8572       -7.0566340E-15
   126.9840       -7.0686742E-15
   127.1108       -6.8435557E-15
   127.2376       -6.3703480E-15
   127.3644       -5.6456825E-15
   127.4911       -4.6744335E-15
   127.6179       -3.4701726E-15
   127.7447       -2.0553648E-15
   127.8715       -4.6127053E-16
   127.9983        1.2724486E-15
   128.1251        3.0984376E-15
   128.2519        4.9626691E-15
   128.3787        6.8057573E-15
   128.5055        8.5645577E-15
   128.6323        1.0174002E-14
   128.7591        1.1569121E-14
   128.8859        1.2687240E-14
   129.0127        1.3470225E-14
   129.1395        1.3866764E-14
   129.2663        1.3834571E-14
   129.3930        1.3342467E-14
   129.5198        1.2372224E-14
   129.6466        1.0920127E-14
   129.7734        8.9981665E-15
   129.9002        6.6347854E-15
   130.0270        3.8751524E-15
   130.1538        7.8088677E-16
   130.2806       -2.5707742E-15
   130.4074       -6.0883894E-15
   130.5342       -9.6682949E-15
   130.6610       -1.3197144E-14
   130.7878       -1.6554939E-14
   130.9146       -1.9618518E-14
   131.0414       -2.2265384E-14
   131.1681       -2.4377803E-14
   131.2949       -2.5847034E-14
   131.4217       -2.6577573E-14
   131.5485       -2.6491260E-14
   131.6753       -2.5531133E-14
   131.8021       -2.3664815E-14
   131.9289       -2.0887372E-14
   132.0557       -1.7223454E-14
   132.1825       -1.2728603E-14
   132.3093       -7.4896398E-15
   132.4361       -1.6240446E-15
   132.5629        4.7217254E-15
   132.6897        1.1374998E-14
   132.8164        1.8140708E-14
   132.9432        2.4806236E-14
   133.0700        3.1147173E-14
   133.1968        3.6933876E-14
   133.3236        4.1938644E-14
   133.4504        4.5943372E-14
   133.5772        4.8747356E-14
   133.7040        5.0175094E-14
   133.8308        5.0083798E-14
   133.9576        4.8370294E-14
   134.0844        4.4977104E-14
   134.2112        3.9897427E-14
   134.3380        3.3178758E-14
   134.4648        2.4924949E-14
   134.5915        1.5296575E-14
   134.7183        4.5094094E-15
   134.8451       -7.1690040E-15
   134.9719       -1.9424710E-14
   135.0987       -3.1904597E-14
   135.2255       -4.4225342E-14
   135.3523       -5.5983968E-14
   135.4791       -6.6769669E-14
   135.6059       -7.6176607E-14
   135.7327       -8.3817332E-14
   135.8595       -8.9336389E-14
   135.9863       -9.2423654E-14
   136.1131       -9.2826964E-14
   136.2398       -9.0363630E-14
   136.3666       -8.4930293E-14
   136.4934       -7.6510684E-14
   136.6202       -6.5181171E-14
   136.7470       -5.1113319E-14
   136.8738       -3.4573764E-14
   137.0006       -1.5920909E-14
   137.1274        4.4014483E-15
   137.2542        2.5873587E-14
   137.3810        4.7912144E-14
   137.5078        6.9884962E-14
   137.6346        9.1128324E-14
   137.7614        1.1096566E-13
   137.8882        1.2872777E-13
   138.0149        1.4377343E-13
   138.1417        1.5551004E-13
   138.2685        1.6341350E-13
   138.3953        1.6704678E-13
   138.5221        1.6607646E-13
   138.6489        1.6028663E-13
   138.7757        1.4958970E-13
   138.9025        1.3403371E-13
   139.0293        1.1380582E-13
   139.1561        8.9231702E-14
   139.2829        6.0771016E-14
   139.4097        2.9008734E-14
   139.5365       -5.3571687E-15
   139.6632       -4.1531476E-14
   139.7900       -7.8640490E-14
   139.9168       -1.1575307E-13
   140.0436       -1.5190365E-13
   140.1704       -1.8611608E-13
   140.2972       -2.1742807E-13
   140.4240       -2.4491517E-13
   140.5508       -2.6771369E-13
   140.6776       -2.8504236E-13
   140.8044       -2.9622133E-13
   140.9312       -3.0068913E-13
   141.0580       -2.9801641E-13
   141.1848       -2.8791685E-13
   141.3116       -2.7025474E-13
   141.4383       -2.4504953E-13
   141.5651       -2.1247758E-13
   141.6919       -1.7287117E-13
   141.8187       -1.2671526E-13
   141.9455       -7.4642129E-14
   142.0723       -1.7424621E-14
   142.1991        4.4031941E-14
   142.3259        1.0869875E-13
   142.4527        1.7543322E-13
   142.5795        2.4298963E-13
   142.7063        3.1003002E-13
   142.8331        3.7513631E-13
   142.9599        4.3682343E-13
   143.0867        4.9355387E-13
   143.2134        5.4375449E-13
   143.3402        5.8583585E-13
   143.4670        6.1821484E-13
   143.5938        6.3934123E-13
   143.7206        6.4772829E-13
   143.8474        6.4198831E-13
   143.9742        6.2087298E-13
   144.1010        5.8331839E-13
   144.2278        5.2849408E-13
   144.3546        4.5585589E-13
   144.4814        3.6520071E-13
   144.6082        2.5672197E-13
   144.7350        1.3106350E-13
   144.8617       -1.0630136E-14
   144.9885       -1.6666959E-13
   145.1153       -3.3478716E-13
   145.2421       -5.1211460E-13
   145.3689       -6.9517748E-13
   145.4957       -8.7990726E-13
   145.6225       -1.0616756E-12
   145.7493       -1.2353517E-12
   145.8761       -1.3953852E-12
   146.0029       -1.5359157E-12
   146.1297       -1.6509074E-12
   146.2565       -1.7343081E-12
   146.3833       -1.7802335E-12
   146.5101       -1.7831688E-12
   146.6368       -1.7381863E-12
   146.7636       -1.6411709E-12
   146.8904       -1.4890492E-12
   147.0172       -1.2800131E-12
   147.1440       -1.0137274E-12
   147.2708       -6.9151618E-13
   147.3976       -3.1651523E-13
   147.5244        1.0621643E-13
   147.6512        5.6963630E-13
   147.7780        1.0647157E-12
   147.9048        1.5805027E-12
   148.0316        2.1042554E-12
   148.1584        2.6216468E-12
   148.2851        3.1170453E-12
   148.4119        3.5738660E-12
   148.5387        3.9749892E-12
   148.6655        4.3032401E-12
   148.7923        4.5419198E-12
   148.9191        4.6753695E-12
   149.0459        4.6895608E-12
   149.1727        4.5726873E-12
   149.2995        4.3157409E-12
   149.4263        3.9130556E-12
   149.5531        3.3627896E-12
   149.6799        2.6673340E-12
   149.8067        1.8336205E-12
   149.9335        8.7331509E-13
   150.0602       -1.9712406E-13
   150.1870       -1.3565323E-12
   150.3138       -2.5792827E-12
   150.4406       -3.8356870E-12
   150.5674       -5.0925583E-12
   150.6942       -6.3139268E-12
   150.8210       -7.4619026E-12
   150.9478       -8.4976609E-12
   151.0746       -9.3825338E-12
   151.2014       -1.0079180E-11
   151.3282       -1.0552804E-11
   151.4550       -1.0772392E-11
   151.5818       -1.0711903E-11
   151.7085       -1.0351416E-11
   151.8353       -9.6781619E-12
   151.9621       -8.6874119E-12
   152.0889       -7.3831809E-12
   152.2157       -5.7787239E-12
   152.3425       -3.8967761E-12
   152.4693       -1.7695375E-12
   152.5961        5.6163006E-13
   152.7229        3.0467987E-12
   152.8497        5.6283576E-12
   152.9765        8.2421769E-12
   153.1033        1.0819038E-11
   153.2301        1.3286284E-11
   153.3569        1.5569690E-11
   153.4836        1.7595451E-11
   153.6104        1.9292299E-11
   153.7372        2.0593641E-11
   153.8640        2.1439701E-11
   153.9908        2.1779540E-11
   154.1176        2.1572988E-11
   154.2444        2.0792307E-11
   154.3712        1.9423626E-11
   154.4980        1.7468041E-11
   154.6248        1.4942349E-11
   154.7516        1.1879383E-11
   154.8784        8.3279078E-12
   155.0052        4.3520816E-12
   155.1319        3.0470008E-14
   155.2587       -4.5453780E-12
   155.3855       -9.2727692E-12
   155.5123       -1.4040061E-11
   155.6391       -1.8729207E-11
   155.7659       -2.3218550E-11
   155.8927       -2.7385818E-11
   156.0195       -3.1111242E-11
   156.1463       -3.4280728E-11
   156.2731       -3.6788961E-11
   156.3999       -3.8542402E-11
   156.5267       -3.9462069E-11
   156.6535       -3.9486029E-11
   156.7803       -3.8571524E-11
   156.9070       -3.6696663E-11
   157.0338       -3.3861681E-11
   157.1606       -3.0089618E-11
   157.2874       -2.5426525E-11
   157.4142       -1.9941071E-11
   157.5410       -1.3723612E-11
   157.6678       -6.8847207E-12
   157.7946        4.4677350E-13
   157.9214        8.1262271E-12
   158.0482        1.5996017E-11
   158.1750        2.3888717E-11
   158.3018        3.1630535E-11
   158.4286        3.9044941E-11
   158.5553        4.5956416E-11
   158.6821        5.2194211E-11
   158.8089        5.7596049E-11
   158.9357        6.2011687E-11
   159.0625        6.5306288E-11
   159.1893        6.7363511E-11
   159.3161        6.8088257E-11
   159.4429        6.7409064E-11
   159.5697        6.5280018E-11
   159.6965        6.1682298E-11
   159.8233        5.6625198E-11
   159.9501        5.0146678E-11
   160.0769        4.2313465E-11
   160.2037        3.3220648E-11
