  -4.500000       -1.5573030E-18
  -4.373208       -1.5560554E-18
  -4.246415       -1.5541289E-18
  -4.119622       -1.5519280E-18
  -3.992829       -1.5497123E-18
  -3.866037       -1.5476357E-18
  -3.739244       -1.5457771E-18
  -3.612452       -1.5441715E-18
  -3.485659       -1.5428317E-18
  -3.358866       -1.5417585E-18
  -3.232074       -1.5409428E-18
  -3.105281       -1.5403646E-18
  -2.978488       -1.5399908E-18
  -2.851696       -1.5397756E-18
  -2.724903       -1.5396626E-18
  -2.598110       -1.5395947E-18
  -2.471318       -1.5395203E-18
  -2.344525       -1.5393976E-18
  -2.217732       -1.5391990E-18
  -2.090940       -1.5389110E-18
  -1.964147       -1.5385286E-18
  -1.837354       -1.5380524E-18
  -1.710562       -1.5374844E-18
  -1.583769       -1.5368278E-18
  -1.456976       -1.5360849E-18
  -1.330184       -1.5352598E-18
  -1.203391       -1.5343598E-18
  -1.076598       -1.5333957E-18
 -0.9498057       -1.5323792E-18
 -0.8230131       -1.5313234E-18
 -0.6962205       -1.5302380E-18
 -0.5694278       -1.5291303E-18
 -0.4426351       -1.5280013E-18
 -0.3158425       -1.5268499E-18
 -0.1890498       -1.5256757E-18
 -6.2257171E-02   -1.5244807E-18
  6.4535484E-02   -1.5232711E-18
  0.1913281       -1.5220577E-18
  0.3181208       -1.5208563E-18
  0.4449134       -1.5196825E-18
  0.5717061       -1.5185485E-18
  0.6984987       -1.5174626E-18
  0.8252914       -1.5164271E-18
  0.9520841       -1.5154393E-18
   1.078877       -1.5144936E-18
   1.205669       -1.5135855E-18
   1.332462       -1.5127090E-18
   1.459255       -1.5118605E-18
   1.586047       -1.5110372E-18
   1.712840       -1.5102361E-18
   1.839633       -1.5094526E-18
   1.966425       -1.5086803E-18
   2.093218       -1.5079121E-18
   2.220011       -1.5071412E-18
   2.346803       -1.5063638E-18
   2.473596       -1.5055792E-18
   2.600389       -1.5047926E-18
   2.727181       -1.5040079E-18
   2.853974       -1.5032308E-18
   2.980767       -1.5024642E-18
   3.107559       -1.5017075E-18
   3.234352       -1.5009573E-18
   3.361145       -1.5002098E-18
   3.487937       -1.4994613E-18
   3.614730       -1.4987091E-18
   3.741522       -1.4979542E-18
   3.868315       -1.4972011E-18
   3.995108       -1.4964539E-18
   4.121901       -1.4957154E-18
   4.248693       -1.4949864E-18
   4.375485       -1.4942637E-18
   4.502278       -1.4935416E-18
   4.629071       -1.4928148E-18
   4.755864       -1.4920809E-18
   4.882656       -1.4913372E-18
   5.009449       -1.4905842E-18
   5.136241       -1.4898235E-18
   5.263034       -1.4890534E-18
   5.389827       -1.4882717E-18
   5.516620       -1.4874729E-18
   5.643412       -1.4866510E-18
   5.770205       -1.4857989E-18
   5.896997       -1.4849132E-18
   6.023790       -1.4839939E-18
   6.150583       -1.4830453E-18
   6.277375       -1.4820753E-18
   6.404168       -1.4810912E-18
   6.530961       -1.4801012E-18
   6.657753       -1.4791100E-18
   6.784546       -1.4781213E-18
   6.911339       -1.4771368E-18
   7.038131       -1.4761574E-18
   7.164924       -1.4751867E-18
   7.291717       -1.4742299E-18
   7.418509       -1.4732922E-18
   7.545302       -1.4723787E-18
   7.672095       -1.4714923E-18
   7.798887       -1.4706328E-18
   7.925680       -1.4697953E-18
   8.052472       -1.4689715E-18
   8.179265       -1.4681546E-18
   8.306058       -1.4673396E-18
   8.432851       -1.4665212E-18
   8.559643       -1.4656983E-18
   8.686436       -1.4648703E-18
   8.813229       -1.4640374E-18
   8.940022       -1.4631964E-18
   9.066813       -1.4623442E-18
   9.193606       -1.4614743E-18
   9.320399       -1.4605831E-18
   9.447192       -1.4596684E-18
   9.573984       -1.4587325E-18
   9.700777       -1.4577813E-18
   9.827570       -1.4568229E-18
   9.954362       -1.4558650E-18
   10.08115       -1.4549156E-18
   10.20795       -1.4539793E-18
   10.33474       -1.4530591E-18
   10.46153       -1.4521548E-18
   10.58833       -1.4512677E-18
   10.71512       -1.4504013E-18
   10.84191       -1.4495584E-18
   10.96870       -1.4487455E-18
   11.09550       -1.4479666E-18
   11.22229       -1.4472242E-18
   11.34908       -1.4465176E-18
   11.47587       -1.4458446E-18
   11.60267       -1.4451998E-18
   11.72946       -1.4445775E-18
   11.85625       -1.4439766E-18
   11.98304       -1.4433953E-18
   12.10984       -1.4428343E-18
   12.23663       -1.4422948E-18
   12.36342       -1.4417760E-18
   12.49022       -1.4412764E-18
   12.61701       -1.4407900E-18
   12.74380       -1.4403087E-18
   12.87059       -1.4398253E-18
   12.99739       -1.4393334E-18
   13.12418       -1.4388296E-18
   13.25097       -1.4383133E-18
   13.37776       -1.4377866E-18
   13.50456       -1.4372524E-18
   13.63135       -1.4367123E-18
   13.75814       -1.4361672E-18
   13.88493       -1.4356167E-18
   14.01173       -1.4350598E-18
   14.13852       -1.4344980E-18
   14.26531       -1.4339313E-18
   14.39211       -1.4333651E-18
   14.51890       -1.4328049E-18
   14.64569       -1.4322562E-18
   14.77248       -1.4317208E-18
   14.89928       -1.4311999E-18
   15.02607       -1.4306914E-18
   15.15286       -1.4301933E-18
   15.27965       -1.4297006E-18
   15.40645       -1.4292124E-18
   15.53324       -1.4287286E-18
   15.66003       -1.4282519E-18
   15.78682       -1.4277851E-18
   15.91362       -1.4273296E-18
   16.04041       -1.4268842E-18
   16.16720       -1.4264476E-18
   16.29399       -1.4260143E-18
   16.42079       -1.4255806E-18
   16.54758       -1.4251442E-18
   16.67437       -1.4247037E-18
   16.80116       -1.4242596E-18
   16.92796       -1.4238138E-18
   17.05475       -1.4233675E-18
   17.18154       -1.4229215E-18
   17.30834       -1.4224737E-18
   17.43513       -1.4220222E-18
   17.56192       -1.4215630E-18
   17.68871       -1.4210961E-18
   17.81551       -1.4206225E-18
   17.94230       -1.4201454E-18
   18.06909       -1.4196712E-18
   18.19588       -1.4192040E-18
   18.32268       -1.4187476E-18
   18.44947       -1.4183017E-18
   18.57626       -1.4178637E-18
   18.70305       -1.4174300E-18
   18.82985       -1.4169955E-18
   18.95664       -1.4165565E-18
   19.08343       -1.4161112E-18
   19.21023       -1.4156595E-18
   19.33702       -1.4151999E-18
   19.46381       -1.4147345E-18
   19.59060       -1.4142611E-18
   19.71740       -1.4137772E-18
   19.84419       -1.4132808E-18
   19.97098       -1.4127692E-18
   20.09777       -1.4122425E-18
   20.22457       -1.4117012E-18
   20.35136       -1.4111492E-18
   20.47815       -1.4105903E-18
   20.60494       -1.4100257E-18
   20.73174       -1.4094560E-18
   20.85853       -1.4088809E-18
   20.98532       -1.4082963E-18
   21.11212       -1.4077008E-18
   21.23891       -1.4070919E-18
   21.36570       -1.4064697E-18
   21.49249       -1.4058383E-18
   21.61929       -1.4052020E-18
   21.74608       -1.4045651E-18
   21.87287       -1.4039314E-18
   21.99966       -1.4033029E-18
   22.12646       -1.4026789E-18
   22.25325       -1.4020572E-18
   22.38004       -1.4014364E-18
   22.50683       -1.4008154E-18
   22.63363       -1.4001950E-18
   22.76042       -1.3995773E-18
   22.88721       -1.3989645E-18
   23.01401       -1.3983565E-18
   23.14080       -1.3977527E-18
   23.26759       -1.3971500E-18
   23.39438       -1.3965446E-18
   23.52118       -1.3959329E-18
   23.64797       -1.3953119E-18
   23.77476       -1.3946804E-18
   23.90155       -1.3940385E-18
   24.02835       -1.3933863E-18
   24.15514       -1.3927242E-18
   24.28193       -1.3920510E-18
   24.40872       -1.3913642E-18
   24.53552       -1.3906600E-18
   24.66231       -1.3899378E-18
   24.78910       -1.3891960E-18
   24.91590       -1.3884374E-18
   25.04269       -1.3876657E-18
   25.16948       -1.3868870E-18
   25.29627       -1.3861081E-18
   25.42307       -1.3853334E-18
   25.54986       -1.3845660E-18
   25.67665       -1.3838090E-18
   25.80344       -1.3830619E-18
   25.93024       -1.3823261E-18
   26.05703       -1.3816027E-18
   26.18382       -1.3808926E-18
   26.31061       -1.3801970E-18
   26.43741       -1.3795162E-18
   26.56420       -1.3788501E-18
   26.69099       -1.3781953E-18
   26.81779       -1.3775474E-18
   26.94458       -1.3769018E-18
   27.07137       -1.3762529E-18
   27.19816       -1.3755987E-18
   27.32495       -1.3749393E-18
   27.45175       -1.3742736E-18
   27.57854       -1.3736028E-18
   27.70533       -1.3729296E-18
   27.83213       -1.3722523E-18
   27.95892       -1.3715698E-18
   28.08571       -1.3708786E-18
   28.21250       -1.3701756E-18
   28.33930       -1.3694561E-18
   28.46609       -1.3687183E-18
   28.59288       -1.3679602E-18
   28.71968       -1.3671839E-18
   28.84647       -1.3663887E-18
   28.97326       -1.3655775E-18
   29.10005       -1.3647523E-18
   29.22684       -1.3639146E-18
   29.35364       -1.3630671E-18
   29.48043       -1.3622136E-18
   29.60722       -1.3613583E-18
   29.73402       -1.3605081E-18
   29.86081       -1.3596658E-18
   29.98760       -1.3588359E-18
   30.11439       -1.3580172E-18
   30.24119       -1.3572086E-18
   30.36798       -1.3564055E-18
   30.49477       -1.3556035E-18
   30.62156       -1.3547977E-18
   30.74836       -1.3539861E-18
   30.87515       -1.3531688E-18
   31.00194       -1.3523490E-18
   31.12873       -1.3515306E-18
   31.25553       -1.3507178E-18
   31.38232       -1.3499146E-18
   31.50911       -1.3491244E-18
   31.63591       -1.3483490E-18
   31.76270       -1.3475886E-18
   31.88949       -1.3468423E-18
   32.01628       -1.3461089E-18
   32.14308       -1.3453869E-18
   32.26987       -1.3446740E-18
   32.39666       -1.3439673E-18
   32.52345       -1.3432638E-18
   32.65025       -1.3425598E-18
   32.77704       -1.3418534E-18
   32.90383       -1.3411427E-18
   33.03062       -1.3404270E-18
   33.15742       -1.3397084E-18
   33.28421       -1.3389911E-18
   33.41100       -1.3382788E-18
   33.53780       -1.3375762E-18
   33.66459       -1.3368856E-18
   33.79138       -1.3362065E-18
   33.91817       -1.3355379E-18
   34.04497       -1.3348785E-18
   34.17176       -1.3342234E-18
   34.29855       -1.3335697E-18
   34.42534       -1.3329153E-18
   34.55214       -1.3322604E-18
   34.67893       -1.3316047E-18
   34.80572       -1.3309501E-18
   34.93251       -1.3302974E-18
   35.05931       -1.3296469E-18
   35.18610       -1.3289991E-18
   35.31289       -1.3283540E-18
   35.43969       -1.3277132E-18
   35.56648       -1.3270757E-18
   35.69327       -1.3264435E-18
   35.82006       -1.3258154E-18
   35.94686       -1.3251914E-18
   36.07365       -1.3245720E-18
   36.20044       -1.3239555E-18
   36.32723       -1.3233417E-18
   36.45403       -1.3227316E-18
   36.58082       -1.3221255E-18
   36.70761       -1.3215258E-18
   36.83440       -1.3209332E-18
   36.96120       -1.3203493E-18
   37.08799       -1.3197767E-18
   37.21478       -1.3192146E-18
   37.34158       -1.3186619E-18
   37.46837       -1.3181146E-18
   37.59516       -1.3175662E-18
   37.72195       -1.3170132E-18
   37.84875       -1.3164519E-18
   37.97554       -1.3158791E-18
   38.10233       -1.3152930E-18
   38.22912       -1.3146943E-18
   38.35592       -1.3140839E-18
   38.48271       -1.3134622E-18
   38.60950       -1.3128283E-18
   38.73629       -1.3121825E-18
   38.86309       -1.3115251E-18
   38.98988       -1.3108573E-18
   39.11667       -1.3101793E-18
   39.24347       -1.3094928E-18
   39.37026       -1.3088006E-18
   39.49705       -1.3081063E-18
   39.62384       -1.3074115E-18
   39.75064       -1.3067168E-18
   39.87743       -1.3060226E-18
   40.00422       -1.3053295E-18
   40.13101       -1.3046362E-18
   40.25780       -1.3039440E-18
   40.38460       -1.3032552E-18
   40.51139       -1.3025692E-18
   40.63818       -1.3018873E-18
   40.76498       -1.3012104E-18
   40.89177       -1.3005371E-18
   41.01856       -1.2998669E-18
   41.14536       -1.2991987E-18
   41.27215       -1.2985313E-18
   41.39894       -1.2978646E-18
   41.52573       -1.2971984E-18
   41.65253       -1.2965348E-18
   41.77932       -1.2958743E-18
   41.90611       -1.2952193E-18
   42.03290       -1.2945695E-18
   42.15969       -1.2939235E-18
   42.28649       -1.2932804E-18
   42.41328       -1.2926375E-18
   42.54007       -1.2919938E-18
   42.66687       -1.2913487E-18
   42.79366       -1.2907027E-18
   42.92045       -1.2900585E-18
   43.04725       -1.2894170E-18
   43.17404       -1.2887802E-18
   43.30083       -1.2881481E-18
   43.42762       -1.2875212E-18
   43.55442       -1.2868966E-18
   43.68121       -1.2862731E-18
   43.80800       -1.2856486E-18
   43.93479       -1.2850216E-18
   44.06158       -1.2843935E-18
   44.18838       -1.2837629E-18
   44.31517       -1.2831297E-18
   44.44196       -1.2824944E-18
   44.56876       -1.2818564E-18
   44.69555       -1.2812159E-18
   44.82234       -1.2805745E-18
   44.94913       -1.2799325E-18
   45.07593       -1.2792907E-18
   45.20272       -1.2786505E-18
   45.32951       -1.2780156E-18
   45.45631       -1.2773856E-18
   45.58310       -1.2767609E-18
   45.70989       -1.2761401E-18
   45.83668       -1.2755216E-18
   45.96347       -1.2749024E-18
   46.09027       -1.2742815E-18
   46.21706       -1.2736593E-18
   46.34385       -1.2730388E-18
   46.47065       -1.2724198E-18
   46.59744       -1.2718051E-18
   46.72423       -1.2711947E-18
   46.85102       -1.2705884E-18
   46.97782       -1.2699856E-18
   47.10461       -1.2693858E-18
   47.23140       -1.2687861E-18
   47.35820       -1.2681848E-18
   47.48499       -1.2675799E-18
   47.61178       -1.2669734E-18
   47.73857       -1.2663662E-18
   47.86536       -1.2657601E-18
   47.99216       -1.2651553E-18
   48.11895       -1.2645524E-18
   48.24574       -1.2639513E-18
   48.37254       -1.2633536E-18
   48.49933       -1.2627578E-18
   48.62612       -1.2621659E-18
   48.75291       -1.2615798E-18
   48.87971       -1.2610016E-18
   49.00650       -1.2604317E-18
   49.13329       -1.2598693E-18
   49.26009       -1.2593117E-18
   49.38688       -1.2587577E-18
   49.51367       -1.2582038E-18
   49.64046       -1.2576475E-18
   49.76725       -1.2570884E-18
   49.89405       -1.2565256E-18
   50.02084       -1.2559598E-18
   50.14763       -1.2553919E-18
   50.27443       -1.2548204E-18
   50.40122       -1.2542457E-18
   50.52801       -1.2536647E-18
   50.65480       -1.2530769E-18
   50.78160       -1.2524812E-18
   50.90839       -1.2518797E-18
   51.03518       -1.2512737E-18
   51.16198       -1.2506643E-18
   51.28877       -1.2500554E-18
   51.41556       -1.2494470E-18
   51.54235       -1.2488401E-18
   51.66914       -1.2482335E-18
   51.79594       -1.2476250E-18
   51.92273       -1.2470148E-18
   52.04952       -1.2463985E-18
   52.17632       -1.2457775E-18
   52.30311       -1.2451528E-18
   52.42990       -1.2445251E-18
   52.55669       -1.2438957E-18
   52.68349       -1.2432665E-18
   52.81028       -1.2426387E-18
   52.93707       -1.2420116E-18
   53.06387       -1.2413851E-18
   53.19066       -1.2407604E-18
   53.31745       -1.2401376E-18
   53.44424       -1.2395174E-18
   53.57103       -1.2388998E-18
   53.69783       -1.2382849E-18
   53.82462       -1.2376712E-18
   53.95141       -1.2370571E-18
   54.07821       -1.2364405E-18
   54.20500       -1.2358203E-18
   54.33179       -1.2351950E-18
   54.45858       -1.2345653E-18
   54.58538       -1.2339335E-18
   54.71217       -1.2333013E-18
   54.83896       -1.2326723E-18
   54.96576       -1.2320463E-18
   55.09255       -1.2314246E-18
   55.21934       -1.2308048E-18
   55.34613       -1.2301871E-18
   55.47292       -1.2295719E-18
   55.59972       -1.2289591E-18
   55.72651       -1.2283510E-18
   55.85330       -1.2277500E-18
   55.98009       -1.2271600E-18
   56.10689       -1.2265843E-18
   56.23368       -1.2260245E-18
   56.36047       -1.2254802E-18
   56.48727       -1.2249516E-18
   56.61406       -1.2244365E-18
   56.74085       -1.2239317E-18
   56.86765       -1.2234349E-18
   56.99444       -1.2229430E-18
   57.12123       -1.2224535E-18
   57.24802       -1.2219640E-18
   57.37481       -1.2214703E-18
   57.50161       -1.2209696E-18
   57.62840       -1.2204590E-18
   57.75519       -1.2199382E-18
   57.88198       -1.2194077E-18
   58.00878       -1.2188697E-18
   58.13557       -1.2183263E-18
   58.26236       -1.2177804E-18
   58.38916       -1.2172353E-18
   58.51595       -1.2166917E-18
   58.64274       -1.2161500E-18
   58.76954       -1.2156087E-18
   58.89633       -1.2150661E-18
   59.02312       -1.2145200E-18
   59.14991       -1.2139689E-18
   59.27670       -1.2134123E-18
   59.40350       -1.2128507E-18
   59.53029       -1.2122843E-18
   59.65708       -1.2117138E-18
   59.78387       -1.2111406E-18
   59.91067       -1.2105635E-18
   60.03746       -1.2099829E-18
   60.16425       -1.2093982E-18
   60.29105       -1.2088104E-18
   60.41784       -1.2082191E-18
   60.54463       -1.2076251E-18
   60.67142       -1.2070285E-18
   60.79822       -1.2064280E-18
   60.92501       -1.2058242E-18
   61.05180       -1.2052161E-18
   61.17859       -1.2046024E-18
   61.30539       -1.2039833E-18
   61.43218       -1.2033588E-18
   61.55897       -1.2027315E-18
   61.68576       -1.2021044E-18
   61.81256       -1.2014812E-18
   61.93935       -1.2008651E-18
   62.06614       -1.2002581E-18
   62.19294       -1.1996599E-18
   62.31973       -1.1990705E-18
   62.44652       -1.1984882E-18
   62.57331       -1.1979117E-18
   62.70011       -1.1973376E-18
   62.82690       -1.1967640E-18
   62.95369       -1.1961905E-18
   63.08048       -1.1956174E-18
   63.20728       -1.1950442E-18
   63.33407       -1.1944708E-18
   63.46086       -1.1938955E-18
   63.58765       -1.1933192E-18
   63.71445       -1.1927410E-18
   63.84124       -1.1921613E-18
   63.96803       -1.1915802E-18
   64.09483       -1.1909981E-18
   64.22162       -1.1904151E-18
   64.34841       -1.1898317E-18
   64.47520       -1.1892485E-18
   64.60200       -1.1886640E-18
   64.72879       -1.1880789E-18
   64.85558       -1.1874931E-18
   64.98238       -1.1869083E-18
   65.10917       -1.1863264E-18
   65.23596       -1.1857510E-18
   65.36275       -1.1851844E-18
   65.48955       -1.1846287E-18
   65.61633       -1.1840846E-18
   65.74313       -1.1835516E-18
   65.86992       -1.1830284E-18
   65.99671       -1.1825139E-18
   66.12350       -1.1820068E-18
   66.25030       -1.1815052E-18
   66.37709       -1.1810082E-18
   66.50388       -1.1805152E-18
   66.63068       -1.1800240E-18
   66.75747       -1.1795341E-18
   66.88426       -1.1790440E-18
   67.01105       -1.1785512E-18
   67.13785       -1.1780546E-18
   67.26464       -1.1775507E-18
   67.39143       -1.1770386E-18
   67.51823       -1.1765185E-18
   67.64502       -1.1759903E-18
   67.77181       -1.1754563E-18
   67.89861       -1.1749163E-18
   68.02540       -1.1743714E-18
   68.15219       -1.1738226E-18
   68.27898       -1.1732697E-18
   68.40578       -1.1727129E-18
   68.53257       -1.1721518E-18
   68.65936       -1.1715873E-18
   68.78616       -1.1710204E-18
   68.91295       -1.1704500E-18
   69.03974       -1.1698759E-18
   69.16653       -1.1692986E-18
   69.29333       -1.1687186E-18
   69.42011       -1.1681356E-18
   69.54691       -1.1675516E-18
   69.67370       -1.1669673E-18
   69.80049       -1.1663858E-18
   69.92728       -1.1658087E-18
   70.05408       -1.1652377E-18
   70.18087       -1.1646741E-18
   70.30766       -1.1641182E-18
   70.43446       -1.1635686E-18
   70.56125       -1.1630243E-18
   70.68804       -1.1624822E-18
   70.81483       -1.1619396E-18
   70.94163       -1.1613948E-18
   71.06842       -1.1608453E-18
   71.19521       -1.1602903E-18
   71.32201       -1.1597285E-18
   71.44880       -1.1591614E-18
   71.57559       -1.1585894E-18
   71.70238       -1.1580143E-18
   71.82918       -1.1574373E-18
   71.95597       -1.1568599E-18
   72.08276       -1.1562828E-18
   72.20956       -1.1557072E-18
   72.33635       -1.1551343E-18
   72.46314       -1.1545634E-18
   72.58994       -1.1539943E-18
   72.71673       -1.1534252E-18
   72.84352       -1.1528548E-18
   72.97031       -1.1522825E-18
   73.09711       -1.1517078E-18
   73.22389       -1.1511326E-18
   73.35069       -1.1505556E-18
   73.47748       -1.1499798E-18
   73.60427       -1.1494079E-18
   73.73106       -1.1488414E-18
   73.85786       -1.1482828E-18
   73.98465       -1.1477343E-18
   74.11144       -1.1471953E-18
   74.23824       -1.1466657E-18
   74.36503       -1.1461448E-18
   74.49182       -1.1456304E-18
   74.61861       -1.1451206E-18
   74.74541       -1.1446128E-18
   74.87220       -1.1441043E-18
   74.99899       -1.1435939E-18
   75.12579       -1.1430791E-18
   75.25258       -1.1425586E-18
   75.37937       -1.1420321E-18
   75.50616       -1.1414993E-18
   75.63296       -1.1409634E-18
   75.75975       -1.1404243E-18
   75.88654       -1.1398850E-18
   76.01334       -1.1393454E-18
   76.14013       -1.1388084E-18
   76.26692       -1.1382754E-18
   76.39371       -1.1377455E-18
   76.52051       -1.1372185E-18
   76.64730       -1.1366934E-18
   76.77409       -1.1361687E-18
   76.90089       -1.1356445E-18
   77.02767       -1.1351198E-18
   77.15446       -1.1345955E-18
   77.28126       -1.1340710E-18
   77.40805       -1.1335485E-18
   77.53484       -1.1330291E-18
   77.66164       -1.1325158E-18
   77.78843       -1.1320080E-18
   77.91522       -1.1315055E-18
   78.04202       -1.1310082E-18
   78.16881       -1.1305126E-18
   78.29560       -1.1300164E-18
   78.42239       -1.1295172E-18
   78.54919       -1.1290128E-18
   78.67598       -1.1285010E-18
   78.80277       -1.1279816E-18
   78.92957       -1.1274526E-18
   79.05636       -1.1269162E-18
   79.18315       -1.1263734E-18
   79.30994       -1.1258266E-18
   79.43674       -1.1252770E-18
   79.56353       -1.1247273E-18
   79.69032       -1.1241783E-18
   79.81712       -1.1236324E-18
   79.94391       -1.1230876E-18
   80.07070       -1.1225459E-18
   80.19749       -1.1220057E-18
   80.32429       -1.1214659E-18
   80.45108       -1.1209261E-18
   80.57787       -1.1203850E-18
   80.70466       -1.1198412E-18
   80.83145       -1.1192960E-18
   80.95824       -1.1187504E-18
   81.08504       -1.1182063E-18
   81.21183       -1.1176645E-18
   81.33862       -1.1171268E-18
   81.46542       -1.1165943E-18
   81.59221       -1.1160661E-18
   81.71900       -1.1155423E-18
   81.84579       -1.1150211E-18
   81.97259       -1.1145024E-18
   82.09938       -1.1139851E-18
   82.22617       -1.1134685E-18
   82.35297       -1.1129515E-18
   82.47976       -1.1124316E-18
   82.60655       -1.1119068E-18
   82.73335       -1.1113762E-18
   82.86014       -1.1108368E-18
   82.98693       -1.1102875E-18
   83.11372       -1.1097281E-18
   83.24052       -1.1091573E-18
   83.36731       -1.1085757E-18
   83.49410       -1.1079840E-18
   83.62090       -1.1073841E-18
   83.74769       -1.1067771E-18
   83.87448       -1.1061660E-18
   84.00127       -1.1055526E-18
   84.12807       -1.1049400E-18
   84.25486       -1.1043307E-18
   84.38165       -1.1037280E-18
   84.50844       -1.1031370E-18
   84.63523       -1.1025621E-18
   84.76202       -1.1020097E-18
   84.88882       -1.1014824E-18
   85.01561       -1.1009861E-18
   85.14240       -1.1005223E-18
   85.26920       -1.1000951E-18
   85.39599       -1.0997068E-18
   85.52278       -1.0993577E-18
   85.64957       -1.0990484E-18
   85.77637       -1.0987764E-18
   85.90316       -1.0985362E-18
   86.02995       -1.0983203E-18
   86.15675       -1.0981157E-18
   86.28354       -1.0979073E-18
   86.41033       -1.0976751E-18
   86.53712       -1.0974011E-18
   86.66392       -1.0970627E-18
   86.79071       -1.0966420E-18
   86.91750       -1.0961212E-18
   87.04430       -1.0954845E-18
   87.17109       -1.0947212E-18
   87.29788       -1.0938244E-18
   87.42467       -1.0927917E-18
   87.55147       -1.0916303E-18
   87.67826       -1.0903536E-18
   87.80505       -1.0889830E-18
   87.93185       -1.0875477E-18
   88.05864       -1.0860858E-18
   88.18543       -1.0846419E-18
   88.31222       -1.0832661E-18
   88.43901       -1.0820111E-18
   88.56580       -1.0809307E-18
   88.69260       -1.0800768E-18
   88.81939       -1.0794985E-18
   88.94618       -1.0792371E-18
   89.07298       -1.0793237E-18
   89.19977       -1.0797767E-18
   89.32656       -1.0805992E-18
   89.45335       -1.0817741E-18
   89.58015       -1.0832632E-18
   89.70694       -1.0850081E-18
   89.83373       -1.0869289E-18
   89.96053       -1.0889278E-18
   90.08732       -1.0908883E-18
   90.21411       -1.0926843E-18
   90.34090       -1.0941801E-18
   90.46770       -1.0952363E-18
   90.59449       -1.0957212E-18
   90.72128       -1.0955117E-18
   90.84808       -1.0945046E-18
   90.97487       -1.0926218E-18
   91.10166       -1.0898167E-18
   91.22845       -1.0860832E-18
   91.35525       -1.0814631E-18
   91.48204       -1.0760463E-18
   91.60883       -1.0699735E-18
   91.73563       -1.0634373E-18
   91.86242       -1.0566746E-18
   91.98921       -1.0499635E-18
   92.11600       -1.0436140E-18
   92.24279       -1.0379561E-18
   92.36958       -1.0333260E-18
   92.49638       -1.0300510E-18
   92.62317       -1.0284300E-18
   92.74996       -1.0287199E-18
   92.87675       -1.0311136E-18
   93.00355       -1.0357244E-18
   93.13034       -1.0425691E-18
   93.25713       -1.0515574E-18
   93.38393       -1.0624859E-18
   93.51072       -1.0750314E-18
   93.63751       -1.0887568E-18
   93.76431       -1.1031164E-18
   93.89110       -1.1174730E-18
   94.01789       -1.1311157E-18
   94.14468       -1.1432845E-18
   94.27148       -1.1532041E-18
   94.39827       -1.1601164E-18
   94.52506       -1.1633226E-18
   94.65186       -1.1622222E-18
   94.77865       -1.1563512E-18
   94.90544       -1.1454234E-18
   95.03223       -1.1293622E-18
   95.15903       -1.1083276E-18
   95.28582       -1.0827369E-18
   95.41261       -1.0532682E-18
   95.53941       -1.0208607E-18
   95.66620       -9.8669505E-19
   95.79299       -9.5216688E-19
   95.91978       -9.1884163E-19
   96.04657       -8.8839746E-19
   96.17336       -8.6255908E-19
   96.30016       -8.4301848E-19
   96.42695       -8.3135059E-19
   96.55374       -8.2892436E-19
   96.68053       -8.3681954E-19
   96.80733       -8.5573907E-19
   96.93412       -8.8594239E-19
   97.06091       -9.2718096E-19
   97.18771       -9.7866365E-19
   97.31450       -1.0390334E-18
   97.44129       -1.1063775E-18
   97.56808       -1.1782575E-18
   97.69488       -1.2517712E-18
   97.82167       -1.3236410E-18
   97.94846       -1.3903304E-18
   98.07526       -1.4481867E-18
   98.20205       -1.4935967E-18
   98.32884       -1.5231663E-18
   98.45564       -1.5338973E-18
   98.58243       -1.5233719E-18
   98.70922       -1.4899189E-18
   98.83601       -1.4327714E-18
   98.96281       -1.3521883E-18
   99.08960       -1.2495466E-18
   99.21639       -1.1273865E-18
   99.34319       -9.8940562E-19
   99.46998       -8.4040010E-19
   99.59677       -6.8614523E-19
   99.72356       -5.3322446E-19
   99.85035       -3.8879707E-19
   99.97714       -2.6031932E-19
   100.1039       -1.5522513E-19
   100.2307       -8.0573699E-20
   100.3575       -4.2687092E-20
   100.4843       -4.6785607E-20
   100.6111       -9.6639957E-20
   100.7379       -1.9425962E-19
   100.8647       -3.3963312E-19
   100.9915       -5.3053824E-19
   101.1183       -7.6244261E-19
   101.2451       -1.0284953E-18
   101.3719       -1.3196297E-18
   101.4987       -1.6247845E-18
   101.6255       -1.9312271E-18
   101.7522       -2.2249957E-18
   101.8790       -2.4914322E-18
   102.0058       -2.7157998E-18
   102.1326       -2.8839607E-18
   102.2594       -2.9830850E-18
   102.3862       -3.0023637E-18
   102.5130       -2.9336901E-18
   102.6398       -2.7722826E-18
   102.7666       -2.5172032E-18
   102.8934       -2.1717428E-18
   103.0202       -1.7436483E-18
   103.1470       -1.2451626E-18
   103.2738       -6.9285522E-19
   103.4006       -1.0723860E-19
   103.5273        4.8783152E-19
   103.6541        1.0659659E-18
   103.7809        1.5992387E-18
   103.9077        2.0593470E-18
   104.0345        2.4188765E-18
   104.1613        2.6526578E-18
   104.2881        2.7391118E-18
   104.4149        2.6615614E-18
   104.5417        2.4094235E-18
   104.6685        1.9792246E-18
   104.7953        1.3753693E-18
   104.9221        6.1061480E-19
   105.0489       -2.9380592E-19
   105.1756       -1.3084359E-18
   105.3024       -2.3962572E-18
   105.4292       -3.5137516E-18
   105.5560       -4.6123521E-18
   105.6828       -5.6402559E-18
   105.8096       -6.5445355E-18
   105.9364       -7.2734777E-18
   106.0632       -7.7790571E-18
   106.1900       -8.0194590E-18
   106.3168       -7.9615067E-18
   106.4436       -7.5829094E-18
   106.5704       -6.8741803E-18
   106.6972       -5.8401292E-18
   106.8240       -4.5008225E-18
   106.9507       -2.8919119E-18
   107.0775       -1.0642727E-18
   107.2043        9.1707374E-19
   107.3311        2.9747915E-18
   107.4579        5.0217618E-18
   107.5847        6.9642718E-18
   107.7115        8.7057641E-18
   107.8383        1.0151015E-17
   107.9651        1.1210579E-17
   108.0919        1.1805322E-17
   108.2187        1.1870851E-17
   108.3455        1.1361591E-17
   108.4723        1.0254369E-17
   108.5990        8.5512004E-18
   108.7258        6.2811807E-18
   108.8526        3.5012673E-18
   108.9794        2.9586555E-19
   109.1062       -3.2248732E-18
   109.2330       -6.9280624E-18
   109.3598       -1.0662337E-17
   109.4866       -1.4263275E-17
   109.6134       -1.7559835E-17
   109.7402       -2.0381543E-17
   109.8670       -2.2566218E-17
   109.9938       -2.3967879E-17
   110.1206       -2.4464504E-17
   110.2474       -2.3965279E-17
   110.3741       -2.2416942E-17
   110.5009       -1.9808919E-17
   110.6277       -1.6176872E-17
   110.7545       -1.1604448E-17
   110.8813       -6.2229732E-18
   111.0081       -2.0898430E-19
   111.1349        6.2204532E-18
   111.2617        1.2814575E-17
   111.3885        1.9297690E-17
   111.5153        2.5379704E-17
   111.6421        3.0768019E-17
   111.7689        3.5180299E-17
   111.8957        3.8357649E-17
   112.0224        4.0077622E-17
   112.1492        4.0166418E-17
   112.2760        3.8509728E-17
   112.4028        3.5061592E-17
   112.5296        2.9850808E-17
   112.6564        2.2984366E-17
   112.7832        1.4647655E-17
   112.9100        5.1011484E-18
   113.0368       -5.3264360E-18
   113.1636       -1.6248377E-17
   113.2904       -2.7233453E-17
   113.4172       -3.7822162E-17
   113.5440       -4.7545164E-17
   113.6708       -5.5943112E-17
   113.7975       -6.2587284E-17
   113.9243       -6.7099932E-17
   114.0511       -6.9173422E-17
   114.1779       -6.8587375E-17
   114.3047       -6.5222755E-17
   114.4315       -5.9072203E-17
   114.5583       -5.0245981E-17
   114.6851       -3.8972856E-17
   114.8119       -2.5595900E-17
   114.9387       -1.0562921E-17
   115.0655        5.5882734E-18
   115.1923        2.2249157E-17
   115.3191        3.8763924E-17
   115.4458        5.4455963E-17
   115.5726        6.8656421E-17
   115.6994        8.0733622E-17
   115.8262        9.0121923E-17
   115.9530        9.6348694E-17
   116.0798        9.9058247E-17
   116.2066        9.8031087E-17
   116.3334        9.3197851E-17
   116.4602        8.4646696E-17
   116.5870        7.2623817E-17
   116.7138        5.7526600E-17
   116.8406        3.9889660E-17
   116.9674        2.0363936E-17
   117.0942       -3.1007258E-19
   117.2209       -2.1333996E-17
   117.3477       -4.1886954E-17
   117.4745       -6.1162654E-17
   117.6013       -7.8406637E-17
   117.7281       -9.2951768E-17
   117.8549       -1.0425010E-16
   117.9817       -1.1189923E-16
   118.1085       -1.1566204E-16
   118.2353       -1.1547805E-16
   118.3621       -1.1146568E-16
   118.4889       -1.0391535E-16
   118.6157       -9.3273197E-17
   118.7425       -8.0115725E-17
   118.8692       -6.5117094E-17
   118.9960       -4.9010206E-17
   119.1228       -3.2543651E-17
   119.2496       -1.6436792E-17
   119.3764       -1.3357688E-18
   119.5032        1.2226983E-17
   119.6300        2.3867522E-17
   119.7568        3.3376556E-17
   119.8836        4.0734936E-17
   120.0104        4.6117394E-17
   120.1372        4.9883021E-17
   120.2640        5.2552144E-17
   120.3908        5.4770540E-17
   120.5176        5.7262035E-17
   120.6443        6.0771266E-17
   120.7711        6.6000033E-17
   120.8979        7.3540161E-17
   121.0247        8.3806902E-17
   121.1515        9.6977530E-17
   121.2783        1.1293891E-16
   121.4051        1.3124850E-16
   121.5319        1.5111315E-16
   121.6587        1.7138780E-16
   121.7855        1.9059742E-16
   121.9123        2.0698308E-16
   122.0391        2.1857215E-16
   122.1659        2.2327185E-16
   122.2927        2.1898216E-16
   122.4194        2.0372565E-16
   122.5462        1.7578751E-16
   122.6730        1.3385942E-16
   122.7998        7.7180616E-17
   122.9266        5.6662269E-18
   123.0534       -7.9983051E-17
   123.1802       -1.7820067E-16
   123.3070       -2.8650842E-16
   123.4338       -4.0151318E-16
   123.5606       -5.1895141E-16
   123.6874       -6.3378409E-16
   123.8142       -7.4034105E-16
   123.9410       -8.3251761E-16
   124.0677       -9.0401381E-16
   124.1945       -9.4861369E-16
   124.3213       -9.6049365E-16
   124.4481       -9.3454596E-16
   124.5749       -8.6670825E-16
   124.7017       -7.5427908E-16
   124.8285       -5.9620505E-16
   124.9553       -3.9332388E-16
   125.0821       -1.4854554E-16
   125.2089        1.3304200E-16
   125.3357        4.4415348E-16
   125.4625        7.7538682E-16
   125.5893        1.1154051E-15
   125.7161        1.4512259E-15
   125.8428        1.7686087E-15
   125.9696        2.0525412E-15
   126.0964        2.2878040E-15
   126.2232        2.4595990E-15
   126.3500        2.5542217E-15
   126.4768        2.5597461E-15
   126.6036        2.4666993E-15
   126.7304        2.2686930E-15
   126.8572        1.9629792E-15
   126.9840        1.5509023E-15
   127.1108        1.0382193E-15
   127.2376        4.3526027E-16
   127.3644       -2.4308443E-16
   127.4911       -9.7757004E-16
   127.6179       -1.7450023E-15
   127.7447       -2.5188327E-15
   127.8715       -3.2699461E-15
   127.9983       -3.9676116E-15
   128.1251       -4.5805755E-15
   128.2519       -5.0782581E-15
   128.3787       -5.4320155E-15
   128.5055       -5.6164222E-15
   128.6323       -5.6105125E-15
   128.7591       -5.3989346E-15
   128.8859       -4.9729762E-15
   129.0127       -4.3313826E-15
   129.1395       -3.4809435E-15
   129.2663       -2.4368077E-15
   129.3930       -1.2224846E-15
   129.5198        1.3047872E-16
   129.6466        1.5831479E-15
   129.7734        3.0901892E-15
   129.9002        4.6011656E-15
   130.0270        6.0620979E-15
   130.1538        7.4172668E-15
   130.2806        8.6111826E-15
   130.4074        9.5906559E-15
   130.5342        1.0306899E-14
   130.6610        1.0717585E-14
   130.7878        1.0788754E-14
   130.9146        1.0496535E-14
   131.0414        9.8285366E-15
   131.1681        8.7849209E-15
   131.2949        7.3790385E-15
   131.4217        5.6376065E-15
   131.5485        3.6004152E-15
   131.6753        1.3195315E-15
   131.8021       -1.1419849E-15
   131.9289       -3.7118098E-15
   132.0557       -6.3104857E-15
   132.1825       -8.8539083E-15
   132.3093       -1.1256045E-14
   132.4361       -1.3431825E-14
   132.5629       -1.5300112E-14
   132.6897       -1.6786587E-14
   132.8164       -1.7826513E-14
   132.9432       -1.8367210E-14
   133.0700       -1.8370169E-14
   133.1968       -1.7812744E-14
   133.3236       -1.6689300E-14
   133.4504       -1.5011796E-14
   133.5772       -1.2809799E-14
   133.7040       -1.0129848E-14
   133.8308       -7.0342889E-15
   133.9576       -3.5995220E-15
   134.0844        8.6230158E-17
   134.2112        3.9255246E-15
   134.3380        7.8146387E-15
   134.4648        1.1646673E-14
   134.5915        1.5314750E-14
   134.7183        1.8715164E-14
   134.8451        2.1750375E-14
   134.9719        2.4331745E-14
   135.0987        2.6381925E-14
   135.2255        2.7836774E-14
   135.3523        2.8646847E-14
   135.4791        2.8778307E-14
   135.6059        2.8213363E-14
   135.7327        2.6950162E-14
   135.8595        2.5002265E-14
   135.9863        2.2397669E-14
   136.1131        1.9177548E-14
   136.2398        1.5394720E-14
   136.3666        1.1112068E-14
   136.4934        6.4008471E-15
   136.6202        1.3391166E-15
   136.7470       -3.9897306E-15
   136.8738       -9.4981328E-15
   137.0006       -1.5095332E-14
   137.1274       -2.0687958E-14
   137.2542       -2.6180467E-14
   137.3810       -3.1475185E-14
   137.5078       -3.6472205E-14
   137.6346       -4.1069324E-14
   137.7614       -4.5161723E-14
   137.8882       -4.8642087E-14
   138.0149       -5.1400798E-14
   138.1417       -5.3326613E-14
   138.2685       -5.4307893E-14
   138.3953       -5.4234486E-14
   138.5221       -5.3000336E-14
   138.6489       -5.0506837E-14
   138.7757       -4.6666931E-14
   138.9025       -4.1410045E-14
   139.0293       -3.4687490E-14
   139.1561       -2.6478355E-14
   139.2829       -1.6795628E-14
   139.4097       -5.6922541E-15
   139.5365        6.7332144E-15
   139.6632        2.0331584E-14
   139.7900        3.4899204E-14
   139.9168        5.0175362E-14
   140.0436        6.5841762E-14
   140.1704        8.1523919E-14
   140.2972        9.6795049E-14
   140.4240        1.1118247E-13
   140.5508        1.2417675E-13
   140.6776        1.3524369E-13
   140.8044        1.4383865E-13
   140.9312        1.4942360E-13
   141.0580        1.5148587E-13
   141.1848        1.4955871E-13
   141.3116        1.4324283E-13
   141.4383        1.3222785E-13
   141.5651        1.1631357E-13
   141.6919        9.5429835E-14
   141.8187        6.9653735E-14
   141.9455        3.9224049E-14
   142.0723        4.5515366E-15
   142.1991       -3.3775811E-14
   142.3259       -7.4992773E-14
   142.4527       -1.1816329E-13
   142.5795       -1.6219313E-13
   142.7063       -2.0584932E-13
   142.8331       -2.4778633E-13
   142.9599       -2.8657832E-13
   143.0867       -3.2075769E-13
   143.2134       -3.4885793E-13
   143.3402       -3.6946113E-13
   143.4670       -3.8124801E-13
   143.5938       -3.8304901E-13
   143.7206       -3.7389533E-13
   143.8474       -3.5306727E-13
   143.9742       -3.2013934E-13
   144.1010       -2.7501924E-13
   144.2278       -2.1797901E-13
   144.3546       -1.4967765E-13
   144.4814       -7.1172811E-14
   144.6082        1.6079487E-14
   144.7350        1.1023758E-13
   144.8617        2.0910007E-13
   144.9885        3.1014538E-13
   145.1153        4.1058422E-13
   145.2421        5.0742424E-13
   145.3689        5.9754605E-13
   145.4957        6.7778845E-13
   145.6225        7.4504151E-13
   145.7493        7.9634433E-13
   145.8761        8.2898526E-13
   146.0029        8.4060200E-13
   146.1297        8.2927659E-13
   146.2565        7.9362396E-13
   146.3833        7.3287123E-13
   146.5101        6.4692240E-13
   146.6368        5.3640799E-13
   146.7636        4.0271446E-13
   146.8904        2.4799531E-13
   147.0172        7.5158162E-14
   147.1440       -1.1217020E-13
   147.2708       -3.0970335E-13
   147.3976       -5.1257593E-13
   147.5244       -7.1544848E-13
   147.6512       -9.1263141E-13
   147.7780       -1.0982257E-12
   147.9048       -1.2662797E-12
   148.0316       -1.4109564E-12
   148.1584       -1.5267045E-12
   148.2851       -1.6084351E-12
   148.4119       -1.6516931E-12
   148.5387       -1.6528196E-12
   148.6655       -1.6091021E-12
   148.7923       -1.5189065E-12
   148.9191       -1.3817842E-12
   149.0459       -1.1985537E-12
   149.1727       -9.7134876E-13
   149.2995       -7.0363480E-13
   149.4263       -4.0018764E-13
   149.5531       -6.7035617E-14
   149.6799        2.8863760E-13
   149.8067        6.5862398E-13
   149.9335        1.0338594E-12
   150.0602        1.4046262E-12
   150.1870        1.7607759E-12
   150.3138        2.0919870E-12
   150.4406        2.3880290E-12
   150.5674        2.6390428E-12
   150.6942        2.8358273E-12
   150.8210        2.9701142E-12
   150.9478        3.0348387E-12
   151.0746        3.0243911E-12
   151.2014        2.9348353E-12
   151.3282        2.7640997E-12
   151.4550        2.5121281E-12
   151.5818        2.1809776E-12
   151.7085        1.7748721E-12
   151.8353        1.3002015E-12
   151.9621        7.6546039E-13
   152.0889        1.8113217E-13
   152.2157       -4.4048727E-13
   152.3425       -1.0855161E-12
   152.4693       -1.7387689E-12
   152.5961       -2.3840799E-12
   152.7229       -3.0046716E-12
   152.8497       -3.5835516E-12
   152.9765       -4.1039372E-12
   153.1033       -4.5496853E-12
   153.2301       -4.9057325E-12
   153.3569       -5.1585233E-12
   153.4836       -5.2964252E-12
   153.6104       -5.3100965E-12
   153.7372       -5.1928370E-12
   153.8640       -4.9408685E-12
   153.9908       -4.5535589E-12
   154.1176       -4.0335881E-12
   154.2444       -3.3870274E-12
   154.3712       -2.6233429E-12
   154.4980       -1.7553176E-12
   154.6248       -7.9888656E-13
   154.7516        2.2710356E-13
   154.8784        1.3012263E-12
   155.0052        2.3998746E-12
   155.1319        3.4977383E-12
   155.2587        4.5683232E-12
   155.3855        5.5845441E-12
   155.5123        6.5193319E-12
   155.6391        7.3462859E-12
   155.7659        8.0403184E-12
   155.8927        8.5783108E-12
   156.0195        8.9397370E-12
   156.1463        9.1072592E-12
   156.2731        9.0672721E-12
   156.3999        8.8103873E-12
   156.5267        8.3318335E-12
   156.6535        7.6317832E-12
   156.7803        6.7155496E-12
   156.9070        5.5937061E-12
   157.0338        4.2820877E-12
   157.1606        2.8016547E-12
   157.2874        1.1782618E-12
   157.4142       -5.5770872E-13
   157.5410       -2.3718219E-12
   157.6678       -4.2261780E-12
   157.7946       -6.0801013E-12
   157.9214       -7.8909136E-12
   158.0482       -9.6148116E-12
   158.1750       -1.1207766E-11
   158.3018       -1.2626490E-11
   158.4286       -1.3829451E-11
   158.5553       -1.4777859E-11
   158.6821       -1.5436668E-11
   158.8089       -1.5775516E-11
   158.9357       -1.5769658E-11
   159.0625       -1.5400767E-11
   159.1893       -1.4657690E-11
   159.3161       -1.3537054E-11
   159.4429       -1.2043753E-11
   159.5697       -1.0191272E-11
   159.6965       -8.0018769E-12
   159.8233       -5.5065778E-12
   159.9501       -2.7449594E-12
   160.0769        2.3524851E-13
   160.2037        3.3787220E-12
