GRFO     MXN        49.6909   11.2203  384.0  116.0    0.0    0.0       1.0000     165 2008 006 05 14 23.700
GRFO     MXE        49.6909   11.2203  384.0  116.0   90.0    0.0       1.0000     165 2008 006 05 14 23.700
GRFO     MXZ        49.6909   11.2203  384.0  116.0    0.0  -90.0       1.0000     165 2008 006 05 14 23.700
BEKI     MXN        41.3150   34.2630 1415.0    0.0    0.0    0.0       1.0000     165 2008 006 05 14 23.700
BEKI     MXE        41.3150   34.2630 1415.0    0.0   90.0    0.0       1.0000     165 2008 006 05 14 23.700
BEKI     MXZ        41.3150   34.2630 1415.0    0.0    0.0  -90.0       1.0000     165 2008 006 05 14 23.700
BGIO     MXN        31.7220   35.0878  752.0  100.0    0.0    0.0       1.0000     165 2008 006 05 14 23.700
BGIO     MXE        31.7220   35.0878  752.0  100.0   90.0    0.0       1.0000     165 2008 006 05 14 23.700
BGIO     MXZ        31.7220   35.0878  752.0  100.0    0.0  -90.0       1.0000     165 2008 006 05 14 23.700
LIT      MXN        40.1008   22.4900  480.0    0.0    0.0    0.0       1.0000     165 2008 006 05 14 23.700
LIT      MXE        40.1008   22.4900  480.0    0.0   90.0    0.0       1.0000     165 2008 006 05 14 23.700
LIT      MXZ        40.1008   22.4900  480.0    0.0    0.0  -90.0       1.0000     165 2008 006 05 14 23.700
ZKR      MXN        35.1147   26.2170  270.0    0.0    0.0    0.0       1.0000     165 2008 006 05 14 23.700
ZKR      MXE        35.1147   26.2170  270.0    0.0   90.0    0.0       1.0000     165 2008 006 05 14 23.700
ZKR      MXZ        35.1147   26.2170  270.0    0.0    0.0  -90.0       1.0000     165 2008 006 05 14 23.700
S001     MXN        37.2830   21.7180  156.0    0.0    0.0    0.0       1.0000     165 2008 006 05 14 23.700
S001     MXE        37.2830   21.7180  156.0    0.0   90.0    0.0       1.0000     165 2008 006 05 14 23.700
S001     MXZ        37.2830   21.7180  156.0    0.0    0.0  -90.0       1.0000     165 2008 006 05 14 23.700
