  -4.500000        1.0897116E-17
  -4.373208        1.0897114E-17
  -4.246415        1.0897113E-17
  -4.119622        1.0897109E-17
  -3.992829        1.0897108E-17
  -3.866037        1.0897106E-17
  -3.739244        1.0897105E-17
  -3.612452        1.0897105E-17
  -3.485659        1.0897106E-17
  -3.358866        1.0897107E-17
  -3.232074        1.0897107E-17
  -3.105281        1.0897108E-17
  -2.978488        1.0897109E-17
  -2.851696        1.0897109E-17
  -2.724903        1.0897109E-17
  -2.598110        1.0897109E-17
  -2.471318        1.0897108E-17
  -2.344525        1.0897107E-17
  -2.217732        1.0897105E-17
  -2.090940        1.0897104E-17
  -1.964147        1.0897104E-17
  -1.837354        1.0897105E-17
  -1.710562        1.0897107E-17
  -1.583769        1.0897110E-17
  -1.456976        1.0897114E-17
  -1.330184        1.0897119E-17
  -1.203391        1.0897125E-17
  -1.076598        1.0897131E-17
 -0.9498057        1.0897137E-17
 -0.8230131        1.0897143E-17
 -0.6962205        1.0897148E-17
 -0.5694278        1.0897153E-17
 -0.4426351        1.0897157E-17
 -0.3158425        1.0897162E-17
 -0.1890498        1.0897166E-17
 -6.2257171E-02    1.0897171E-17
  6.4535484E-02    1.0897176E-17
  0.1913281        1.0897181E-17
  0.3181208        1.0897188E-17
  0.4449134        1.0897195E-17
  0.5717061        1.0897204E-17
  0.6984987        1.0897212E-17
  0.8252914        1.0897219E-17
  0.9520841        1.0897228E-17
   1.078877        1.0897235E-17
   1.205669        1.0897243E-17
   1.332462        1.0897248E-17
   1.459255        1.0897253E-17
   1.586047        1.0897257E-17
   1.712840        1.0897260E-17
   1.839633        1.0897263E-17
   1.966425        1.0897265E-17
   2.093218        1.0897268E-17
   2.220011        1.0897272E-17
   2.346803        1.0897277E-17
   2.473596        1.0897282E-17
   2.600389        1.0897287E-17
   2.727181        1.0897294E-17
   2.853974        1.0897301E-17
   2.980767        1.0897309E-17
   3.107559        1.0897318E-17
   3.234352        1.0897328E-17
   3.361145        1.0897338E-17
   3.487937        1.0897347E-17
   3.614730        1.0897354E-17
   3.741522        1.0897358E-17
   3.868315        1.0897359E-17
   3.995108        1.0897358E-17
   4.121901        1.0897353E-17
   4.248693        1.0897348E-17
   4.375485        1.0897341E-17
   4.502278        1.0897334E-17
   4.629071        1.0897326E-17
   4.755864        1.0897317E-17
   4.882656        1.0897307E-17
   5.009449        1.0897296E-17
   5.136241        1.0897282E-17
   5.263034        1.0897270E-17
   5.389827        1.0897258E-17
   5.516620        1.0897249E-17
   5.643412        1.0897242E-17
   5.770205        1.0897236E-17
   5.896997        1.0897231E-17
   6.023790        1.0897227E-17
   6.150583        1.0897224E-17
   6.277375        1.0897219E-17
   6.404168        1.0897218E-17
   6.530961        1.0897217E-17
   6.657753        1.0897219E-17
   6.784546        1.0897224E-17
   6.911339        1.0897232E-17
   7.038131        1.0897242E-17
   7.164924        1.0897254E-17
   7.291717        1.0897267E-17
   7.418509        1.0897279E-17
   7.545302        1.0897291E-17
   7.672095        1.0897303E-17
   7.798887        1.0897318E-17
   7.925680        1.0897334E-17
   8.052472        1.0897352E-17
   8.179265        1.0897370E-17
   8.306058        1.0897387E-17
   8.432851        1.0897404E-17
   8.559643        1.0897419E-17
   8.686436        1.0897434E-17
   8.813229        1.0897449E-17
   8.940022        1.0897466E-17
   9.066813        1.0897485E-17
   9.193606        1.0897506E-17
   9.320399        1.0897526E-17
   9.447192        1.0897545E-17
   9.573984        1.0897561E-17
   9.700777        1.0897576E-17
   9.827570        1.0897589E-17
   9.954362        1.0897603E-17
   10.08115        1.0897618E-17
   10.20795        1.0897636E-17
   10.33474        1.0897655E-17
   10.46153        1.0897679E-17
   10.58833        1.0897704E-17
   10.71512        1.0897730E-17
   10.84191        1.0897758E-17
   10.96870        1.0897789E-17
   11.09550        1.0897822E-17
   11.22229        1.0897859E-17
   11.34908        1.0897900E-17
   11.47587        1.0897945E-17
   11.60267        1.0897989E-17
   11.72946        1.0898032E-17
   11.85625        1.0898070E-17
   11.98304        1.0898101E-17
   12.10984        1.0898124E-17
   12.23663        1.0898140E-17
   12.36342        1.0898148E-17
   12.49022        1.0898149E-17
   12.61701        1.0898142E-17
   12.74380        1.0898128E-17
   12.87059        1.0898105E-17
   12.99739        1.0898076E-17
   13.12418        1.0898042E-17
   13.25097        1.0898004E-17
   13.37776        1.0897968E-17
   13.50456        1.0897940E-17
   13.63135        1.0897923E-17
   13.75814        1.0897921E-17
   13.88493        1.0897938E-17
   14.01173        1.0897975E-17
   14.13852        1.0898029E-17
   14.26531        1.0898100E-17
   14.39211        1.0898186E-17
   14.51890        1.0898283E-17
   14.64569        1.0898392E-17
   14.77248        1.0898507E-17
   14.89928        1.0898622E-17
   15.02607        1.0898731E-17
   15.15286        1.0898822E-17
   15.27965        1.0898887E-17
   15.40645        1.0898916E-17
   15.53324        1.0898903E-17
   15.66003        1.0898841E-17
   15.78682        1.0898727E-17
   15.91362        1.0898560E-17
   16.04041        1.0898338E-17
   16.16720        1.0898057E-17
   16.29399        1.0897719E-17
   16.42079        1.0897320E-17
   16.54758        1.0896859E-17
   16.67437        1.0896339E-17
   16.80116        1.0895764E-17
   16.92796        1.0895141E-17
   17.05475        1.0894476E-17
   17.18154        1.0893776E-17
   17.30834        1.0893049E-17
   17.43513        1.0892299E-17
   17.56192        1.0891533E-17
   17.68871        1.0890756E-17
   17.81551        1.0889970E-17
   17.94230        1.0889183E-17
   18.06909        1.0888398E-17
   18.19588        1.0887621E-17
   18.32268        1.0886854E-17
   18.44947        1.0886099E-17
   18.57626        1.0885356E-17
   18.70305        1.0884623E-17
   18.82985        1.0883898E-17
   18.95664        1.0883176E-17
   19.08343        1.0882459E-17
   19.21023        1.0881745E-17
   19.33702        1.0881035E-17
   19.46381        1.0880328E-17
   19.59060        1.0879626E-17
   19.71740        1.0878929E-17
   19.84419        1.0878237E-17
   19.97098        1.0877551E-17
   20.09777        1.0876868E-17
   20.22457        1.0876193E-17
   20.35136        1.0875523E-17
   20.47815        1.0874864E-17
   20.60494        1.0874215E-17
   20.73174        1.0873578E-17
   20.85853        1.0872953E-17
   20.98532        1.0872340E-17
   21.11212        1.0871737E-17
   21.23891        1.0871144E-17
   21.36570        1.0870562E-17
   21.49249        1.0869990E-17
   21.61929        1.0869430E-17
   21.74608        1.0868879E-17
   21.87287        1.0868339E-17
   21.99966        1.0867805E-17
   22.12646        1.0867276E-17
   22.25325        1.0866749E-17
   22.38004        1.0866221E-17
   22.50683        1.0865691E-17
   22.63363        1.0865158E-17
   22.76042        1.0864619E-17
   22.88721        1.0864074E-17
   23.01401        1.0863518E-17
   23.14080        1.0862949E-17
   23.26759        1.0862365E-17
   23.39438        1.0861764E-17
   23.52118        1.0861144E-17
   23.64797        1.0860502E-17
   23.77476        1.0859839E-17
   23.90155        1.0859156E-17
   24.02835        1.0858450E-17
   24.15514        1.0857722E-17
   24.28193        1.0856972E-17
   24.40872        1.0856200E-17
   24.53552        1.0855406E-17
   24.66231        1.0854592E-17
   24.78910        1.0853760E-17
   24.91590        1.0852912E-17
   25.04269        1.0852051E-17
   25.16948        1.0851178E-17
   25.29627        1.0850294E-17
   25.42307        1.0849403E-17
   25.54986        1.0848506E-17
   25.67665        1.0847607E-17
   25.80344        1.0846707E-17
   25.93024        1.0845809E-17
   26.05703        1.0844914E-17
   26.18382        1.0844024E-17
   26.31061        1.0843137E-17
   26.43741        1.0842254E-17
   26.56420        1.0841376E-17
   26.69099        1.0840505E-17
   26.81779        1.0839641E-17
   26.94458        1.0838786E-17
   27.07137        1.0837941E-17
   27.19816        1.0837107E-17
   27.32495        1.0836280E-17
   27.45175        1.0835460E-17
   27.57854        1.0834643E-17
   27.70533        1.0833829E-17
   27.83213        1.0833015E-17
   27.95892        1.0832201E-17
   28.08571        1.0831387E-17
   28.21250        1.0830575E-17
   28.33930        1.0829765E-17
   28.46609        1.0828956E-17
   28.59288        1.0828146E-17
   28.71968        1.0827336E-17
   28.84647        1.0826528E-17
   28.97326        1.0825724E-17
   29.10005        1.0824929E-17
   29.22684        1.0824150E-17
   29.35364        1.0823389E-17
   29.48043        1.0822653E-17
   29.60722        1.0821942E-17
   29.73402        1.0821256E-17
   29.86081        1.0820594E-17
   29.98760        1.0819956E-17
   30.11439        1.0819341E-17
   30.24119        1.0818750E-17
   30.36798        1.0818182E-17
   30.49477        1.0817636E-17
   30.62156        1.0817109E-17
   30.74836        1.0816597E-17
   30.87515        1.0816094E-17
   31.00194        1.0815596E-17
   31.12873        1.0815097E-17
   31.25553        1.0814597E-17
   31.38232        1.0814091E-17
   31.50911        1.0813580E-17
   31.63591        1.0813062E-17
   31.76270        1.0812533E-17
   31.88949        1.0811990E-17
   32.01628        1.0811430E-17
   32.14308        1.0810848E-17
   32.26987        1.0810242E-17
   32.39666        1.0809611E-17
   32.52345        1.0808957E-17
   32.65025        1.0808282E-17
   32.77704        1.0807587E-17
   32.90383        1.0806874E-17
   33.03062        1.0806144E-17
   33.15742        1.0805397E-17
   33.28421        1.0804631E-17
   33.41100        1.0803847E-17
   33.53780        1.0803051E-17
   33.66459        1.0802243E-17
   33.79138        1.0801427E-17
   33.91817        1.0800609E-17
   34.04497        1.0799792E-17
   34.17176        1.0798976E-17
   34.29855        1.0798165E-17
   34.42534        1.0797361E-17
   34.55214        1.0796564E-17
   34.67893        1.0795777E-17
   34.80572        1.0795006E-17
   34.93251        1.0794255E-17
   35.05931        1.0793527E-17
   35.18610        1.0792825E-17
   35.31289        1.0792151E-17
   35.43969        1.0791501E-17
   35.56648        1.0790874E-17
   35.69327        1.0790264E-17
   35.82006        1.0789669E-17
   35.94686        1.0789086E-17
   36.07365        1.0788511E-17
   36.20044        1.0787941E-17
   36.32723        1.0787375E-17
   36.45403        1.0786807E-17
   36.58082        1.0786231E-17
   36.70761        1.0785644E-17
   36.83440        1.0785041E-17
   36.96120        1.0784420E-17
   37.08799        1.0783784E-17
   37.21478        1.0783133E-17
   37.34158        1.0782470E-17
   37.46837        1.0781798E-17
   37.59516        1.0781116E-17
   37.72195        1.0780428E-17
   37.84875        1.0779733E-17
   37.97554        1.0779031E-17
   38.10233        1.0778325E-17
   38.22912        1.0777615E-17
   38.35592        1.0776904E-17
   38.48271        1.0776196E-17
   38.60950        1.0775490E-17
   38.73629        1.0774786E-17
   38.86309        1.0774082E-17
   38.98988        1.0773377E-17
   39.11667        1.0772671E-17
   39.24347        1.0771962E-17
   39.37026        1.0771252E-17
   39.49705        1.0770543E-17
   39.62384        1.0769835E-17
   39.75064        1.0769131E-17
   39.87743        1.0768432E-17
   40.00422        1.0767734E-17
   40.13101        1.0767041E-17
   40.25780        1.0766351E-17
   40.38460        1.0765665E-17
   40.51139        1.0764986E-17
   40.63818        1.0764318E-17
   40.76498        1.0763661E-17
   40.89177        1.0763018E-17
   41.01856        1.0762385E-17
   41.14536        1.0761760E-17
   41.27215        1.0761140E-17
   41.39894        1.0760523E-17
   41.52573        1.0759907E-17
   41.65253        1.0759291E-17
   41.77932        1.0758677E-17
   41.90611        1.0758065E-17
   42.03290        1.0757457E-17
   42.15969        1.0756854E-17
   42.28649        1.0756254E-17
   42.41328        1.0755656E-17
   42.54007        1.0755059E-17
   42.66687        1.0754462E-17
   42.79366        1.0753864E-17
   42.92045        1.0753266E-17
   43.04725        1.0752666E-17
   43.17404        1.0752062E-17
   43.30083        1.0751450E-17
   43.42762        1.0750828E-17
   43.55442        1.0750191E-17
   43.68121        1.0749536E-17
   43.80800        1.0748862E-17
   43.93479        1.0748168E-17
   44.06158        1.0747454E-17
   44.18838        1.0746721E-17
   44.31517        1.0745973E-17
   44.44196        1.0745209E-17
   44.56876        1.0744433E-17
   44.69555        1.0743646E-17
   44.82234        1.0742852E-17
   44.94913        1.0742054E-17
   45.07593        1.0741259E-17
   45.20272        1.0740467E-17
   45.32951        1.0739685E-17
   45.45631        1.0738914E-17
   45.58310        1.0738159E-17
   45.70989        1.0737423E-17
   45.83668        1.0736708E-17
   45.96347        1.0736014E-17
   46.09027        1.0735344E-17
   46.21706        1.0734698E-17
   46.34385        1.0734073E-17
   46.47065        1.0733468E-17
   46.59744        1.0732879E-17
   46.72423        1.0732303E-17
   46.85102        1.0731735E-17
   46.97782        1.0731170E-17
   47.10461        1.0730603E-17
   47.23140        1.0730032E-17
   47.35820        1.0729452E-17
   47.48499        1.0728860E-17
   47.61178        1.0728253E-17
   47.73857        1.0727630E-17
   47.86536        1.0726988E-17
   47.99216        1.0726327E-17
   48.11895        1.0725649E-17
   48.24574        1.0724957E-17
   48.37254        1.0724255E-17
   48.49933        1.0723547E-17
   48.62612        1.0722841E-17
   48.75291        1.0722139E-17
   48.87971        1.0721448E-17
   49.00650        1.0720770E-17
   49.13329        1.0720109E-17
   49.26009        1.0719467E-17
   49.38688        1.0718844E-17
   49.51367        1.0718237E-17
   49.64046        1.0717644E-17
   49.76725        1.0717062E-17
   49.89405        1.0716483E-17
   50.02084        1.0715900E-17
   50.14763        1.0715304E-17
   50.27443        1.0714689E-17
   50.40122        1.0714048E-17
   50.52801        1.0713374E-17
   50.65480        1.0712663E-17
   50.78160        1.0711913E-17
   50.90839        1.0711122E-17
   51.03518        1.0710290E-17
   51.16198        1.0709419E-17
   51.28877        1.0708511E-17
   51.41556        1.0707569E-17
   51.54235        1.0706600E-17
   51.66914        1.0705613E-17
   51.79594        1.0704620E-17
   51.92273        1.0703634E-17
   52.04952        1.0702668E-17
   52.17632        1.0701738E-17
   52.30311        1.0700854E-17
   52.42990        1.0700028E-17
   52.55669        1.0699269E-17
   52.68349        1.0698586E-17
   52.81028        1.0697982E-17
   52.93707        1.0697461E-17
   53.06387        1.0697021E-17
   53.19066        1.0696656E-17
   53.31745        1.0696356E-17
   53.44424        1.0696104E-17
   53.57103        1.0695876E-17
   53.69783        1.0695650E-17
   53.82462        1.0695396E-17
   53.95141        1.0695084E-17
   54.07821        1.0694686E-17
   54.20500        1.0694173E-17
   54.33179        1.0693520E-17
   54.45858        1.0692702E-17
   54.58538        1.0691699E-17
   54.71217        1.0690500E-17
   54.83896        1.0689102E-17
   54.96576        1.0687510E-17
   55.09255        1.0685745E-17
   55.21934        1.0683840E-17
   55.34613        1.0681843E-17
   55.47292        1.0679815E-17
   55.59972        1.0677829E-17
   55.72651        1.0675965E-17
   55.85330        1.0674314E-17
   55.98009        1.0672968E-17
   56.10689        1.0672022E-17
   56.23368        1.0671565E-17
   56.36047        1.0671680E-17
   56.48727        1.0672437E-17
   56.61406        1.0673885E-17
   56.74085        1.0676045E-17
   56.86765        1.0678910E-17
   56.99444        1.0682431E-17
   57.12123        1.0686523E-17
   57.24802        1.0691055E-17
   57.37481        1.0695852E-17
   57.50161        1.0700702E-17
   57.62840        1.0705352E-17
   57.75519        1.0709516E-17
   57.88198        1.0712890E-17
   58.00878        1.0715151E-17
   58.13557        1.0715985E-17
   58.26236        1.0715093E-17
   58.38916        1.0712215E-17
   58.51595        1.0707151E-17
   58.64274        1.0699779E-17
   58.76954        1.0690074E-17
   58.89633        1.0678127E-17
   59.02312        1.0664155E-17
   59.14991        1.0648516E-17
   59.27670        1.0631712E-17
   59.40350        1.0614384E-17
   59.53029        1.0597306E-17
   59.65708        1.0581367E-17
   59.78387        1.0567542E-17
   59.91067        1.0556855E-17
   60.03746        1.0550340E-17
   60.16425        1.0548986E-17
   60.29105        1.0553671E-17
   60.41784        1.0565113E-17
   60.54463        1.0583797E-17
   60.67142        1.0609916E-17
   60.79822        1.0643316E-17
   60.92501        1.0683446E-17
   61.05180        1.0729331E-17
   61.17859        1.0779541E-17
   61.30539        1.0832207E-17
   61.43218        1.0885039E-17
   61.55897        1.0935377E-17
   61.68576        1.0980274E-17
   61.81256        1.1016605E-17
   61.93935        1.1041194E-17
   62.06614        1.1050975E-17
   62.19294        1.1043164E-17
   62.31973        1.1015447E-17
   62.44652        1.0966167E-17
   62.57331        1.0894507E-17
   62.70011        1.0800669E-17
   62.82690        1.0686003E-17
   62.95369        1.0553122E-17
   63.08048        1.0405953E-17
   63.20728        1.0249733E-17
   63.33407        1.0090937E-17
   63.46086        9.9371283E-18
   63.58765        9.7967376E-18
   63.71445        9.6787560E-18
   63.84124        9.5923636E-18
   63.96803        9.5464865E-18
   64.09483        9.5493088E-18
   64.22162        9.6077491E-18
   64.34841        9.7269310E-18
   64.47520        9.9096593E-18
   64.60200        1.0155951E-17
   64.72879        1.0462635E-17
   64.85558        1.0823060E-17
   64.98238        1.1226935E-17
   65.10917        1.1660336E-17
   65.23596        1.2105906E-17
   65.36275        1.2543239E-17
   65.48955        1.2949488E-17
   65.61633        1.3300175E-17
   65.74313        1.3570192E-17
   65.86992        1.3734979E-17
   65.99671        1.3771821E-17
   66.12350        1.3661248E-17
   66.25030        1.3388441E-17
   66.37709        1.2944609E-17
   66.50388        1.2328238E-17
   66.63068        1.1546143E-17
   66.75747        1.0614243E-17
   66.88426        9.5579835E-18
   67.01105        8.4123325E-18
   67.13785        7.2213049E-18
   67.26464        6.0369721E-18
   67.39143        4.9179382E-18
   67.51823        3.9272964E-18
   67.64502        3.1300971E-18
   67.77181        2.5903943E-18
   67.89861        2.3679629E-18
   68.02540        2.5148127E-18
   68.15219        3.0716438E-18
   68.27898        4.0644169E-18
   68.40578        5.5012217E-18
   68.53257        7.3696341E-18
   68.65936        9.6347632E-18
   68.78616        1.2238148E-17
   68.91295        1.5097694E-17
   69.03974        1.8108749E-17
   69.16653        2.1146414E-17
   69.29333        2.4069141E-17
   69.42011        2.6723552E-17
   69.54691        2.8950435E-17
   69.67370        3.0591720E-17
   69.80049        3.1498247E-17
   69.92728        3.1537985E-17
   70.05408        3.0604415E-17
   70.18087        2.8624625E-17
   70.30766        2.5566732E-17
   70.43446        2.1446181E-17
   70.56125        1.6330463E-17
   70.68804        1.0341864E-17
   70.81483        3.6579176E-18
   70.94163       -3.4907890E-18
   71.06842       -1.0825565E-17
   71.19521       -1.8027437E-17
   71.32201       -2.4747757E-17
   71.44880       -3.0621389E-17
   71.57559       -3.5282128E-17
   71.70238       -3.8379817E-17
   71.82918       -3.9598562E-17
   71.95597       -3.8675256E-17
   72.08276       -3.5417541E-17
   72.20956       -2.9720345E-17
   72.33635       -2.1579981E-17
   72.46314       -1.1104937E-17
   72.58994        1.4775259E-18
   72.71673        1.5819713E-17
   72.84352        3.1457328E-17
   72.97031        4.7819169E-17
   73.09711        6.4242863E-17
   73.22389        7.9996372E-17
   73.35069        9.4304982E-17
   73.47748        1.0638279E-16
   73.60427        1.1546792E-16
   73.73106        1.2085989E-16
   73.85786        1.2195768E-16
   73.98465        1.1829685E-16
   74.11144        1.0958363E-16
   74.23824        9.5724365E-17
   74.36503        7.6848229E-17
   74.49182        5.3321736E-17
   74.61861        2.5753448E-17
   74.74541       -5.0120755E-18
   74.87220       -3.7911851E-17
   74.99899       -7.1693749E-17
   75.12579       -1.0495706E-16
   75.25258       -1.3620353E-16
   75.37937       -1.6389725E-16
   75.50616       -1.8653125E-16
   75.63296       -2.0269864E-16
   75.75975       -2.1116463E-16
   75.88654       -2.1093680E-16
   76.01334       -2.0132970E-16
   76.14013       -1.8202046E-16
   76.26692       -1.5309195E-16
   76.39371       -1.1506056E-16
   76.52051       -6.8885940E-17
   76.64730       -1.5960958E-17
   76.77409        4.1919386E-17
   76.90089        1.0261000E-16
   77.02767        1.6368815E-16
   77.15446        2.2254414E-16
   77.28126        2.7648741E-16
   77.40805        3.2286434E-16
   77.53484        3.5918249E-16
   77.66164        3.8323632E-16
   77.78843        3.9322824E-16
   77.91522        3.8787891E-16
   78.04202        3.6652063E-16
   78.16881        3.2916817E-16
   78.29560        2.7656187E-16
   78.42239        2.1017913E-16
   78.54919        1.3221139E-16
   78.67598        4.5505184E-17
   78.80277       -4.6532364E-17
   78.92957       -1.4006123E-16
   79.05636       -2.3096579E-16
   79.18315       -3.1503580E-16
   79.30994       -3.8816381E-16
   79.43674       -4.4655063E-16
   79.56353       -4.8690900E-16
   79.69032       -5.0665493E-16
   79.81712       -5.0407698E-16
   79.94391       -4.7847314E-16
   80.07070       -4.3024541E-16
   80.19749       -3.6094573E-16
   80.32429       -2.7326590E-16
   80.45108       -1.7096929E-16
   80.57787       -5.8762818E-17
   80.70466        5.7888131E-17
   80.83145        1.7299715E-16
   80.95824        2.8033797E-16
   81.08504        3.7375818E-16
   81.21183        4.4751218E-16
   81.33862        4.9659726E-16
   81.46542        5.1707656E-16
   81.59221        5.0636942E-16
   81.71900        4.6349410E-16
   81.84579        3.8924470E-16
   81.97259        2.8628787E-16
   82.09938        1.5916940E-16
   82.22617        1.4221208E-17
   82.35297       -1.4063443E-16
   82.47976       -2.9618029E-16
   82.60655       -4.4229549E-16
   82.73335       -5.6842793E-16
   82.86014       -6.6413312E-16
   82.98693       -7.1965486E-16
   83.11372       -7.2652425E-16
   83.24052       -6.7814871E-16
   83.36731       -5.7035731E-16
   83.49410       -4.0187438E-16
   83.62090       -1.7468878E-16
   83.74769        1.0570734E-16
   83.87448        4.3023506E-16
   84.00127        7.8631784E-16
   84.12807        1.1581549E-15
   84.25486        1.5271822E-15
   84.38165        1.8727159E-15
   84.50844        2.1727638E-15
   84.63523        2.4049794E-15
   84.76202        2.5477292E-15
   84.88882        2.5812296E-15
   85.01561        2.4887063E-15
   85.14240        2.2575268E-15
   85.26920        1.8802450E-15
   85.39599        1.3555077E-15
   85.52278        6.8876283E-16
   85.64957       -1.0727488E-16
   85.77637       -1.0124492E-15
   85.90316       -1.9993061E-15
   86.02995       -3.0335829E-15
   86.15675       -4.0750471E-15
   86.28354       -5.0786808E-15
   86.41033       -5.9961856E-15
   86.53712       -6.7777671E-15
   86.66392       -7.3741536E-15
   86.79071       -7.7387666E-15
   86.91750       -7.8299768E-15
   87.04430       -7.6133447E-15
   87.17109       -7.0637521E-15
   87.29788       -6.1673291E-15
   87.42467       -4.9230741E-15
   87.55147       -3.3440757E-15
   87.67826       -1.4582580E-15
   87.80505        6.9142802E-16
   87.93185        3.0474071E-15
   88.05864        5.5385142E-15
   88.18543        8.0816591E-15
   88.31222        1.0584104E-14
   88.43901        1.2946312E-14
   88.56580        1.5065291E-14
   88.69260        1.6838319E-14
   88.81939        1.8166971E-14
   88.94618        1.8961261E-14
   89.07298        1.9143778E-14
   89.19977        1.8653637E-14
   89.32656        1.7450095E-14
   89.45335        1.5515645E-14
   89.58015        1.2858451E-14
   89.70694        9.5139884E-15
   89.83373        5.5457399E-15
   89.96053        1.0449188E-15
   90.08732       -3.8708974E-15
   90.21411       -9.0601854E-15
   90.34090       -1.4360974E-14
   90.46770       -1.9595326E-14
   90.59449       -2.4574696E-14
   90.72128       -2.9106048E-14
   90.84808       -3.2998527E-14
   90.97487       -3.6070485E-14
   91.10166       -3.8156622E-14
   91.22845       -3.9114979E-14
   91.35525       -3.8833533E-14
   91.48204       -3.7236121E-14
   91.60883       -3.4287433E-14
   91.73563       -2.9996852E-14
   91.86242       -2.4420917E-14
   91.98921       -1.7664259E-14
   92.11600       -9.8788758E-15
   92.24279       -1.2616706E-15
   92.36958        7.9497481E-15
   92.49638        1.7482948E-14
   92.62317        2.7038151E-14
   92.74996        3.6297097E-14
   92.87675        4.4933065E-14
   93.00355        5.2621793E-14
   93.13034        5.9052921E-14
   93.25713        6.3941575E-14
   93.38393        6.7039744E-14
   93.51072        6.8146924E-14
   93.63751        6.7119819E-14
   93.76431        6.3880372E-14
   93.89110        5.8422099E-14
   94.01789        5.0814143E-14
   94.14468        4.1202908E-14
   94.27148        2.9811026E-14
   94.39827        1.6933583E-14
   94.52506        2.9315107E-15
   94.65186       -1.1777698E-14
   94.77865       -2.6731828E-14
   94.90544       -4.1438031E-14
   95.03223       -5.5388796E-14
   95.15903       -6.8079291E-14
   95.28582       -7.9025599E-14
   95.41261       -8.7783174E-14
   95.53941       -9.3964855E-14
   95.66620       -9.7257800E-14
   95.79299       -9.7438584E-14
   95.91978       -9.4385837E-14
   96.04657       -8.8089814E-14
   96.17336       -7.8658326E-14
   96.30016       -6.6318580E-14
   96.42695       -5.1414666E-14
   96.55374       -3.4400427E-14
   96.68053       -1.5827830E-14
   96.80733        3.6691142E-15
   96.93412        2.3394466E-14
   97.06091        4.2614034E-14
   97.18771        6.0581890E-14
   97.31450        7.6568871E-14
   97.44129        8.9892171E-14
   97.56808        9.9944711E-14
   97.69488        1.0622345E-13
   97.82167        1.0835512E-13
   97.94846        1.0611849E-13
   98.07526        9.9461719E-14
   98.20205        8.8514116E-14
   98.32884        7.3591313E-14
   98.45564        5.5193087E-14
   98.58243        3.3993651E-14
   98.70922        1.0824157E-14
   98.83601       -1.3352415E-14
   98.96281       -3.7473391E-14
   99.08960       -6.0414889E-14
   99.21639       -8.1035357E-14
   99.34319       -9.8222882E-14
   99.46998       -1.1094452E-13
   99.59677       -1.1829579E-13
   99.72356       -1.1954832E-13
   99.85035       -1.1419343E-13
   99.97714       -1.0198001E-13
   100.1039       -8.2944068E-14
   100.2307       -5.7428759E-14
   100.3575       -2.6092897E-14
   100.4843        1.0092752E-14
   100.6111        4.9862573E-14
   100.7379        9.1686593E-14
   100.8647        1.3381412E-13
   100.9915        1.7432979E-13
   101.1183        2.1122046E-13
   101.2451        2.4245105E-13
   101.3719        2.6604711E-13
   101.4987        2.8018085E-13
   101.6255        2.8325768E-13
   101.7522        2.7399963E-13
   101.8790        2.5152238E-13
   102.0058        2.1540206E-13
   102.1326        1.6572831E-13
   102.2594        1.0314124E-13
   102.3862        2.8848783E-14
   102.5130       -5.5376907E-14
   102.6398       -1.4722536E-13
   102.7666       -2.4389656E-13
   102.8934       -3.4217190E-13
   103.0202       -4.3850625E-13
   103.1470       -5.2913864E-13
   103.2738       -6.1021826E-13
   103.4006       -6.7794246E-13
   103.5273       -7.2870085E-13
   103.6541       -7.5922206E-13
   103.7809       -7.6671601E-13
   103.9077       -7.4900660E-13
   104.0345       -7.0464966E-13
   104.1613       -6.3303009E-13
   104.2881       -5.3443431E-13
   104.4149       -4.1009302E-13
   104.5417       -2.6219207E-13
   104.6685       -9.3848892E-14
   104.7953        9.0945453E-14
   104.9221        2.8741877E-13
   105.0489        4.9014194E-13
   105.1756        6.9318211E-13
   105.3024        8.9027982E-13
   105.4292        1.0750449E-12
   105.5560        1.2411640E-12
   105.6828        1.3826122E-12
   105.8096        1.4938621E-12
   105.9364        1.5700813E-12
   106.0632        1.6073103E-12
   106.1900        1.6026159E-12
   106.3168        1.5542114E-12
   106.4436        1.4615412E-12
   106.5704        1.3253223E-12
   106.6972        1.1475459E-12
   106.8240        9.3143201E-13
   106.9507        6.8134593E-13
   107.0775        4.0267220E-13
   107.2043        1.0165703E-13
   107.3311       -2.1477964E-13
   107.4579       -5.3925104E-13
   107.5847       -8.6412447E-13
   107.7115       -1.1817438E-12
   107.8383       -1.4846486E-12
   107.9651       -1.7657771E-12
   108.0919       -2.0186494E-12
   108.2187       -2.2375201E-12
   108.3455       -2.4174955E-12
   108.4723       -2.5546162E-12
   108.5990       -2.6458946E-12
   108.7258       -2.6893158E-12
   108.8526       -2.6838000E-12
   108.9794       -2.6291309E-12
   109.1062       -2.5258578E-12
   109.2330       -2.3751775E-12
   109.3598       -2.1788081E-12
   109.4866       -1.9388581E-12
   109.6134       -1.6577103E-12
   109.7402       -1.3379198E-12
   109.8670       -9.8214156E-13
   109.9938       -5.9309171E-13
   110.1206       -1.7355010E-13
   110.2474        2.7359733E-13
   110.3741        7.4527152E-13
   110.5009        1.2380758E-12
   110.6277        1.7481360E-12
   110.7545        2.2709159E-12
   110.8813        2.8010220E-12
   111.0081        3.3320070E-12
   111.1349        3.8561927E-12
   111.2617        4.3645231E-12
   111.3885        4.8464700E-12
   111.5153        5.2900089E-12
   111.6421        5.6816648E-12
   111.7689        6.0066670E-12
   111.8957        6.2491943E-12
   112.0224        6.3927323E-12
   112.1492        6.4205381E-12
   112.2760        6.3162049E-12
   112.4028        6.0643166E-12
   112.5296        5.6511783E-12
   112.6564        5.0655972E-12
   112.7832        4.2996834E-12
   112.9100        3.3496504E-12
   113.0368        2.2165659E-12
   113.1636        9.0702348E-13
   113.2904       -5.6629826E-13
   113.4172       -2.1842356E-12
   113.5440       -3.9209235E-12
   113.6708       -5.7438017E-12
   113.7975       -7.6138549E-12
   113.9243       -9.4861254E-12
   114.0511       -1.1310484E-11
   114.1779       -1.3032663E-11
   114.3047       -1.4595550E-11
   114.4315       -1.5940711E-11
   114.5583       -1.7010103E-11
   114.6851       -1.7747959E-11
   114.8119       -1.8102748E-11
   114.9387       -1.8029198E-11
   115.0655       -1.7490273E-11
   115.1923       -1.6459056E-11
   115.3191       -1.4920475E-11
   115.4458       -1.2872751E-11
   115.5726       -1.0328567E-11
   115.6994       -7.3158302E-12
   115.8262       -3.8780316E-12
   115.9530       -7.4114170E-14
   116.0798        4.0221485E-12
   116.2066        8.3232874E-12
   116.3334        1.2729782E-11
   116.4602        1.7132178E-11
   116.5870        2.1413661E-11
   116.7138        2.5453015E-11
   116.8406        2.9127884E-11
   116.9674        3.2318259E-11
   117.0942        3.4910103E-11
   117.2209        3.6798960E-11
   117.3477        3.7893494E-11
   117.4745        3.8118803E-11
   117.6013        3.7419380E-11
   117.7281        3.5761651E-11
   117.8549        3.3135994E-11
   117.9817        2.9558075E-11
   118.1085        2.5069556E-11
   118.2353        1.9738039E-11
   118.3621        1.3656247E-11
   118.4889        6.9404634E-12
   118.6157       -2.7178254E-13
   118.7425       -7.8247174E-12
   118.8692       -1.5547926E-11
   118.9960       -2.3260484E-11
   119.1228       -3.0775497E-11
   119.2496       -3.7904898E-11
   119.3764       -4.4464408E-11
   119.5032       -5.0278479E-11
   119.6300       -5.5185041E-11
   119.7568       -5.9040030E-11
   119.8836       -6.1721371E-11
   120.0104       -6.3132506E-11
   120.1372       -6.3205149E-11
   120.2640       -6.1901394E-11
   120.3908       -5.9214862E-11
   120.5176       -5.5171170E-11
   120.6443       -4.9827389E-11
   120.7711       -4.3270759E-11
   120.8979       -3.5616551E-11
   121.0247       -2.7005303E-11
   121.1515       -1.7599363E-11
   121.2783       -7.5789618E-12
   121.4051        2.8620754E-12
   121.5319        1.3520894E-11
   121.6587        2.4190237E-11
   121.7855        3.4663026E-11
   121.9123        4.4736763E-11
   122.0391        5.4217610E-11
   122.1659        6.2924096E-11
   122.2927        7.0690245E-11
   122.4194        7.7368258E-11
   122.5462        8.2830458E-11
   122.6730        8.6970736E-11
   122.7998        8.9705410E-11
   122.9266        9.0973423E-11
   123.0534        9.0736169E-11
   123.1802        8.8976798E-11
   123.3070        8.5699274E-11
   123.4338        8.0927223E-11
   123.5606        7.4702619E-11
   123.6874        6.7084394E-11
   123.8142        5.8147390E-11
   123.9410        4.7981209E-11
   124.0677        3.6689395E-11
   124.1945        2.4388930E-11
   124.3213        1.1209861E-11
   124.4481       -2.7046670E-12
   124.5749       -1.7198193E-11
   124.7017       -3.2100624E-11
   124.8285       -4.7227871E-11
   124.9553       -6.2381461E-11
   125.0821       -7.7348447E-11
   125.2089       -9.1901563E-11
   125.3357       -1.0579994E-10
   125.4625       -1.1879039E-10
   125.5893       -1.3060945E-10
   125.7161       -1.4098625E-10
   125.8428       -1.4964630E-10
   125.9696       -1.5631622E-10
   126.0964       -1.6072947E-10
   126.2232       -1.6263289E-10
   126.3500       -1.6179393E-10
   126.4768       -1.5800880E-10
   126.6036       -1.5111074E-10
   126.7304       -1.4097866E-10
   126.8572       -1.2754560E-10
   126.9840       -1.1080684E-10
   127.1108       -9.0827186E-11
   127.2376       -6.7747204E-11
   127.3644       -4.1788059E-11
   127.4911       -1.3254397E-11
   127.6179        1.7464514E-11
   127.7447        4.9896205E-11
   127.8715        8.3488799E-11
   127.9983        1.1761762E-10
   128.1251        1.5159422E-10
   128.2519        1.8467834E-10
   128.3787        2.1609214E-10
   128.5055        2.4503691E-10
   128.6323        2.7071156E-10
   128.7591        2.9233321E-10
   128.8859        3.0915798E-10
   129.0127        3.2050337E-10
   129.1395        3.2576991E-10
   129.2663        3.2446251E-10
   129.3930        3.1621025E-10
   129.5198        3.0078409E-10
   129.6466        2.7811226E-10
   129.7734        2.4829200E-10
   129.9002        2.1159779E-10
   130.0270        1.6848493E-10
   130.1538        1.1958898E-10
   130.2806        6.5719929E-11
   130.4074        7.8516022E-12
   130.5342       -5.2894019E-11
   130.6610       -1.1526720E-10
   130.7878       -1.7791532E-10
   130.9146       -2.3941185E-10
   131.0414       -2.9828859E-10
   131.1681       -3.5307049E-10
   131.2949       -4.0231302E-10
   131.4217       -4.4463958E-10
   131.5485       -4.7877946E-10
   131.6753       -5.0360466E-10
   131.8021       -5.1816440E-10
   131.9289       -5.2171673E-10
   132.0557       -5.1375587E-10
   132.1825       -4.9403520E-10
   132.3093       -4.6258392E-10
   132.4361       -4.1971743E-10
   132.5629       -3.6604120E-10
   132.6897       -3.0244673E-10
   132.8164       -2.3010045E-10
   132.9432       -1.5042519E-10
   133.0700       -6.5074356E-11
   133.1968        2.4100544E-11
   133.3236        1.1508898E-10
   133.4504        2.0576493E-10
   133.5772        2.9393588E-10
   133.7040        3.7739439E-10
   133.8308        4.5397261E-10
   133.9576        5.2159677E-10
   134.0844        5.7834182E-10
   134.2112        6.2248479E-10
   134.3380        6.5255323E-10
   134.4648        6.6737088E-10
   134.5915        6.6609623E-10
   134.7183        6.4825467E-10
   134.8451        6.1376298E-10
   134.9719        5.6294391E-10
   135.0987        4.9653293E-10
   135.2255        4.1567477E-10
   135.3523        3.2190903E-10
   135.4791        2.1714694E-10
   135.6059        1.0363697E-10
   135.7327       -1.6076447E-11
   135.8595       -1.3920461E-10
   135.9863       -2.6277250E-10
   136.1131       -3.8368300E-10
   136.2398       -4.9878635E-10
   136.3666       -6.0495187E-10
   136.4934       -6.9914230E-10
   136.6202       -7.7848794E-10
   136.7470       -8.4035834E-10
   136.8738       -8.8243113E-10
   137.0006       -9.0275565E-10
   137.1274       -8.9980901E-10
   137.2542       -8.7254504E-10
   137.3810       -8.2043217E-10
   137.5078       -7.4348167E-10
   137.6346       -6.4226502E-10
   137.7614       -5.1791810E-10
   137.8882       -3.7213330E-10
   138.0149       -2.0714076E-10
   138.1417       -2.5675828E-11
   138.2685        1.6906415E-10
   138.3953        3.7347381E-10
   138.5221        5.8360267E-10
   138.6489        7.9522561E-10
   138.7757        1.0039215E-09
   138.9025        1.2051552E-09
   139.0293        1.3943624E-09
   139.1561        1.5670362E-09
   139.2829        1.7188124E-09
   139.4097        1.8455535E-09
   139.5365        1.9434252E-09
   139.6632        2.0089705E-09
   139.7900        2.0391746E-09
   139.9168        2.0315205E-09
   140.0436        1.9840354E-09
   140.1704        1.8953288E-09
   140.2972        1.7646183E-09
   140.4240        1.5917433E-09
   140.5508        1.3771717E-09
   140.6776        1.1219953E-09
   140.8044        8.2791440E-10
   140.9312        4.9721777E-10
   141.0580        1.3275274E-10
   141.1848       -2.6210961E-10
   141.3116       -6.8351297E-10
   141.4383       -1.1271574E-09
   141.5651       -1.5883426E-09
   141.6919       -2.0620137E-09
   141.8187       -2.5428009E-09
   141.9455       -3.0250626E-09
   142.0723       -3.5029266E-09
   142.1991       -3.9703227E-09
   142.3259       -4.4210213E-09
   142.4527       -4.8486619E-09
   142.5795       -5.2467857E-09
   142.7063       -5.6088623E-09
   142.8331       -5.9283187E-09
   142.9599       -6.1985728E-09
   143.0867       -6.4130621E-09
   143.2134       -6.5652848E-09
   143.3402       -6.6488415E-09
   143.4670       -6.6574817E-09
   143.5938       -6.5851697E-09
   143.7206       -6.4261489E-09
   143.8474       -6.1750196E-09
   143.9742       -5.8268328E-09
   144.1010       -5.3771845E-09
   144.2278       -4.8223328E-09
   144.3546       -4.1593125E-09
   144.4814       -3.3860688E-09
   144.6082       -2.5015843E-09
   144.7350       -1.5060183E-09
   144.8617       -4.0084594E-10
   144.9885        8.1101548E-10
   145.1153        2.1250759E-09
   145.2421        3.5351593E-09
   145.3689        5.0333089E-09
   145.4957        6.6097070E-09
   145.6225        8.2526208E-09
   145.7493        9.9483799E-09
   145.8761        1.1681382E-08
   146.0029        1.3434134E-08
   146.1297        1.5187329E-08
   146.2565        1.6919968E-08
   146.3833        1.8609514E-08
   146.5101        2.0232095E-08
   146.6368        2.1762736E-08
   146.7636        2.3175637E-08
   146.8904        2.4444478E-08
   147.0172        2.5542755E-08
   147.1440        2.6444150E-08
   147.2708        2.7122910E-08
   147.3976        2.7554249E-08
   147.5244        2.7714746E-08
   147.6512        2.7582756E-08
   147.7780        2.7138805E-08
   147.9048        2.6365974E-08
   148.0316        2.5250261E-08
   148.1584        2.3780911E-08
   148.2851        2.1950727E-08
   148.4119        1.9756321E-08
   148.5387        1.7198349E-08
   148.6655        1.4281668E-08
   148.7923        1.1015482E-08
   148.9191        7.4134188E-09
   149.0459        3.4935645E-09
   149.1727       -7.2153528E-10
   149.2995       -5.2049249E-09
   149.4263       -9.9253121E-09
   149.5531       -1.4847181E-08
   149.6799       -1.9930905E-08
   149.8067       -2.5132886E-08
   149.9335       -3.0405701E-08
   150.0602       -3.5698232E-08
   150.1870       -4.0955779E-08
   150.3138       -4.6120178E-08
   150.4406       -5.1129867E-08
   150.5674       -5.5919923E-08
   150.6942       -6.0422067E-08
   150.8210       -6.4564624E-08
   150.9478       -6.8272456E-08
   151.0746       -7.1466815E-08
   151.2014       -7.4065220E-08
   151.3282       -7.5981241E-08
   151.4550       -7.7124319E-08
   151.5818       -7.7399527E-08
   151.7085       -7.6707373E-08
   151.8353       -7.4943600E-08
   151.9621       -7.1999018E-08
   152.0889       -6.7759387E-08
   152.2157       -6.2105393E-08
   152.3425       -5.4912693E-08
   152.4693       -4.6052094E-08
   152.5961       -3.5389800E-08
   152.7229       -2.2787880E-08
   152.8497       -8.1048759E-09
   152.9765        8.8034646E-09
   153.1033        2.8083205E-08
   153.2301        4.9881081E-08
   153.3569        7.4343170E-08
   153.4836        1.0161339E-07
   153.6104        1.3183174E-07
   153.7372        1.6513246E-07
   153.8640        2.0164200E-07
   153.9908        2.4147681E-07
   154.1176        2.8474125E-07
   154.2444        3.3152500E-07
   154.3712        3.8190089E-07
   154.4980        4.3592252E-07
   154.6248        4.9362188E-07
   154.7516        5.5500715E-07
   154.8784        6.2006075E-07
   155.0052        6.8873720E-07
   155.1319        7.6096188E-07
   155.2587        8.3662917E-07
   155.3855        9.1560173E-07
   155.5123        9.9770966E-07
   155.6391        1.0827503E-06
   155.7659        1.1704881E-06
   155.8927        1.2606554E-06
   156.0195        1.3529527E-06
   156.1463        1.4470511E-06
   156.2731        1.5425933E-06
   156.3999        1.6391959E-06
   156.5267        1.7364523E-06
   156.6535        1.8339347E-06
   156.7803        1.9311985E-06
   156.9070        2.0277851E-06
   157.0338        2.1232252E-06
   157.1606        2.2170429E-06
   157.2874        2.3087605E-06
   157.4142        2.3978998E-06
   157.5410        2.4839890E-06
   157.6678        2.5665638E-06
   157.7946        2.6451728E-06
   157.9214        2.7193789E-06
   158.0482        2.7887636E-06
   158.1750        2.8529289E-06
   158.3018        2.9115001E-06
   158.4286        2.9641269E-06
   158.5553        3.0104866E-06
   158.6821        3.0502827E-06
   158.8089        3.0832482E-06
   158.9357        3.1091449E-06
   159.0625        3.1277634E-06
   159.1893        3.1389238E-06
   159.3161        3.1424752E-06
   159.4429        3.1382954E-06
   159.5697        3.1262900E-06
   159.6965        3.1063933E-06
   159.8233        3.0785661E-06
   159.9501        3.0427971E-06
   160.0769        2.9991020E-06
   160.2037        2.9475234E-06
