  -4.500000        1.5509633E-18
  -4.373208        1.5509677E-18
  -4.246415        1.5509753E-18
  -4.119622        1.5509861E-18
  -3.992829        1.5509987E-18
  -3.866037        1.5510111E-18
  -3.739244        1.5510231E-18
  -3.612452        1.5510330E-18
  -3.485659        1.5510404E-18
  -3.358866        1.5510449E-18
  -3.232074        1.5510465E-18
  -3.105281        1.5510461E-18
  -2.978488        1.5510446E-18
  -2.851696        1.5510425E-18
  -2.724903        1.5510412E-18
  -2.598110        1.5510411E-18
  -2.471318        1.5510427E-18
  -2.344525        1.5510458E-18
  -2.217732        1.5510504E-18
  -2.090940        1.5510553E-18
  -1.964147        1.5510594E-18
  -1.837354        1.5510615E-18
  -1.710562        1.5510603E-18
  -1.583769        1.5510547E-18
  -1.456976        1.5510444E-18
  -1.330184        1.5510298E-18
  -1.203391        1.5510117E-18
  -1.076598        1.5509910E-18
 -0.9498057        1.5509697E-18
 -0.8230131        1.5509489E-18
 -0.6962205        1.5509300E-18
 -0.5694278        1.5509143E-18
 -0.4426351        1.5509020E-18
 -0.3158425        1.5508932E-18
 -0.1890498        1.5508873E-18
 -6.2257171E-02    1.5508831E-18
  6.4535484E-02    1.5508780E-18
  0.1913281        1.5508710E-18
  0.3181208        1.5508605E-18
  0.4449134        1.5508451E-18
  0.5717061        1.5508240E-18
  0.6984987        1.5507981E-18
  0.8252914        1.5507682E-18
  0.9520841        1.5507364E-18
   1.078877        1.5507039E-18
   1.205669        1.5506737E-18
   1.332462        1.5506460E-18
   1.459255        1.5506229E-18
   1.586047        1.5506035E-18
   1.712840        1.5505882E-18
   1.839633        1.5505760E-18
   1.966425        1.5505648E-18
   2.093218        1.5505525E-18
   2.220011        1.5505384E-18
   2.346803        1.5505208E-18
   2.473596        1.5504989E-18
   2.600389        1.5504716E-18
   2.727181        1.5504400E-18
   2.853974        1.5504057E-18
   2.980767        1.5503702E-18
   3.107559        1.5503349E-18
   3.234352        1.5503016E-18
   3.361145        1.5502720E-18
   3.487937        1.5502459E-18
   3.614730        1.5502244E-18
   3.741522        1.5502073E-18
   3.868315        1.5501926E-18
   3.995108        1.5501800E-18
   4.121901        1.5501675E-18
   4.248693        1.5501536E-18
   4.375485        1.5501381E-18
   4.502278        1.5501192E-18
   4.629071        1.5500971E-18
   4.755864        1.5500709E-18
   4.882656        1.5500421E-18
   5.009449        1.5500104E-18
   5.136241        1.5499781E-18
   5.263034        1.5499454E-18
   5.389827        1.5499143E-18
   5.516620        1.5498857E-18
   5.643412        1.5498601E-18
   5.770205        1.5498383E-18
   5.896997        1.5498199E-18
   6.023790        1.5498051E-18
   6.150583        1.5497926E-18
   6.277375        1.5497813E-18
   6.404168        1.5497699E-18
   6.530961        1.5497572E-18
   6.657753        1.5497415E-18
   6.784546        1.5497221E-18
   6.911339        1.5496979E-18
   7.038131        1.5496693E-18
   7.164924        1.5496359E-18
   7.291717        1.5495995E-18
   7.418509        1.5495619E-18
   7.545302        1.5495248E-18
   7.672095        1.5494900E-18
   7.798887        1.5494601E-18
   7.925680        1.5494364E-18
   8.052472        1.5494189E-18
   8.179265        1.5494072E-18
   8.306058        1.5494013E-18
   8.432851        1.5493989E-18
   8.559643        1.5493982E-18
   8.686436        1.5493963E-18
   8.813229        1.5493924E-18
   8.940022        1.5493849E-18
   9.066813        1.5493718E-18
   9.193606        1.5493544E-18
   9.320399        1.5493326E-18
   9.447192        1.5493080E-18
   9.573984        1.5492823E-18
   9.700777        1.5492577E-18
   9.827570        1.5492355E-18
   9.954362        1.5492166E-18
   10.08115        1.5492014E-18
   10.20795        1.5491899E-18
   10.33474        1.5491806E-18
   10.46153        1.5491709E-18
   10.58833        1.5491596E-18
   10.71512        1.5491436E-18
   10.84191        1.5491226E-18
   10.96870        1.5490961E-18
   11.09550        1.5490639E-18
   11.22229        1.5490276E-18
   11.34908        1.5489894E-18
   11.47587        1.5489513E-18
   11.60267        1.5489163E-18
   11.72946        1.5488869E-18
   11.85625        1.5488653E-18
   11.98304        1.5488533E-18
   12.10984        1.5488516E-18
   12.23663        1.5488602E-18
   12.36342        1.5488787E-18
   12.49022        1.5489051E-18
   12.61701        1.5489359E-18
   12.74380        1.5489679E-18
   12.87059        1.5489970E-18
   12.99739        1.5490203E-18
   13.12418        1.5490331E-18
   13.25097        1.5490334E-18
   13.37776        1.5490178E-18
   13.50456        1.5489868E-18
   13.63135        1.5489391E-18
   13.75814        1.5488771E-18
   13.88493        1.5488027E-18
   14.01173        1.5487203E-18
   14.13852        1.5486340E-18
   14.26531        1.5485482E-18
   14.39211        1.5484681E-18
   14.51890        1.5483990E-18
   14.64569        1.5483436E-18
   14.77248        1.5483062E-18
   14.89928        1.5482884E-18
   15.02607        1.5482913E-18
   15.15286        1.5483158E-18
   15.27965        1.5483623E-18
   15.40645        1.5484309E-18
   15.53324        1.5485228E-18
   15.66003        1.5486396E-18
   15.78682        1.5487852E-18
   15.91362        1.5489628E-18
   16.04041        1.5491772E-18
   16.16720        1.5494339E-18
   16.29399        1.5497379E-18
   16.42079        1.5500937E-18
   16.54758        1.5505038E-18
   16.67437        1.5509709E-18
   16.80116        1.5514945E-18
   16.92796        1.5520726E-18
   17.05475        1.5527024E-18
   17.18154        1.5533780E-18
   17.30834        1.5540936E-18
   17.43513        1.5548434E-18
   17.56192        1.5556219E-18
   17.68871        1.5564247E-18
   17.81551        1.5572487E-18
   17.94230        1.5580936E-18
   18.06909        1.5589596E-18
   18.19588        1.5598487E-18
   18.32268        1.5607641E-18
   18.44947        1.5617096E-18
   18.57626        1.5626890E-18
   18.70305        1.5637042E-18
   18.82985        1.5647574E-18
   18.95664        1.5658479E-18
   19.08343        1.5669733E-18
   19.21023        1.5681295E-18
   19.33702        1.5693117E-18
   19.46381        1.5705130E-18
   19.59060        1.5717290E-18
   19.71740        1.5729522E-18
   19.84419        1.5741786E-18
   19.97098        1.5754054E-18
   20.09777        1.5766320E-18
   20.22457        1.5778592E-18
   20.35136        1.5790899E-18
   20.47815        1.5803278E-18
   20.60494        1.5815785E-18
   20.73174        1.5828462E-18
   20.85853        1.5841347E-18
   20.98532        1.5854467E-18
   21.11212        1.5867824E-18
   21.23891        1.5881406E-18
   21.36570        1.5895193E-18
   21.49249        1.5909147E-18
   21.61929        1.5923224E-18
   21.74608        1.5937390E-18
   21.87287        1.5951622E-18
   21.99966        1.5965908E-18
   22.12646        1.5980254E-18
   22.25325        1.5994687E-18
   22.38004        1.6009246E-18
   22.50683        1.6023978E-18
   22.63363        1.6038935E-18
   22.76042        1.6054172E-18
   22.88721        1.6069726E-18
   23.01401        1.6085610E-18
   23.14080        1.6101826E-18
   23.26759        1.6118340E-18
   23.39438        1.6135097E-18
   23.52118        1.6152017E-18
   23.64797        1.6169006E-18
   23.77476        1.6185968E-18
   23.90155        1.6202809E-18
   24.02835        1.6219437E-18
   24.15514        1.6235783E-18
   24.28193        1.6251788E-18
   24.40872        1.6267417E-18
   24.53552        1.6282663E-18
   24.66231        1.6297523E-18
   24.78910        1.6312018E-18
   24.91590        1.6326170E-18
   25.04269        1.6340009E-18
   25.16948        1.6353563E-18
   25.29627        1.6366849E-18
   25.42307        1.6379884E-18
   25.54986        1.6392677E-18
   25.67665        1.6405228E-18
   25.80344        1.6417544E-18
   25.93024        1.6429615E-18
   26.05703        1.6441445E-18
   26.18382        1.6453031E-18
   26.31061        1.6464392E-18
   26.43741        1.6475546E-18
   26.56420        1.6486515E-18
   26.69099        1.6497338E-18
   26.81779        1.6508050E-18
   26.94458        1.6518693E-18
   27.07137        1.6529319E-18
   27.19816        1.6539959E-18
   27.32495        1.6550647E-18
   27.45175        1.6561402E-18
   27.57854        1.6572239E-18
   27.70533        1.6583166E-18
   27.83213        1.6594172E-18
   27.95892        1.6605236E-18
   28.08571        1.6616328E-18
   28.21250        1.6627422E-18
   28.33930        1.6638485E-18
   28.46609        1.6649477E-18
   28.59288        1.6660372E-18
   28.71968        1.6671142E-18
   28.84647        1.6681772E-18
   28.97326        1.6692265E-18
   29.10005        1.6702624E-18
   29.22684        1.6712865E-18
   29.35364        1.6723009E-18
   29.48043        1.6733081E-18
   29.60722        1.6743097E-18
   29.73402        1.6753076E-18
   29.86081        1.6763020E-18
   29.98760        1.6772923E-18
   30.11439        1.6782770E-18
   30.24119        1.6792534E-18
   30.36798        1.6802171E-18
   30.49477        1.6811643E-18
   30.62156        1.6820910E-18
   30.74836        1.6829944E-18
   30.87515        1.6838733E-18
   31.00194        1.6847263E-18
   31.12873        1.6855547E-18
   31.25553        1.6863612E-18
   31.38232        1.6871501E-18
   31.50911        1.6879267E-18
   31.63591        1.6886964E-18
   31.76270        1.6894645E-18
   31.88949        1.6902364E-18
   32.01628        1.6910162E-18
   32.14308        1.6918071E-18
   32.26987        1.6926108E-18
   32.39666        1.6934284E-18
   32.52345        1.6942591E-18
   32.65025        1.6951014E-18
   32.77704        1.6959536E-18
   32.90383        1.6968129E-18
   33.03062        1.6976777E-18
   33.15742        1.6985455E-18
   33.28421        1.6994160E-18
   33.41100        1.7002875E-18
   33.53780        1.7011603E-18
   33.66459        1.7020352E-18
   33.79138        1.7029138E-18
   33.91817        1.7037967E-18
   34.04497        1.7046851E-18
   34.17176        1.7055779E-18
   34.29855        1.7064736E-18
   34.42534        1.7073695E-18
   34.55214        1.7082606E-18
   34.67893        1.7091420E-18
   34.80572        1.7100077E-18
   34.93251        1.7108527E-18
   35.05931        1.7116728E-18
   35.18610        1.7124657E-18
   35.31289        1.7132317E-18
   35.43969        1.7139731E-18
   35.56648        1.7146962E-18
   35.69327        1.7154081E-18
   35.82006        1.7161175E-18
   35.94686        1.7168328E-18
   36.07365        1.7175613E-18
   36.20044        1.7183081E-18
   36.32723        1.7190747E-18
   36.45403        1.7198601E-18
   36.58082        1.7206606E-18
   36.70761        1.7214680E-18
   36.83440        1.7222751E-18
   36.96120        1.7230728E-18
   37.08799        1.7238539E-18
   37.21478        1.7246130E-18
   37.34158        1.7253476E-18
   37.46837        1.7260588E-18
   37.59516        1.7267510E-18
   37.72195        1.7274303E-18
   37.84875        1.7281063E-18
   37.97554        1.7287880E-18
   38.10233        1.7294838E-18
   38.22912        1.7302010E-18
   38.35592        1.7309438E-18
   38.48271        1.7317139E-18
   38.60950        1.7325093E-18
   38.73629        1.7333261E-18
   38.86309        1.7341579E-18
   38.98988        1.7349979E-18
   39.11667        1.7358379E-18
   39.24347        1.7366713E-18
   39.37026        1.7374923E-18
   39.49705        1.7382965E-18
   39.62384        1.7390831E-18
   39.75064        1.7398510E-18
   39.87743        1.7406022E-18
   40.00422        1.7413403E-18
   40.13101        1.7420688E-18
   40.25780        1.7427916E-18
   40.38460        1.7435116E-18
   40.51139        1.7442325E-18
   40.63818        1.7449561E-18
   40.76498        1.7456826E-18
   40.89177        1.7464109E-18
   41.01856        1.7471401E-18
   41.14536        1.7478676E-18
   41.27215        1.7485899E-18
   41.39894        1.7493029E-18
   41.52573        1.7500034E-18
   41.65253        1.7506881E-18
   41.77932        1.7513554E-18
   41.90611        1.7520031E-18
   42.03290        1.7526323E-18
   42.15969        1.7532445E-18
   42.28649        1.7538425E-18
   42.41328        1.7544308E-18
   42.54007        1.7550134E-18
   42.66687        1.7555949E-18
   42.79366        1.7561787E-18
   42.92045        1.7567687E-18
   43.04725        1.7573657E-18
   43.17404        1.7579718E-18
   43.30083        1.7585862E-18
   43.42762        1.7592084E-18
   43.55442        1.7598361E-18
   43.68121        1.7604658E-18
   43.80800        1.7610948E-18
   43.93479        1.7617204E-18
   44.06158        1.7623397E-18
   44.18838        1.7629502E-18
   44.31517        1.7635509E-18
   44.44196        1.7641407E-18
   44.56876        1.7647195E-18
   44.69555        1.7652903E-18
   44.82234        1.7658536E-18
   44.94913        1.7664130E-18
   45.07593        1.7669719E-18
   45.20272        1.7675348E-18
   45.32951        1.7681062E-18
   45.45631        1.7686898E-18
   45.58310        1.7692899E-18
   45.70989        1.7699107E-18
   45.83668        1.7705543E-18
   45.96347        1.7712210E-18
   46.09027        1.7719098E-18
   46.21706        1.7726179E-18
   46.34385        1.7733404E-18
   46.47065        1.7740714E-18
   46.59744        1.7748070E-18
   46.72423        1.7755428E-18
   46.85102        1.7762748E-18
   46.97782        1.7770013E-18
   47.10461        1.7777218E-18
   47.23140        1.7784375E-18
   47.35820        1.7791491E-18
   47.48499        1.7798588E-18
   47.61178        1.7805681E-18
   47.73857        1.7812774E-18
   47.86536        1.7819869E-18
   47.99216        1.7826946E-18
   48.11895        1.7833983E-18
   48.24574        1.7840950E-18
   48.37254        1.7847805E-18
   48.49933        1.7854528E-18
   48.62612        1.7861100E-18
   48.75291        1.7867519E-18
   48.87971        1.7873812E-18
   49.00650        1.7880022E-18
   49.13329        1.7886211E-18
   49.26009        1.7892436E-18
   49.38688        1.7898776E-18
   49.51367        1.7905290E-18
   49.64046        1.7912025E-18
   49.76725        1.7919007E-18
   49.89405        1.7926253E-18
   50.02084        1.7933745E-18
   50.14763        1.7941461E-18
   50.27443        1.7949379E-18
   50.40122        1.7957454E-18
   50.52801        1.7965647E-18
   50.65480        1.7973919E-18
   50.78160        1.7982226E-18
   50.90839        1.7990546E-18
   51.03518        1.7998838E-18
   51.16198        1.8007091E-18
   51.28877        1.8015278E-18
   51.41556        1.8023399E-18
   51.54235        1.8031454E-18
   51.66914        1.8039440E-18
   51.79594        1.8047365E-18
   51.92273        1.8055225E-18
   52.04952        1.8063019E-18
   52.17632        1.8070747E-18
   52.30311        1.8078415E-18
   52.42990        1.8086015E-18
   52.55669        1.8093552E-18
   52.68349        1.8101036E-18
   52.81028        1.8108468E-18
   52.93707        1.8115865E-18
   53.06387        1.8123246E-18
   53.19066        1.8130645E-18
   53.31745        1.8138102E-18
   53.44424        1.8145658E-18
   53.57103        1.8153359E-18
   53.69783        1.8161269E-18
   53.82462        1.8169425E-18
   53.95141        1.8177846E-18
   54.07821        1.8186527E-18
   54.20500        1.8195422E-18
   54.33179        1.8204446E-18
   54.45858        1.8213479E-18
   54.58538        1.8222369E-18
   54.71217        1.8230939E-18
   54.83896        1.8239029E-18
   54.96576        1.8246477E-18
   55.09255        1.8253157E-18
   55.21934        1.8258962E-18
   55.34613        1.8263860E-18
   55.47292        1.8267843E-18
   55.59972        1.8270974E-18
   55.72651        1.8273363E-18
   55.85330        1.8275172E-18
   55.98009        1.8276607E-18
   56.10689        1.8277923E-18
   56.23368        1.8279393E-18
   56.36047        1.8281328E-18
   56.48727        1.8284048E-18
   56.61406        1.8287884E-18
   56.74085        1.8293174E-18
   56.86765        1.8300250E-18
   56.99444        1.8309434E-18
   57.12123        1.8321017E-18
   57.24802        1.8335244E-18
   57.37481        1.8352284E-18
   57.50161        1.8372217E-18
   57.62840        1.8395010E-18
   57.75519        1.8420475E-18
   57.88198        1.8448249E-18
   58.00878        1.8477792E-18
   58.13557        1.8508344E-18
   58.26236        1.8538970E-18
   58.38916        1.8568519E-18
   58.51595        1.8595686E-18
   58.64274        1.8619039E-18
   58.76954        1.8637057E-18
   58.89633        1.8648224E-18
   59.02312        1.8651095E-18
   59.14991        1.8644405E-18
   59.27670        1.8627154E-18
   59.40350        1.8598726E-18
   59.53029        1.8559007E-18
   59.65708        1.8508443E-18
   59.78387        1.8448142E-18
   59.91067        1.8379922E-18
   60.03746        1.8306322E-18
   60.16425        1.8230616E-18
   60.29105        1.8156759E-18
   60.41784        1.8089288E-18
   60.54463        1.8033189E-18
   60.67142        1.7993718E-18
   60.79822        1.7976182E-18
   60.92501        1.7985678E-18
   61.05180        1.8026772E-18
   61.17859        1.8103183E-18
   61.30539        1.8217460E-18
   61.43218        1.8370623E-18
   61.55897        1.8561865E-18
   61.68576        1.8788268E-18
   61.81256        1.9044597E-18
   61.93935        1.9323162E-18
   62.06614        1.9613782E-18
   62.19294        1.9903893E-18
   62.31973        2.0178794E-18
   62.44652        2.0422051E-18
   62.57331        2.0616068E-18
   62.70011        2.0742793E-18
   62.82690        2.0784652E-18
   62.95369        2.0725517E-18
   63.08048        2.0551859E-18
   63.20728        2.0253887E-18
   63.33407        1.9826733E-18
   63.46086        1.9271530E-18
   63.58765        1.8596362E-18
   63.71445        1.7817007E-18
   63.84124        1.6957392E-18
   63.96803        1.6049652E-18
   64.09483        1.5133774E-18
   64.22162        1.4256777E-18
   64.34841        1.3471336E-18
   64.47520        1.2833896E-18
   64.60200        1.2402300E-18
   64.72879        1.2232926E-18
   64.85558        1.2377458E-18
   64.98238        1.2879402E-18
   65.10917        1.3770459E-18
   65.23596        1.5066995E-18
   65.36275        1.6766724E-18
   65.48955        1.8845898E-18
   65.61633        2.1257183E-18
   65.74313        2.3928468E-18
   65.86992        2.6762767E-18
   65.99671        2.9639496E-18
   66.12350        3.2417113E-18
   66.25030        3.4937338E-18
   66.37709        3.7030858E-18
   66.50388        3.8524502E-18
   66.63068        3.9249691E-18
   66.75747        3.9051945E-18
   66.88426        3.7801046E-18
   67.01105        3.5401440E-18
   67.13785        3.1802396E-18
   67.26464        2.7007269E-18
   67.39143        2.1081366E-18
   67.51823        1.4157637E-18
   67.64502        6.4397458E-19
   67.77181       -1.7981454E-19
   67.89861       -1.0215297E-18
   68.02540       -1.8412321E-18
   68.15219       -2.5943283E-18
   68.27898       -3.2331963E-18
   68.40578       -3.7091953E-18
   68.53257       -3.9750119E-18
   68.65936       -3.9872682E-18
   68.78616       -3.7092838E-18
   68.91295       -3.1138801E-18
   69.03974       -2.1860800E-18
   69.16653       -9.2554934E-19
   69.29333        6.5138085E-19
   69.42011        2.5102702E-18
   69.54691        4.5978594E-18
   69.67370        6.8422300E-18
   69.80049        9.1539297E-18
   69.92728        1.1428154E-17
   70.05408        1.3547983E-17
   70.18087        1.5388678E-17
   70.30766        1.6822911E-17
   70.43446        1.7726825E-17
   70.56125        1.7986687E-17
   70.68804        1.7505890E-17
   70.81483        1.6211977E-17
   70.94163        1.4063336E-17
   71.06842        1.1055180E-17
   71.19521        7.2244259E-18
   71.32201        2.6530836E-18
   71.44880       -2.5302249E-18
   71.57559       -8.1508765E-18
   71.70238       -1.3991264E-17
   71.82918       -1.9796333E-17
   71.95597       -2.5281674E-17
   72.08276       -3.0144060E-17
   72.20956       -3.4074197E-17
   72.33635       -3.6771298E-17
   72.46314       -3.7958984E-17
   72.58994       -3.7401812E-17
   72.71673       -3.4921723E-17
   72.84352       -3.0413565E-17
   72.97031       -2.3858726E-17
   73.09711       -1.5336102E-17
   73.22389       -5.0293805E-18
   73.35069        6.7699886E-18
   73.47748        1.9664917E-17
   73.60427        3.3160304E-17
   73.73106        4.6676366E-17
   73.85786        5.9567744E-17
   73.98465        7.1148001E-17
   74.11144        8.0718905E-17
   74.23824        8.7603542E-17
   74.36503        9.1182018E-17
   74.49182        9.0928319E-17
   74.61861        8.6446469E-17
   74.74541        7.7504196E-17
   74.87220        6.4062094E-17
   74.99899        4.6296379E-17
   75.12579        2.4613269E-17
   75.25258       -3.4642063E-19
   75.37937       -2.7714013E-17
   75.50616       -5.6411693E-17
   75.63296       -8.5183734E-17
   75.75975       -1.1263986E-16
   75.88654       -1.3730997E-16
   76.01334       -1.5770867E-16
   76.14013       -1.7240736E-16
   76.26692       -1.8011114E-16
   76.39371       -1.7973710E-16
   76.52051       -1.7049034E-16
   76.64730       -1.5193360E-16
   76.77409       -1.2404631E-16
   76.90089       -8.7269044E-17
   77.02767       -4.2529640E-17
   77.15446        8.7522492E-18
   77.28126        6.4684664E-17
   77.40805        1.2294851E-16
   77.53484        1.8086872E-16
   77.66164        2.3551047E-16
   77.78843        2.8379865E-16
   77.91522        3.2265648E-16
   78.04202        3.4915895E-16
   78.16881        3.6069453E-16
   78.29560        3.5512825E-16
   78.42239        3.3095819E-16
   78.54919        2.8745680E-16
   78.67598        2.2478865E-16
   78.80277        1.4409620E-16
   78.92957        4.7546461E-17
   79.05636       -6.1668320E-17
   79.18315       -1.7938024E-16
   79.30994       -3.0054876E-16
   79.43674       -4.1941689E-16
   79.56353       -5.2971926E-16
   79.69032       -6.2493657E-16
   79.81712       -6.9858862E-16
   79.94391       -7.4455668E-16
   80.07070       -7.5742120E-16
   80.19749       -7.3280103E-16
   80.32429       -6.6767769E-16
   80.45108       -5.6068785E-16
   80.57787       -4.1236550E-16
   80.70466       -2.2531963E-16
   80.83145       -4.3299559E-18
   80.95824        2.4365056E-16
   81.08504        5.0959630E-16
   81.21183        7.8261816E-16
   81.33862        1.0502821E-15
   81.46542        1.2990329E-15
   81.59221        1.5147143E-15
   81.71900        1.6831696E-15
   81.84579        1.7909029E-15
   81.97259        1.8257778E-15
   82.09938        1.7777225E-15
   82.22617        1.6394108E-15
   82.35297        1.4068859E-15
   82.47976        1.0800915E-15
   82.60655        6.6327894E-16
   82.73335        1.6525791E-16
   82.86014       -4.0053184E-16
   82.98693       -1.0161525E-15
   83.11372       -1.6595129E-15
   83.24052       -2.3049323E-15
   83.36731       -2.9239169E-15
   83.49410       -3.4861369E-15
   83.62090       -3.9605757E-15
   83.74769       -4.3168191E-15
   83.87448       -4.5264378E-15
   84.00127       -4.5644136E-15
   84.12807       -4.4105514E-15
   84.25486       -4.0508118E-15
   84.38165       -3.4785009E-15
   84.50844       -2.6952552E-15
   84.63523       -1.7117617E-15
   84.76202       -5.4815690E-16
   84.88882        7.6593590E-16
   85.01561        2.1917655E-15
   85.14240        3.6822237E-15
   85.26920        5.1830323E-15
   85.39599        6.6343288E-15
   85.52278        7.9726180E-15
   85.64957        9.1330370E-15
   85.77637        1.0051870E-14
   85.90316        1.0669218E-14
   86.02995        1.0931739E-14
   86.15675        1.0795343E-14
   86.28354        1.0227741E-14
   86.41033        9.2107032E-15
   86.53712        7.7419641E-15
   86.66392        5.8366169E-15
   86.79071        3.5279458E-15
   86.91750        8.6759425E-16
   87.04430       -2.0749675E-15
   87.17109       -5.2137161E-15
   87.29788       -8.4480872E-15
   87.42467       -1.1665699E-14
   87.55147       -1.4745731E-14
   87.67826       -1.7562869E-14
   87.80505       -1.9991711E-14
   87.93185       -2.1911473E-14
   88.05864       -2.3210859E-14
   88.18543       -2.3792898E-14
   88.31222       -2.3579576E-14
   88.43901       -2.2516053E-14
   88.56580       -2.0574312E-14
   88.69260       -1.7756015E-14
   88.81939       -1.4094476E-14
   88.94618       -9.6555505E-15
   89.07298       -4.5374001E-15
   89.19977        1.1309503E-15
   89.32656        7.1922838E-15
   89.45335        1.3465047E-14
   89.58015        1.9748328E-14
   89.70694        2.5827820E-14
   89.83373        3.1482639E-14
   89.96053        3.6492731E-14
   90.08732        4.0646692E-14
   90.21411        4.3749713E-14
   90.34090        4.5631318E-14
   90.46770        4.6152704E-14
   90.59449        4.5213291E-14
   90.72128        4.2756272E-14
   90.84808        3.8772876E-14
   90.97487        3.3305166E-14
   91.10166        2.6447132E-14
   91.22845        1.8344059E-14
   91.35525        9.1900009E-15
   91.48204       -7.7653492E-16
   91.60883       -1.1278683E-14
   91.73563       -2.2008926E-14
   91.86242       -3.2638192E-14
   91.98921       -4.2826115E-14
   92.11600       -5.2232080E-14
   92.24279       -6.0526731E-14
   92.36958       -6.7403555E-14
   92.49638       -7.2590012E-14
   92.62317       -7.5858007E-14
   92.74996       -7.7033039E-14
   92.87675       -7.6001868E-14
   93.00355       -7.2718239E-14
   93.13034       -6.7206406E-14
   93.25713       -5.9562313E-14
   93.38393       -4.9952206E-14
   93.51072       -3.8608741E-14
   93.63751       -2.5824634E-14
   93.76431       -1.1943910E-14
   93.89110        2.6487893E-15
   94.01789        1.7540711E-14
   94.14468        3.2304702E-14
   94.27148        4.6513757E-14
   94.39827        5.9755789E-14
   94.52506        7.1648078E-14
   94.65186        8.1850799E-14
   94.77865        9.0079115E-14
   94.90544        9.6113215E-14
   95.03223        9.9805953E-14
   95.15903        1.0108760E-13
   95.28582        9.9967499E-14
   95.41261        9.6532523E-14
   95.53941        9.0942160E-14
   95.66620        8.3420555E-14
   95.79299        7.4245636E-14
   95.91978        6.3735787E-14
   96.04657        5.2234665E-14
   96.17336        4.0094731E-14
   96.30016        2.7660274E-14
   96.42695        1.5250788E-14
   96.55374        3.1454588E-15
   96.68053       -8.4303241E-15
   96.80733       -1.9315756E-14
   96.93412       -2.9421889E-14
   97.06091       -3.8734912E-14
   97.18771       -4.7314966E-14
   97.31450       -5.5290340E-14
   97.44129       -6.2846992E-14
   97.56808       -7.0213671E-14
   97.69488       -7.7643051E-14
   97.82167       -8.5389730E-14
   97.94846       -9.3685842E-14
   98.07526       -1.0271557E-13
   98.20205       -1.1258973E-13
   98.32884       -1.2332199E-13
   98.45564       -1.3480802E-13
   98.58243       -1.4680904E-13
   98.70922       -1.5894123E-13
   98.83601       -1.7067222E-13
   98.96281       -1.8132537E-13
   99.08960       -1.9009295E-13
   99.21639       -1.9605822E-13
   99.34319       -1.9822655E-13
   99.46998       -1.9556493E-13
   99.59677       -1.8704904E-13
   99.72356       -1.7171631E-13
   99.85035       -1.4872343E-13
   99.97714       -1.1740565E-13
   100.1039       -7.7335789E-14
   100.2307       -2.8379646E-14
   100.3575        2.9254505E-14
   100.4843        9.4975826E-14
   100.6111        1.6778264E-13
   100.7379        2.4624869E-13
   100.8647        3.2852605E-13
   100.9915        4.1236646E-13
   101.1183        4.9516164E-13
   101.2451        5.7400314E-13
   101.3719        6.4576155E-13
   101.4987        7.0718214E-13
   101.6255        7.5499660E-13
   101.7522        7.8604592E-13
   101.8790        7.9741145E-13
   102.0058        7.8654878E-13
   102.1326        7.5142009E-13
   102.2594        6.9061841E-13
   102.3862        6.0347848E-13
   102.5130        4.9016932E-13
   102.6398        3.5176162E-13
   102.7666        1.9026686E-13
   102.8934        8.6435265E-15
   103.0202       -1.8923239E-13
   103.1470       -3.9863360E-13
   103.2738       -6.1408512E-13
   103.4006       -8.2950324E-13
   103.5273       -1.0383674E-12
   103.6541       -1.2339193E-12
   103.7809       -1.4093852E-12
   103.9077       -1.5582108E-12
   104.0345       -1.6743042E-12
   104.1613       -1.7522737E-12
   104.2881       -1.7876539E-12
   104.4149       -1.7771083E-12
   104.5417       -1.7186001E-12
   104.6685       -1.6115218E-12
   104.7953       -1.4567770E-12
   104.9221       -1.2568079E-12
   105.0489       -1.0155657E-12
   105.1756       -7.3842083E-13
   105.3024       -4.3201589E-13
   105.4292       -1.0406298E-13
   105.5560        2.3690688E-13
   105.6828        5.8183504E-13
   105.8096        9.2145529E-13
   105.9364        1.2466312E-12
   106.0632        1.5486951E-12
   106.1900        1.8197765E-12
   106.3168        2.0531018E-12
   106.4436        2.2432522E-12
   106.5704        2.3863674E-12
   106.6972        2.4802810E-12
   106.8240        2.5245808E-12
   106.9507        2.5205866E-12
   107.0775        2.4712437E-12
   107.2043        2.3809346E-12
   107.3311        2.2552116E-12
   107.4579        2.1004646E-12
   107.5847        1.9235325E-12
   107.7115        1.7312802E-12
   107.8383        1.5301596E-12
   107.9651        1.3257751E-12
   108.0919        1.1224801E-12
   108.2187        9.2302815E-13
   108.3455        7.2829931E-13
   108.4723        5.3712590E-13
   108.5990        3.4623251E-13
   108.7258        1.5030697E-13
   108.8526       -5.7793912E-14
   108.9794       -2.8669778E-13
   109.1062       -5.4603582E-13
   109.2330       -8.4584092E-13
   109.3598       -1.1958406E-12
   109.4866       -1.6046734E-12
   109.6134       -2.0790587E-12
   109.7402       -2.6229587E-12
   109.8670       -3.2367726E-12
   109.9938       -3.9166084E-12
   110.1206       -4.6536733E-12
   110.2474       -5.4338300E-12
   110.3741       -6.2373587E-12
   110.5009       -7.0389515E-12
   110.6277       -7.8079791E-12
   110.7545       -8.5090364E-12
   110.8813       -9.1027819E-12
   111.0081       -9.5470611E-12
   111.1349       -9.7982993E-12
   111.2617       -9.8131329E-12
   111.3885       -9.5502321E-12
   111.5153       -8.9722674E-12
   111.6421       -8.0479425E-12
   111.7689       -6.7540301E-12
   111.8957       -5.0773105E-12
   112.0224       -3.0163491E-12
   112.1492       -5.8300885E-13
   112.2760        2.1963815E-12
   112.4028        5.2802793E-12
   112.5296        8.6116687E-12
   112.6564        1.2118349E-11
   112.7832        1.5713800E-11
   112.9100        1.9298655E-11
   113.0368        2.2762774E-11
   113.1636        2.5987884E-11
   113.2904        2.8850759E-11
   113.4172        3.1226844E-11
   113.5440        3.2994260E-11
   113.6708        3.4038029E-11
   113.7975        3.4254460E-11
   113.9243        3.3555488E-11
   114.0511        3.1872838E-11
   114.1779        2.9161878E-11
   114.3047        2.5404961E-11
   114.4315        2.0614167E-11
   114.5583        1.4833261E-11
   114.6851        8.1387752E-12
   114.8119        6.4012137E-13
   114.9387       -7.5213325E-12
   115.0655       -1.6174255E-11
   115.1923       -2.5120404E-11
   115.3191       -3.4138713E-11
   115.4458       -4.2990330E-11
   115.5726       -5.1424486E-11
   115.6994       -5.9185074E-11
   115.8262       -6.6017740E-11
   115.9530       -7.1677345E-11
   116.0798       -7.5935438E-11
   116.2066       -7.8587747E-11
   116.3334       -7.9461174E-11
   116.4602       -7.8420319E-11
   116.5870       -7.5373138E-11
   116.7138       -7.0275598E-11
   116.8406       -6.3135143E-11
   116.9674       -5.4012884E-11
   117.0942       -4.3024237E-11
   117.2209       -3.0338163E-11
   117.3477       -1.6174855E-11
   117.4745       -8.0191962E-13
   117.6013        1.5470861E-11
   117.7281        3.2298036E-11
   117.8549        4.9306153E-11
   117.9817        6.6102360E-11
   118.1085        8.2283708E-11
   118.2353        9.7446877E-11
   118.3621        1.1119818E-10
   118.4889        1.2316334E-10
   118.6157        1.3299707E-10
   118.7425        1.4039186E-10
   118.8692        1.4508605E-10
   118.9960        1.4687074E-10
   119.1228        1.4559549E-10
   119.2496        1.4117266E-10
   119.3764        1.3358011E-10
   119.5032        1.2286261E-10
   119.6300        1.0913154E-10
   119.7568        9.2563124E-11
   119.8836        7.3395297E-11
   120.0104        5.1923261E-11
   120.1372        2.8493896E-11
   120.2640        3.4992432E-12
   120.3908       -2.2630828E-11
   120.5176       -4.9436451E-11
   120.6443       -7.6436024E-11
   120.7711       -1.0313457E-10
   120.8979       -1.2903210E-10
   121.0247       -1.5363190E-10
   121.1515       -1.7644826E-10
   121.2783       -1.9701414E-10
   121.4051       -2.1488801E-10
   121.5319       -2.2966033E-10
   121.6587       -2.4095953E-10
   121.7855       -2.4845723E-10
   121.9123       -2.5187322E-10
   122.0391       -2.5097974E-10
   122.1659       -2.4560559E-10
   122.2927       -2.3563956E-10
   122.4194       -2.2103389E-10
   122.5462       -2.0180715E-10
   122.6730       -1.7804705E-10
   122.7998       -1.4991280E-10
   122.9266       -1.1763723E-10
   123.0534       -8.1528347E-11
   123.1802       -4.1970427E-11
   123.3070        5.7561871E-13
   123.4338        4.5572813E-11
   123.5606        9.2409726E-11
   123.6874        1.4040338E-10
   123.8142        1.8880368E-10
   123.9410        2.3679955E-10
   124.0677        2.8352687E-10
   124.1945        3.2807856E-10
   124.3213        3.6951667E-10
   124.4481        4.0688655E-10
   124.5749        4.3923321E-10
   124.7017        4.6561954E-10
   124.8285        4.8514620E-10
   124.9553        4.9697330E-10
   125.0821        5.0034227E-10
   125.2089        4.9459931E-10
   125.3357        4.7921800E-10
   125.4625        4.5382162E-10
   125.5893        4.1820403E-10
   125.7161        3.7234860E-10
   125.8428        3.1644443E-10
   125.9696        2.5089875E-10
   126.0964        1.7634585E-10
   126.2232        9.3650629E-11
   126.3500        3.9074200E-12
   126.4768       -9.1567025E-11
   126.6036       -1.9124645E-10
   126.7304       -2.9341390E-10
   126.8572       -3.9618658E-10
   126.9840       -4.9754623E-10
   127.1108       -5.9537514E-10
   127.2376       -6.8749650E-10
   127.3644       -7.7171924E-10
   127.4911       -8.4588525E-10
   127.6179       -9.0791935E-10
   127.7447       -9.5587971E-10
   127.8715       -9.8800823E-10
   127.9983       -1.0027789E-09
   128.1251       -9.9894337E-10
   128.2519       -9.7557318E-10
   128.3787       -9.3209507E-10
   128.5055       -8.6832097E-10
   128.6323       -7.8447038E-10
   128.7591       -6.8118389E-10
   128.8859       -5.5952837E-10
   129.0127       -4.2099230E-10
   129.1395       -2.6747213E-10
   129.2663       -1.0124887E-10
   129.3930        7.5044679E-11
   129.5198        2.5846514E-10
   129.6466        4.4580789E-10
   129.7734        6.3366290E-10
   129.9002        8.1847734E-10
   130.0270        9.9662179E-10
   130.1538        1.1644603E-09
   130.2806        1.3184218E-09
   130.4074        1.4550721E-09
   130.5342        1.5711837E-09
   130.6610        1.6638045E-09
   130.7878        1.7303201E-09
   130.9146        1.7685121E-09
   131.0414        1.7766096E-09
   131.1681        1.7533321E-09
   131.2949        1.6979249E-09
   131.4217        1.6101843E-09
   131.5485        1.4904742E-09
   131.6753        1.3397317E-09
   131.8021        1.1594637E-09
   131.9289        9.5173325E-10
   132.0557        7.1913586E-10
   132.1825        4.6476767E-10
   132.3093        1.9218441E-10
   132.4361       -9.4646797E-11
   132.5629       -3.9140338E-10
   132.6897       -6.9346900E-10
   132.8164       -9.9600017E-10
   132.9432       -1.2939979E-09
   133.0700       -1.5823818E-09
   133.1968       -1.8560672E-09
   133.3236       -2.1100433E-09
   133.4504       -2.3394515E-09
   133.5772       -2.5396647E-09
   133.7040       -2.7063627E-09
   133.8308       -2.8356066E-09
   133.9576       -2.9239116E-09
   134.0844       -2.9683112E-09
   134.2112       -2.9664211E-09
   134.3380       -2.9164944E-09
   134.4648       -2.8174703E-09
   134.5915       -2.6690155E-09
   134.7183       -2.4715563E-09
   134.8451       -2.2263025E-09
   134.9719       -1.9352588E-09
   135.0987       -1.6012275E-09
   135.2255       -1.2277971E-09
   135.3523       -8.1932072E-10
   135.4791       -3.8088027E-10
   135.6059        8.1762597E-11
   135.7327        5.6222721E-10
   135.8595        1.0535891E-09
   135.9863        1.5484672E-09
   136.1131        2.0391226E-09
   136.2398        2.5175699E-09
   136.3666        2.9756952E-09
   136.4934        3.4053866E-09
   136.6202        3.7986672E-09
   136.7470        4.1478332E-09
   136.8738        4.4455981E-09
   137.0006        4.6852286E-09
   137.1274        4.8606847E-09
   137.2542        4.9667488E-09
   137.3810        4.9991482E-09
   137.5078        4.9546660E-09
   137.6346        4.8312354E-09
   137.7614        4.6280193E-09
   137.8882        4.3454706E-09
   138.0149        3.9853685E-09
   138.1417        3.5508341E-09
   138.2685        3.0463227E-09
   138.3953        2.4775895E-09
   138.5221        1.8516291E-09
   138.6489        1.1765945E-09
   138.7757        4.6168708E-10
   138.9025       -2.8297195E-10
   139.0293       -1.0464932E-09
   139.1561       -1.8173874E-09
   139.2829       -2.5837492E-09
   139.4097       -3.3334548E-09
   139.5365       -4.0543666E-09
   139.6632       -4.7345416E-09
   139.7900       -5.3624434E-09
   139.9168       -5.9271490E-09
   140.0436       -6.4185492E-09
   140.1704       -6.8275372E-09
   140.2972       -7.1461850E-09
   140.4240       -7.3678965E-09
   140.5508       -7.4875439E-09
   140.6776       -7.5015807E-09
   140.8044       -7.4081199E-09
   140.9312       -7.2069977E-09
   141.0580       -6.8997967E-09
   141.1848       -6.4898429E-09
   141.3116       -5.9821725E-09
   141.4383       -5.3834697E-09
   141.5651       -4.7019717E-09
   141.6919       -3.9473513E-09
   141.8187       -3.1305685E-09
   141.9455       -2.2637012E-09
   142.0723       -1.3597524E-09
   142.1991       -4.3244125E-10
   142.3259        5.0402305E-10
   142.4527        1.4351781E-09
   142.5795        2.3465543E-09
   142.7063        3.2239234E-09
   142.8331        4.0535495E-09
   142.9599        4.8224345E-09
   143.0867        5.5185589E-09
   143.2134        6.1311094E-09
   143.3402        6.6506871E-09
   143.4670        7.0695041E-09
   143.5938        7.3815505E-09
   143.7206        7.5827389E-09
   143.8474        7.6710140E-09
   143.9742        7.6464364E-09
   144.1010        7.5112228E-09
   144.2278        7.2697550E-09
   144.3546        6.9285426E-09
   144.4814        6.4961561E-09
   144.6082        5.9831065E-09
   144.7350        5.4016915E-09
   144.8617        4.7658029E-09
   144.9885        4.0906909E-09
   145.1153        3.3926952E-09
   145.2421        2.6889500E-09
   145.3689        1.9970532E-09
   145.4957        1.3347177E-09
   145.6225        7.1940592E-10
   145.7493        1.6795743E-10
   145.8761       -3.0379022E-10
   146.0029       -6.8136968E-10
   146.1297       -9.5204300E-10
   146.2565       -1.1051358E-09
   146.3833       -1.1323468E-09
   146.5101       -1.0280115E-09
   146.6368       -7.8932649E-10
   146.7636       -4.1652282E-10
   146.8904        8.7016720E-11
   147.0172        7.1471362E-10
   147.1440        1.4567949E-09
   147.2708        2.3003739E-09
   147.3976        3.2295990E-09
   147.5244        4.2258566E-09
   147.6512        5.2680442E-09
   147.7780        6.3329035E-09
   147.9048        7.3953967E-09
   148.0316        8.4291276E-09
   148.1584        9.4068078E-09
   148.2851        1.0300734E-08
   148.4119        1.1083297E-08
   148.5387        1.1727485E-08
   148.6655        1.2207385E-08
   148.7923        1.2498677E-08
   148.9191        1.2579090E-08
   149.0459        1.2428850E-08
   149.1727        1.2031072E-08
   149.2995        1.1372125E-08
   149.4263        1.0441940E-08
   149.5531        9.2342951E-09
   149.6799        7.7470368E-09
   149.8067        5.9822840E-09
   149.9335        3.9465773E-09
   150.0602        1.6510273E-09
   150.1870       -8.8856889E-10
   150.3138       -3.6516117E-09
   150.4406       -6.6125763E-09
   150.5674       -9.7408863E-09
   150.6942       -1.3000746E-08
   150.8210       -1.6350954E-08
   150.9478       -1.9744682E-08
   151.0746       -2.3129189E-08
   151.2014       -2.6445512E-08
   151.3282       -2.9628094E-08
   151.4550       -3.2604390E-08
   151.5818       -3.5294438E-08
   151.7085       -3.7610398E-08
   151.8353       -3.9456108E-08
   151.9621       -4.0726672E-08
   152.0889       -4.1308034E-08
   152.2157       -4.1076696E-08
   152.3425       -3.9899462E-08
   152.4693       -3.7633374E-08
   152.5961       -3.4125740E-08
   152.7229       -2.9214387E-08
   152.8497       -2.2728115E-08
   152.9765       -1.4487372E-08
   153.1033       -4.3052135E-09
   153.2301        8.0114688E-09
   153.3569        2.2660501E-08
   153.4836        3.9842611E-08
   153.6104        5.9759380E-08
   153.7372        8.2610896E-08
   153.8640        1.0859321E-07
   153.9908        1.3789553E-07
   154.1176        1.7069726E-07
   154.2444        2.0716485E-07
   154.3712        2.4744861E-07
   154.4980        2.9167953E-07
   154.6248        3.3996588E-07
   154.7516        3.9239035E-07
   154.8784        4.4900690E-07
   155.0052        5.0983806E-07
   155.1319        5.7487262E-07
   155.2587        6.4406311E-07
   155.3855        7.1732461E-07
   155.5123        7.9453326E-07
   155.6391        8.7552564E-07
   155.7659        9.6009842E-07
   155.8927        1.0480088E-06
   156.0195        1.1389752E-06
   156.1463        1.2326792E-06
   156.2731        1.3287674E-06
   156.3999        1.4268542E-06
   156.5267        1.5265241E-06
   156.6535        1.6273366E-06
   156.7803        1.7288290E-06
   156.9070        1.8305217E-06
   157.0338        1.9319218E-06
   157.1606        2.0325281E-06
   157.2874        2.1318369E-06
   157.4142        2.2293461E-06
   157.5410        2.3245602E-06
   157.6678        2.4169954E-06
   157.7946        2.5061834E-06
   157.9214        2.5916770E-06
   158.0482        2.6730524E-06
   158.1750        2.7499148E-06
   158.3018        2.8218994E-06
   158.4286        2.8886752E-06
   158.5553        2.9499477E-06
   158.6821        3.0054591E-06
   158.8089        3.0549907E-06
   158.9357        3.0983626E-06
   159.0625        3.1354350E-06
   159.1893        3.1661059E-06
   159.3161        3.1903123E-06
   159.4429        3.2080286E-06
   159.5697        3.2192640E-06
   159.6965        3.2240628E-06
   159.8233        3.2225003E-06
   159.9501        3.2146822E-06
   160.0769        3.2007410E-06
   160.2037        3.1808352E-06
