  -4.500000        1.0444063E-17
  -4.373208        1.0444082E-17
  -4.246415        1.0444111E-17
  -4.119622        1.0444145E-17
  -3.992829        1.0444170E-17
  -3.866037        1.0444625E-17
  -3.739244        1.0446785E-17
  -3.612452        1.0449772E-17
  -3.485659        1.0442323E-17
  -3.358866        1.0400897E-17
  -3.232074        1.0325326E-17
  -3.105281        1.0341470E-17
  -2.978488        1.0846501E-17
  -2.851696        1.2569834E-17
  -2.724903        1.6332023E-17
  -2.598110        2.2306953E-17
  -2.471318        2.8818979E-17
  -2.344525        3.1148938E-17
  -2.217732        2.1353555E-17
  -2.090940       -9.5950470E-18
  -1.964147       -6.6453096E-17
  -1.837354       -1.4179883E-16
  -1.710562       -2.0889758E-16
  -1.583769       -2.2132355E-16
  -1.456976       -1.2582681E-16
  -1.330184        1.0905314E-16
  -1.203391        4.5519778E-16
  -1.076598        7.9572514E-16
 -0.9498057        9.2894844E-16
 -0.8230131        6.2487865E-16
 -0.6962205       -2.6661270E-16
 -0.5694278       -1.6871089E-15
 -0.4426351       -3.2779917E-15
 -0.3158425       -4.3892735E-15
 -0.1890498       -4.2276990E-15
 -6.2257171E-02   -2.1318650E-15
  6.4535484E-02    2.0963295E-15
  0.1913281        7.9146555E-15
  0.3181208        1.3931275E-14
  0.4449134        1.8038492E-14
  0.5717061        1.7800399E-14
  0.6984987        1.1037041E-14
  0.8252914       -3.5060335E-15
  0.9520841       -2.5545799E-14
   1.078877       -5.2862483E-14
   1.205669       -8.1261929E-14
   1.332462       -1.0501686E-13
   1.459255       -1.1783361E-13
   1.586047       -1.1427179E-13
   1.712840       -9.1390532E-14
   1.839633       -5.0249999E-14
   1.966425        3.1784071E-15
   2.093218        5.8088002E-14
   2.220011        1.0010280E-13
   2.346803        1.1364975E-13
   2.473596        8.5060594E-14
   2.600389        5.8367871E-15
   2.727181       -1.2451403E-13
   2.853974       -2.9652726E-13
   2.980767       -4.8996701E-13
   3.107559       -6.7423953E-13
   3.234352       -8.1010014E-13
   3.361145       -8.5282416E-13
   3.487937       -7.5712326E-13
   3.614730       -4.8404428E-13
   3.741522       -9.7209431E-15
   3.868315        6.6483071E-13
   3.995108        1.5045225E-12
   4.121901        2.4339127E-12
   4.248693        3.3362766E-12
   4.375485        4.0598510E-12
   4.502278        4.4317419E-12
   4.629071        4.2782193E-12
   4.755864        3.4485164E-12
   4.882656        1.8381731E-12
   5.009449       -5.9211983E-13
   5.136241       -3.8054364E-12
   5.263034       -7.6871669E-12
   5.389827       -1.2053584E-11
   5.516620       -1.6669546E-11
   5.643412       -2.1273684E-11
   5.770205       -2.5608867E-11
   5.896997       -2.9455136E-11
   6.023790       -3.2661502E-11
   6.150583       -3.5171935E-11
   6.277375       -3.7040055E-11
   6.404168       -3.8427414E-11
   6.530961       -3.9582313E-11
   6.657753       -4.0800103E-11
   6.784546       -4.2371509E-11
   6.911339       -4.4530948E-11
   7.038131       -4.7420408E-11
   7.164924       -5.1084612E-11
   7.291717       -5.5509035E-11
   7.418509       -6.0704636E-11
   7.545302       -6.6834184E-11
   7.672095       -7.4368373E-11
   7.798887       -8.4257504E-11
   7.925680       -9.8109347E-11
   8.052472       -1.1837378E-10
   8.179265       -1.4854810E-10
   8.306058       -1.9342722E-10
   8.432851       -2.5942459E-10
   8.559643       -3.5497860E-10
   8.686436       -4.9103094E-10
   8.813229       -6.8151951E-10
   8.940022       -9.4377639E-10
   9.066813       -1.2986637E-09
   9.193606       -1.7702325E-09
   9.320399       -2.3846585E-09
   9.447192       -3.1682115E-09
   9.573984       -4.1440438E-09
   9.700777       -5.3276734E-09
   9.827570       -6.7211476E-09
   9.954362       -8.3060288E-09
   10.08115       -1.0035540E-08
   10.20795       -1.1826391E-08
   10.33474       -1.3550990E-08
   10.46153       -1.5030922E-08
   10.58833       -1.6032661E-08
   10.71512       -1.6266533E-08
   10.84191       -1.5389924E-08
   10.96870       -1.3015572E-08
   11.09550       -8.7255874E-09
   11.22229       -2.0915001E-09
   11.34908        7.2997537E-09
   11.47587        1.9814559E-08
   11.60267        3.5737273E-08
   11.72946        5.5232725E-08
   11.85625        7.8309220E-08
   11.98304        1.0478551E-07
   12.10984        1.3426580E-07
   12.23663        1.6612796E-07
   12.36342        1.9952979E-07
   12.49022        2.3343952E-07
   12.61701        2.6669565E-07
   12.74380        2.9810172E-07
   12.87059        3.2655976E-07
   12.99739        3.5124594E-07
   13.12418        3.7182897E-07
   13.25097        3.8873051E-07
   13.37776        4.0342394E-07
   13.50456        4.1876513E-07
   13.63135        4.3934574E-07
   13.75814        4.7185725E-07
   13.88493        5.2545130E-07
   14.01173        6.1207970E-07
   14.13852        7.4679548E-07
   14.26531        9.4799663E-07
   14.39211        1.2375940E-06
   14.51890        1.6410839E-06
   14.64569        2.1875114E-06
   14.77248        2.9093112E-06
   14.89928        3.8420148E-06
   15.02607        5.0238214E-06
   15.15286        6.4950341E-06
   15.27965        8.2973675E-06
   15.40645        1.0473127E-05
   15.53324        1.3064303E-05
   15.66003        1.6111569E-05
   15.78682        1.9653233E-05
   15.91362        2.3724146E-05
   16.04041        2.8354631E-05
   16.16720        3.3569424E-05
   16.29399        3.9386672E-05
   16.42079        4.5817018E-05
   16.54758        5.2862786E-05
   16.67437        6.0517286E-05
   16.80116        6.8764261E-05
   16.92796        7.7577475E-05
   17.05475        8.6920481E-05
   17.18154        9.6746538E-05
   17.30834        1.0699862E-04
   17.43513        1.1760970E-04
   17.56192        1.2850315E-04
   17.68871        1.3959326E-04
   17.81551        1.5078593E-04
   17.94230        1.6197961E-04
   18.06909        1.7306628E-04
   18.19588        1.8393259E-04
   18.32268        1.9446133E-04
   18.44947        2.0453293E-04
   18.57626        2.1402711E-04
   18.70305        2.2282478E-04
   18.82985        2.3081008E-04
   18.95664        2.3787237E-04
   19.08343        2.4390871E-04
   19.21023        2.4882596E-04
   19.33702        2.5254328E-04
   19.46381        2.5499423E-04
   19.59060        2.5612905E-04
   19.71740        2.5591659E-04
   19.84419        2.5434600E-04
   19.97098        2.5142799E-04
   20.09777        2.4719583E-04
   20.22457        2.4170562E-04
   20.35136        2.3503616E-04
   20.47815        2.2728804E-04
   20.60494        2.1858221E-04
   20.73174        2.0905792E-04
   20.85853        1.9887001E-04
   20.98532        1.8818560E-04
   21.11212        1.7718039E-04
   21.23891        1.6603463E-04
   21.36570        1.5492876E-04
   21.49249        1.4403895E-04
   21.61929        1.3353278E-04
   21.74608        1.2356510E-04
   21.87287        1.1427418E-04
   21.99966        1.0577851E-04
   22.12646        9.8174132E-05
   22.25325        9.1532747E-05
   22.38004        8.5900647E-05
   22.50683        8.1298400E-05
   22.63363        7.7721525E-05
   22.76042        7.5141805E-05
   22.88721        7.3509473E-05
   23.01401        7.2755996E-05
   23.14080        7.2797389E-05
   23.26759        7.3537994E-05
   23.39438        7.4874362E-05
   23.52118        7.6699311E-05
   23.64797        7.8905920E-05
   23.77476        8.1391110E-05
   23.90155        8.4058920E-05
   24.02835        8.6823500E-05
   24.15514        8.9611225E-05
   24.28193        9.2362301E-05
   24.40872        9.5031821E-05
   24.53552        9.7589837E-05
   24.66231        1.0002124E-04
   24.78910        1.0232478E-04
   24.91590        1.0451159E-04
   25.04269        1.0660342E-04
   25.16948        1.0863065E-04
   25.29627        1.1062972E-04
   25.42307        1.1264089E-04
   25.54986        1.1470589E-04
   25.67665        1.1686557E-04
   25.80344        1.1915796E-04
   25.93024        1.2161638E-04
   26.05703        1.2426804E-04
   26.18382        1.2713269E-04
   26.31061        1.3022196E-04
   26.43741        1.3353865E-04
   26.56420        1.3707674E-04
   26.69099        1.4082149E-04
   26.81779        1.4474965E-04
   26.94458        1.4883018E-04
   27.07137        1.5302515E-04
   27.19816        1.5729056E-04
   27.32495        1.6157760E-04
   27.45175        1.6583392E-04
   27.57854        1.7000498E-04
   27.70533        1.7403541E-04
   27.83213        1.7787050E-04
   27.95892        1.8145783E-04
   28.08571        1.8474855E-04
   28.21250        1.8769917E-04
   28.33930        1.9027271E-04
   28.46609        1.9244026E-04
   28.59288        1.9418231E-04
   28.71968        1.9548960E-04
   28.84647        1.9636437E-04
   28.97326        1.9682103E-04
   29.10005        1.9688634E-04
   29.22684        1.9659958E-04
   29.35364        1.9601241E-04
   29.48043        1.9518824E-04
   29.60722        1.9420125E-04
   29.73402        1.9313493E-04
   29.86081        1.9208041E-04
   29.98760        1.9113456E-04
   30.11439        1.9039783E-04
   30.24119        1.8997134E-04
   30.36798        1.8995459E-04
   30.49477        1.9044279E-04
   30.62156        1.9152420E-04
   30.74836        1.9327739E-04
   30.87515        1.9576926E-04
   31.00194        1.9905283E-04
   31.12873        2.0316560E-04
   31.25553        2.0812859E-04
   31.38232        2.1394515E-04
   31.50911        2.2060108E-04
   31.63591        2.2806463E-04
   31.76270        2.3628729E-04
   31.88949        2.4520484E-04
   32.01628        2.5473916E-04
   32.14308        2.6479972E-04
   32.26987        2.7528612E-04
   32.39666        2.8609051E-04
   32.52345        2.9709988E-04
   32.65025        3.0819868E-04
   32.77704        3.1927155E-04
   32.90383        3.3020519E-04
   33.03062        3.4089104E-04
   33.15742        3.5122706E-04
   33.28421        3.6111946E-04
   33.41100        3.7048370E-04
   33.53780        3.7924587E-04
   33.66459        3.8734308E-04
   33.79138        3.9472387E-04
   33.91817        4.0134825E-04
   34.04497        4.0718724E-04
   34.17176        4.1222229E-04
   34.29855        4.1644444E-04
   34.42534        4.1985346E-04
   34.55214        4.2245659E-04
   34.67893        4.2426752E-04
   34.80572        4.2530513E-04
   34.93251        4.2559259E-04
   35.05931        4.2515577E-04
   35.18610        4.2402261E-04
   35.31289        4.2222225E-04
   35.43969        4.1978390E-04
   35.56648        4.1673670E-04
   35.69327        4.1310911E-04
   35.82006        4.0892829E-04
   35.94686        4.0422007E-04
   36.07365        3.9900868E-04
   36.20044        3.9331702E-04
   36.32723        3.8716680E-04
   36.45403        3.8057845E-04
   36.58082        3.7357144E-04
   36.70761        3.6616443E-04
   36.83440        3.5837534E-04
   36.96120        3.5022176E-04
   37.08799        3.4172091E-04
   37.21478        3.3289002E-04
   37.34158        3.2374650E-04
   37.46837        3.1430813E-04
   37.59516        3.0459309E-04
   37.72195        2.9462035E-04
   37.84875        2.8440933E-04
   37.97554        2.7398014E-04
   38.10233        2.6335372E-04
   38.22912        2.5255186E-04
   38.35592        2.4159718E-04
   38.48271        2.3051334E-04
   38.60950        2.1932494E-04
   38.73629        2.0805770E-04
   38.86309        1.9673852E-04
   38.98988        1.8539550E-04
   39.11667        1.7405796E-04
   39.24347        1.6275662E-04
   39.37026        1.5152369E-04
   39.49705        1.4039302E-04
   39.62384        1.2940024E-04
   39.75064        1.1858306E-04
   39.87743        1.0798132E-04
   40.00422        9.7637298E-05
   40.13101        8.7595770E-05
   40.25780        7.7904187E-05
   40.38460        6.8612608E-05
   40.51139        5.9773723E-05
   40.63818        5.1442563E-05
   40.76498        4.3676289E-05
   40.89177        3.6533671E-05
   41.01856        3.0074461E-05
   41.14536        2.4358556E-05
   41.27215        1.9445000E-05
   41.39894        1.5390715E-05
   41.52573        1.2249166E-05
   41.65253        1.0068834E-05
   41.77932        8.8915967E-06
   41.90611        8.7510934E-06
   42.03290        9.6709537E-06
   42.15969        1.1663203E-05
   42.28649        1.4726767E-05
   42.41328        1.8846000E-05
   42.54007        2.3989604E-05
   42.66687        3.0109766E-05
   42.79366        3.7141665E-05
   42.92045        4.5003406E-05
   43.04725        5.3596279E-05
   43.17404        6.2805535E-05
   43.30083        7.2501745E-05
   43.42762        8.2542465E-05
   43.55442        9.2774491E-05
   43.68121        1.0303647E-04
   43.80800        1.1316192E-04
   43.93479        1.2298238E-04
   44.06158        1.3233097E-04
   44.18838        1.4104604E-04
   44.31517        1.4897472E-04
   44.44196        1.5597649E-04
   44.56876        1.6192664E-04
   44.69555        1.6671924E-04
   44.82234        1.7027005E-04
   44.94913        1.7251873E-04
   45.07593        1.7343057E-04
   45.20272        1.7299778E-04
   45.32951        1.7123994E-04
   45.45631        1.6820387E-04
   45.58310        1.6396293E-04
   45.70989        1.5861561E-04
   45.83668        1.5228351E-04
   45.96347        1.4510885E-04
   46.09027        1.3725145E-04
   46.21706        1.2888528E-04
   46.34385        1.2019472E-04
   46.47065        1.1137050E-04
   46.59744        1.0260561E-04
   46.72423        9.4091047E-05
   46.85102        8.6011700E-05
   46.97782        7.8542413E-05
   47.10461        7.1844261E-05
   47.23140        6.6061220E-05
   47.35820        6.1317194E-05
   47.48499        5.7713511E-05
   47.61178        5.5326971E-05
   47.73857        5.4208340E-05
   47.86536        5.4381471E-05
   47.99216        5.5843058E-05
   48.11895        5.8562957E-05
   48.24574        6.2485044E-05
   48.37254        6.7528774E-05
   48.49933        7.3591131E-05
   48.62612        8.0549144E-05
   48.75291        8.8262670E-05
   48.87971        9.6577663E-05
   49.00650        1.0532953E-04
   49.13329        1.1434679E-04
   49.26009        1.2345462E-04
   49.38688        1.3247872E-04
   49.51367        1.4124878E-04
   49.64046        1.4960216E-04
   49.76725        1.5738705E-04
   49.89405        1.6446548E-04
   50.02084        1.7071595E-04
   50.14763        1.7603570E-04
   50.27443        1.8034235E-04
   50.40122        1.8357534E-04
   50.52801        1.8569666E-04
   50.65480        1.8669122E-04
   50.78160        1.8656687E-04
   50.90839        1.8535365E-04
   51.03518        1.8310291E-04
   51.16198        1.7988573E-04
   51.28877        1.7579118E-04
   51.41556        1.7092405E-04
   51.54235        1.6540222E-04
   51.66914        1.5935409E-04
   51.79594        1.5291548E-04
   51.92273        1.4622665E-04
   52.04952        1.3942922E-04
   52.17632        1.3266304E-04
   52.30311        1.2606327E-04
   52.42990        1.1975747E-04
   52.55669        1.1386298E-04
   52.68349        1.0848456E-04
   52.81028        1.0371237E-04
   52.93707        9.9620403E-05
   53.06387        9.6265263E-05
   53.19066        9.3685434E-05
   53.31745        9.1901064E-05
   53.44424        9.0914175E-05
   53.57103        9.0709284E-05
   53.69783        9.1254471E-05
   53.82462        9.2502807E-05
   53.95141        9.4394112E-05
   54.07821        9.6856907E-05
   54.20500        9.9810684E-05
   54.33179        1.0316819E-04
   54.45858        1.0683779E-04
   54.58538        1.1072584E-04
   54.71217        1.1473889E-04
   54.83896        1.1878579E-04
   54.96576        1.2277950E-04
   55.09255        1.2663880E-04
   55.21934        1.3028953E-04
   55.34613        1.3366574E-04
   55.47292        1.3671049E-04
   55.59972        1.3937625E-04
   55.72651        1.4162521E-04
   55.85330        1.4342921E-04
   55.98009        1.4476942E-04
   56.10689        1.4563598E-04
   56.23368        1.4602731E-04
   56.36047        1.4594937E-04
   56.48727        1.4541499E-04
   56.61406        1.4444294E-04
   56.74085        1.4305717E-04
   56.86765        1.4128606E-04
   56.99444        1.3916158E-04
   57.12123        1.3671862E-04
   57.24802        1.3399427E-04
   57.37481        1.3102728E-04
   57.50161        1.2785748E-04
   57.62840        1.2452540E-04
   57.75519        1.2107178E-04
   57.88198        1.1753739E-04
   58.00878        1.1396260E-04
   58.13557        1.1038713E-04
   58.26236        1.0684979E-04
   58.38916        1.0338811E-04
   58.51595        1.0003796E-04
   58.64274        9.6833173E-05
   58.76954        9.3805058E-05
   58.89633        9.0981928E-05
   59.02312        8.8388588E-05
   59.14991        8.6045817E-05
   59.27670        8.3969826E-05
   59.40350        8.2171748E-05
   59.53029        8.0657162E-05
   59.65708        7.9425685E-05
   59.78387        7.8470817E-05
   59.91067        7.7779776E-05
   60.03746        7.7333731E-05
   60.16425        7.7108147E-05
   60.29105        7.7073491E-05
   60.41784        7.7196055E-05
   60.54463        7.7439094E-05
   60.67142        7.7764111E-05
   60.79822        7.8132289E-05
   60.92501        7.8506077E-05
   61.05180        7.8850768E-05
   61.17859        7.9136094E-05
   61.30539        7.9337726E-05
   61.43218        7.9438614E-05
   61.55897        7.9430050E-05
   61.68576        7.9312413E-05
   61.81256        7.9095465E-05
   61.93935        7.8798315E-05
   62.06614        7.8448837E-05
   62.19294        7.8082703E-05
   62.31973        7.7742028E-05
   62.44652        7.7473596E-05
   62.57331        7.7326920E-05
   62.70011        7.7351950E-05
   62.82690        7.7596749E-05
   62.95369        7.8105106E-05
   63.08048        7.8914258E-05
   63.20728        8.0052763E-05
   63.33407        8.1538783E-05
   63.46086        8.3378734E-05
   63.58765        8.5566462E-05
   63.71445        8.8082976E-05
   63.84124        9.0896792E-05
   63.96803        9.3964816E-05
   64.09483        9.7233795E-05
   64.22162        1.0064216E-04
   64.34841        1.0412237E-04
   64.47520        1.0760341E-04
   64.60200        1.1101359E-04
   64.72879        1.1428335E-04
   64.85558        1.1734814E-04
   64.98238        1.2015089E-04
   65.10917        1.2264446E-04
   65.23596        1.2479334E-04
   65.36275        1.2657509E-04
   65.48955        1.2798091E-04
   65.61633        1.2901577E-04
   65.74313        1.2969793E-04
   65.86992        1.3005776E-04
   65.99671        1.3013615E-04
   66.12350        1.2998248E-04
   66.25030        1.2965231E-04
   66.37709        1.2920474E-04
   66.50388        1.2869977E-04
   66.63068        1.2819566E-04
   66.75747        1.2774642E-04
   66.88426        1.2739962E-04
   67.01105        1.2719457E-04
   67.13785        1.2716101E-04
   67.26464        1.2731840E-04
   67.39143        1.2767561E-04
   67.51823        1.2823129E-04
   67.64502        1.2897459E-04
   67.77181        1.2988635E-04
   67.89861        1.3094055E-04
   68.02540        1.3210590E-04
   68.15219        1.3334767E-04
   68.27898        1.3462947E-04
   68.40578        1.3591486E-04
   68.53257        1.3716894E-04
   68.65936        1.3835954E-04
   68.78616        1.3945809E-04
   68.91295        1.4044020E-04
   69.03974        1.4128575E-04
   69.16653        1.4197855E-04
   69.29333        1.4250593E-04
   69.42011        1.4285775E-04
   69.54691        1.4302557E-04
   69.67370        1.4300174E-04
   69.80049        1.4277844E-04
   69.92728        1.4234692E-04
   70.05408        1.4169699E-04
   70.18087        1.4081657E-04
   70.30766        1.3969179E-04
   70.43446        1.3830711E-04
   70.56125        1.3664598E-04
   70.68804        1.3469180E-04
   70.81483        1.3242912E-04
   70.94163        1.2984502E-04
   71.06842        1.2693074E-04
   71.19521        1.2368317E-04
   71.32201        1.2010645E-04
   71.44880        1.1621309E-04
   71.57559        1.1202505E-04
   71.70238        1.0757438E-04
   71.82918        1.0290339E-04
   71.95597        9.8064527E-05
   72.08276        9.3119736E-05
   72.20956        8.8139379E-05
   72.33635        8.3200692E-05
   72.46314        7.8385892E-05
   72.58994        7.3779855E-05
   72.71673        6.9467555E-05
   72.84352        6.5531378E-05
   72.97031        6.2048282E-05
   73.09711        5.9087106E-05
   73.22389        5.6706045E-05
   73.35069        5.4950473E-05
   73.47748        5.3851156E-05
   73.60427        5.3422889E-05
   73.73106        5.3663684E-05
   73.85786        5.4554581E-05
   73.98465        5.6059998E-05
   74.11144        5.8128720E-05
   74.23824        6.0695522E-05
   74.36503        6.3683365E-05
   74.49182        6.7006033E-05
   74.61861        7.0571106E-05
   74.74541        7.4283264E-05
   74.87220        7.8047648E-05
   74.99899        8.1773127E-05
   75.12579        8.5375410E-05
   75.25258        8.8779838E-05
   75.37937        9.1923728E-05
   75.50616        9.4758208E-05
   75.63296        9.7249489E-05
   75.75975        9.9379424E-05
   75.88654        1.0114548E-04
   76.01334        1.0255995E-04
   76.14013        1.0364854E-04
   76.26692        1.0444845E-04
   76.39371        1.0500588E-04
   76.52051        1.0537339E-04
   76.64730        1.0560686E-04
   76.77409        1.0576261E-04
   76.90089        1.0589453E-04
   77.02767        1.0605143E-04
   77.15446        1.0627478E-04
   77.28126        1.0659693E-04
   77.40805        1.0703973E-04
   77.53484        1.0761384E-04
   77.66164        1.0831851E-04
   77.78843        1.0914214E-04
   77.91522        1.1006321E-04
   78.04202        1.1105184E-04
   78.16881        1.1207169E-04
   78.29560        1.1308215E-04
   78.42239        1.1404065E-04
   78.54919        1.1490512E-04
   78.67598        1.1563615E-04
   78.80277        1.1619918E-04
   78.92957        1.1656629E-04
   79.05636        1.1671768E-04
   79.18315        1.1664279E-04
   79.30994        1.1634090E-04
   79.43674        1.1582136E-04
   79.56353        1.1510331E-04
   79.69032        1.1421499E-04
   79.81712        1.1319266E-04
   79.94391        1.1207909E-04
   80.07070        1.1092193E-04
   80.19749        1.0977185E-04
   80.32429        1.0868055E-04
   80.45108        1.0769887E-04
   80.57787        1.0687490E-04
   80.70466        1.0625229E-04
   80.83145        1.0586868E-04
   80.95824        1.0575447E-04
   81.08504        1.0593172E-04
   81.21183        1.0641357E-04
   81.33862        1.0720376E-04
   81.46542        1.0829663E-04
   81.59221        1.0967739E-04
   81.71900        1.1132276E-04
   81.84579        1.1320178E-04
   81.97259        1.1527707E-04
   82.09938        1.1750608E-04
   82.22617        1.1984260E-04
   82.35297        1.2223840E-04
   82.47976        1.2464479E-04
   82.60655        1.2701422E-04
   82.73335        1.2930184E-04
   82.86014        1.3146680E-04
   82.98693        1.3347354E-04
   83.11372        1.3529259E-04
   83.24052        1.3690130E-04
   83.36731        1.3828426E-04
   83.49410        1.3943313E-04
   83.62090        1.4034643E-04
   83.74769        1.4102872E-04
   83.87448        1.4148974E-04
   84.00127        1.4174315E-04
   84.12807        1.4180513E-04
   84.25486        1.4169294E-04
   84.38165        1.4142341E-04
   84.50844        1.4101152E-04
   84.63523        1.4046898E-04
   84.76202        1.3980316E-04
   84.88882        1.3901621E-04
   85.01561        1.3810446E-04
   85.14240        1.3705833E-04
   85.26920        1.3586247E-04
   85.39599        1.3449645E-04
   85.52278        1.3293589E-04
   85.64957        1.3115387E-04
   85.77637        1.2912261E-04
   85.90316        1.2681553E-04
   86.02995        1.2420920E-04
   86.15675        1.2128537E-04
   86.28354        1.1803288E-04
   86.41033        1.1444942E-04
   86.53712        1.1054283E-04
   86.66392        1.0633223E-04
   86.79071        1.0184859E-04
   86.91750        9.7134762E-05
   87.04430        9.2245093E-05
   87.17109        8.7244334E-05
   87.29788        8.2206083E-05
   87.42467        7.7210760E-05
   87.55147        7.2343151E-05
   87.67826        6.7689696E-05
   87.80505        6.3335661E-05
   87.93185        5.9362264E-05
   88.05864        5.5843990E-05
   88.18543        5.2846019E-05
   88.31222        5.0422113E-05
   88.43901        4.8612848E-05
   88.56580        4.7444333E-05
   88.69260        4.6927558E-05
   88.81939        4.7058315E-05
   88.94618        4.7817677E-05
   89.07298        4.9173068E-05
   89.19977        5.1079853E-05
   89.32656        5.3483272E-05
   89.45335        5.6320816E-05
   89.58015        5.9524566E-05
   89.70694        6.3023726E-05
   89.83373        6.6746936E-05
   89.96053        7.0624417E-05
   90.08732        7.4589916E-05
   90.21411        7.8582241E-05
   90.34090        8.2546401E-05
   90.46770        8.6434389E-05
   90.59449        9.0205431E-05
   90.72128        9.3825904E-05
   90.84808        9.7268938E-05
   90.97487        1.0051358E-04
   91.10166        1.0354398E-04
   91.22845        1.0634834E-04
   91.35525        1.0891789E-04
   91.48204        1.1124621E-04
   91.60883        1.1332841E-04
   91.73563        1.1516081E-04
   91.86242        1.1674081E-04
   91.98921        1.1806699E-04
   92.11600        1.1913952E-04
   92.24279        1.1996078E-04
   92.36958        1.2053602E-04
   92.49638        1.2087433E-04
   92.62317        1.2098936E-04
   92.74996        1.2090006E-04
   92.87675        1.2063123E-04
   93.00355        1.2021363E-04
   93.13034        1.1968387E-04
   93.25713        1.1908389E-04
   93.38393        1.1845995E-04
   93.51072        1.1786128E-04
   93.63751        1.1733833E-04
   93.76431        1.1694080E-04
   93.89110        1.1671538E-04
   94.01789        1.1670344E-04
   94.14468        1.1693882E-04
   94.27148        1.1744560E-04
   94.39827        1.1823628E-04
   94.52506        1.1931040E-04
   94.65186        1.2065360E-04
   94.77865        1.2223734E-04
   94.90544        1.2401931E-04
   95.03223        1.2594447E-04
   95.15903        1.2794664E-04
   95.28582        1.2995086E-04
   95.41261        1.3187606E-04
   95.53941        1.3363840E-04
   95.66620        1.3515449E-04
   95.79299        1.3634520E-04
   95.91978        1.3713911E-04
   96.04657        1.3747586E-04
   96.17336        1.3730914E-04
   96.30016        1.3660917E-04
   96.42695        1.3536451E-04
   96.55374        1.3358296E-04
   96.68053        1.3129195E-04
   96.80733        1.2853774E-04
   96.93412        1.2538413E-04
   97.06091        1.2191033E-04
   97.18771        1.1820806E-04
   97.31450        1.1437826E-04
   97.44129        1.1052730E-04
   97.56808        1.0676286E-04
   97.69488        1.0318984E-04
   97.82167        9.9906210E-05
   97.94846        9.6999349E-05
   98.07526        9.4542680E-05
   98.20205        9.2593087E-05
   98.32884        9.1188995E-05
   98.45564        9.0349284E-05
   98.58243        9.0073081E-05
   98.70922        9.0340320E-05
   98.83601        9.1113143E-05
   98.96281        9.2337956E-05
   99.08960        9.3948016E-05
   99.21639        9.5866650E-05
   99.34319        9.8010671E-05
   99.46998        1.0029402E-04
   99.59677        1.0263136E-04
   99.72356        1.0494152E-04
   99.85035        1.0715042E-04
   99.97714        1.0919378E-04
   100.1039        1.1101889E-04
   100.2307        1.1258598E-04
   100.3575        1.1386871E-04
   100.4843        1.1485419E-04
   100.6111        1.1554206E-04
   100.7379        1.1594347E-04
   100.8647        1.1607919E-04
   100.9915        1.1597777E-04
   101.1183        1.1567308E-04
   101.2451        1.1520214E-04
   101.3719        1.1460276E-04
   101.4987        1.1391144E-04
   101.6255        1.1316155E-04
   101.7522        1.1238189E-04
   101.8790        1.1159565E-04
   102.0058        1.1081982E-04
   102.1326        1.1006509E-04
   102.2594        1.0933616E-04
   102.3862        1.0863243E-04
   102.5130        1.0794897E-04
   102.6398        1.0727768E-04
   102.7666        1.0660863E-04
   102.8934        1.0593137E-04
   103.0202        1.0523623E-04
   103.1470        1.0451532E-04
   103.2738        1.0376346E-04
   103.4006        1.0297882E-04
   103.5273        1.0216323E-04
   103.6541        1.0132220E-04
   103.7809        1.0046463E-04
   103.9077        9.9602323E-05
   104.0345        9.8749188E-05
   104.1613        9.7920318E-05
   104.2881        9.7130840E-05
   104.4149        9.6394891E-05
   104.5417        9.5724528E-05
   104.6685        9.5128788E-05
   104.7953        9.4612973E-05
   104.9221        9.4178176E-05
   105.0489        9.3821007E-05
   105.1756        9.3533694E-05
   105.3024        9.3304399E-05
   105.4292        9.3117844E-05
   105.5560        9.2956063E-05
   105.6828        9.2799433E-05
   105.8096        9.2627764E-05
   105.9364        9.2421549E-05
   106.0632        9.2163318E-05
   106.1900        9.1838920E-05
   106.3168        9.1438800E-05
   106.4436        9.0959089E-05
   106.5704        9.0402413E-05
   106.6972        8.9778528E-05
   106.8240        8.9104484E-05
   106.9507        8.8404588E-05
   107.0775        8.7710068E-05
   107.2043        8.7058361E-05
   107.3311        8.6492255E-05
   107.4579        8.6058652E-05
   107.5847        8.5807238E-05
   107.7115        8.5788844E-05
   107.8383        8.6053726E-05
   107.9651        8.6649568E-05
   108.0919        8.7619650E-05
   108.2187        8.9000838E-05
   108.3455        9.0821857E-05
   108.4723        9.3101684E-05
   108.5990        9.5848220E-05
   108.7258        9.9057252E-05
   108.8526        1.0271167E-04
   108.9794        1.0678105E-04
   109.1062        1.1122155E-04
   109.2330        1.1597619E-04
   109.3598        1.2097553E-04
   109.4866        1.2613868E-04
   109.6134        1.3137494E-04
   109.7402        1.3658557E-04
   109.8670        1.4166614E-04
   109.9938        1.4650908E-04
   110.1206        1.5100643E-04
   110.2474        1.5505278E-04
   110.3741        1.5854817E-04
   110.5009        1.6140094E-04
   110.6277        1.6353060E-04
   110.7545        1.6487026E-04
   110.8813        1.6536910E-04
   111.0081        1.6499433E-04
   111.1349        1.6373263E-04
   111.2617        1.6159118E-04
   111.3885        1.5859804E-04
   111.5153        1.5480196E-04
   111.6421        1.5027153E-04
   111.7689        1.4509363E-04
   111.8957        1.3937142E-04
   112.0224        1.3322187E-04
   112.1492        1.2677271E-04
   112.2760        1.2015919E-04
   112.4028        1.1352063E-04
   112.5296        1.0699663E-04
   112.6564        1.0072356E-04
   112.7832        9.4830757E-05
   112.9100        8.9437272E-05
   113.0368        8.4648782E-05
   113.1636        8.0554935E-05
   113.2904        7.7227334E-05
   113.4172        7.4717944E-05
   113.5440        7.3058283E-05
   113.6708        7.2259092E-05
   113.7975        7.2310744E-05
   113.9243        7.3184099E-05
   114.0511        7.4832038E-05
   114.1779        7.7191311E-05
   114.3047        8.0184858E-05
   114.4315        8.3724386E-05
   114.5583        8.7713182E-05
   114.6851        9.2048984E-05
   114.8119        9.6626813E-05
   114.9387        1.0134175E-04
   115.0655        1.0609142E-04
   115.1923        1.1077827E-04
   115.3191        1.1531144E-04
   115.4458        1.1960842E-04
   115.5726        1.2359610E-04
   115.6994        1.2721166E-04
   115.8262        1.3040297E-04
   115.9530        1.3312859E-04
   116.0798        1.3535770E-04
   116.2066        1.3706948E-04
   116.3334        1.3825262E-04
   116.4602        1.3890446E-04
   116.5870        1.3903010E-04
   116.7138        1.3864160E-04
   116.8406        1.3775707E-04
   116.9674        1.3639996E-04
   117.0942        1.3459832E-04
   117.2209        1.3238427E-04
   117.3477        1.2979360E-04
   117.4745        1.2686537E-04
   117.6013        1.2364189E-04
   117.7281        1.2016841E-04
   117.8549        1.1649317E-04
   117.9817        1.1266721E-04
   118.1085        1.0874429E-04
   118.2353        1.0478063E-04
   118.3621        1.0083451E-04
   118.4889        9.6965799E-05
   118.6157        9.3235300E-05
   118.7425        8.9703826E-05
   118.8692        8.6431282E-05
   118.9960        8.3475388E-05
   119.1228        8.0890321E-05
   119.2496        7.8725308E-05
   119.3764        7.7023033E-05
   119.5032        7.5818120E-05
   119.6300        7.5135642E-05
   119.7568        7.4989883E-05
   119.8836        7.5383221E-05
   120.0104        7.6305485E-05
   120.1372        7.7733530E-05
   120.2640        7.9631354E-05
   120.3908        8.1950588E-05
   120.5176        8.4631465E-05
   120.6443        8.7604320E-05
   120.7711        9.0791451E-05
   120.8979        9.4109455E-05
   121.0247        9.7471879E-05
   121.1515        1.0079211E-04
   121.2783        1.0398639E-04
   121.4051        1.0697684E-04
   121.5319        1.0969436E-04
   121.6587        1.1208121E-04
   121.7855        1.1409321E-04
   121.9123        1.1570139E-04
   122.0391        1.1689309E-04
   122.1659        1.1767237E-04
   122.2927        1.1805979E-04
   122.4194        1.1809143E-04
   122.5462        1.1781732E-04
   122.6730        1.1729921E-04
   122.7998        1.1660785E-04
   122.9266        1.1581977E-04
   123.0534        1.1501388E-04
   123.1802        1.1426795E-04
   123.3070        1.1365514E-04
   123.4338        1.1324073E-04
   123.5606        1.1307938E-04
   123.6874        1.1321271E-04
   123.8142        1.1366773E-04
   123.9410        1.1445577E-04
   124.0677        1.1557213E-04
   124.1945        1.1699648E-04
   124.3213        1.1869392E-04
   124.4481        1.2061664E-04
   124.5749        1.2270616E-04
   124.7017        1.2489586E-04
   124.8285        1.2711404E-04
   124.9553        1.2928680E-04
   125.0821        1.3134126E-04
   125.2089        1.3320838E-04
   125.3357        1.3482550E-04
   125.4625        1.3613871E-04
   125.5893        1.3710449E-04
   125.7161        1.3769099E-04
   125.8428        1.3787876E-04
   125.9696        1.3766087E-04
   126.0964        1.3704279E-04
   126.2232        1.3604155E-04
   126.3500        1.3468460E-04
   126.4768        1.3300848E-04
   126.6036        1.3105701E-04
   126.7304        1.2887953E-04
   126.8572        1.2652898E-04
   126.9840        1.2405989E-04
   127.1108        1.2152671E-04
   127.2376        1.1898203E-04
   127.3644        1.1647514E-04
   127.4911        1.1405094E-04
   127.6179        1.1174884E-04
   127.7447        1.0960211E-04
   127.8715        1.0763740E-04
   127.9983        1.0587449E-04
   128.1251        1.0432631E-04
   128.2519        1.0299912E-04
   128.3787        1.0189293E-04
   128.5055        1.0100210E-04
   128.6323        1.0031604E-04
   128.7591        9.9819968E-05
   128.8859        9.9495846E-05
   129.0127        9.9323217E-05
   129.1395        9.9280063E-05
   129.2663        9.9343648E-05
   129.3930        9.9491263E-05
   129.5198        9.9700868E-05
   129.6466        9.9951678E-05
   129.7734        1.0022472E-04
   129.9002        1.0050321E-04
   130.0270        1.0077289E-04
   130.1538        1.0102229E-04
   130.2806        1.0124280E-04
   130.4074        1.0142873E-04
   130.5342        1.0157723E-04
   130.6610        1.0168817E-04
   130.7878        1.0176391E-04
   130.9146        1.0180900E-04
   131.0414        1.0182993E-04
   131.1681        1.0183476E-04
   131.2949        1.0183279E-04
   131.4217        1.0183414E-04
   131.5485        1.0184938E-04
   131.6753        1.0188917E-04
   131.8021        1.0196369E-04
   131.9289        1.0208233E-04
   132.0557        1.0225319E-04
   132.1825        1.0248283E-04
   132.3093        1.0277592E-04
   132.4361        1.0313497E-04
   132.5629        1.0356033E-04
   132.6897        1.0405004E-04
   132.8164        1.0459997E-04
   132.9432        1.0520397E-04
   133.0700        1.0585402E-04
   133.1968        1.0654065E-04
   133.3236        1.0725317E-04
   133.4504        1.0798019E-04
   133.5772        1.0870996E-04
   133.7040        1.0943089E-04
   133.8308        1.1013202E-04
   133.9576        1.1080338E-04
   134.0844        1.1143631E-04
   134.2112        1.1202372E-04
   134.3380        1.1256014E-04
   134.4648        1.1304175E-04
   134.5915        1.1346630E-04
   134.7183        1.1383289E-04
   134.8451        1.1414174E-04
   134.9719        1.1439398E-04
   135.0987        1.1459136E-04
   135.2255        1.1473607E-04
   135.3523        1.1483063E-04
   135.4791        1.1487764E-04
   135.6059        1.1487982E-04
   135.7327        1.1483992E-04
   135.8595        1.1476085E-04
   135.9863        1.1464583E-04
   136.1131        1.1449862E-04
   136.2398        1.1432383E-04
   136.3666        1.1412721E-04
   136.4934        1.1391598E-04
   136.6202        1.1369900E-04
   136.7470        1.1348685E-04
   136.8738        1.1329179E-04
   137.0006        1.1312748E-04
   137.1274        1.1300860E-04
   137.2542        1.1295036E-04
   137.3810        1.1296780E-04
   137.5078        1.1307510E-04
   137.6346        1.1328483E-04
   137.7614        1.1360708E-04
   137.8882        1.1404875E-04
   138.0149        1.1461274E-04
   138.1417        1.1529730E-04
   138.2685        1.1609551E-04
   138.3953        1.1699500E-04
   138.5221        1.1797785E-04
   138.6489        1.1902081E-04
   138.7757        1.2009581E-04
   138.9025        1.2117067E-04
   139.0293        1.2221007E-04
   139.1561        1.2317667E-04
   139.2829        1.2403238E-04
   139.4097        1.2473972E-04
   139.5365        1.2526310E-04
   139.6632        1.2557035E-04
   139.7900        1.2563395E-04
   139.9168        1.2543230E-04
   140.0436        1.2495086E-04
   140.1704        1.2418302E-04
   140.2972        1.2313062E-04
   140.4240        1.2180433E-04
   140.5508        1.2022347E-04
   140.6776        1.1841573E-04
   140.8044        1.1641638E-04
   140.9312        1.1426739E-04
   141.0580        1.1201615E-04
   141.1848        1.0971414E-04
   141.3116        1.0741534E-04
   141.4383        1.0517467E-04
   141.5651        1.0304626E-04
   141.6919        1.0108180E-04
   141.8187        9.9328936E-05
   141.9455        9.7829747E-05
   142.0723        9.6619493E-05
   142.1991        9.5725627E-05
   142.3259        9.5167110E-05
   142.4527        9.4953968E-05
   142.5795        9.5087256E-05
   142.7063        9.5559277E-05
   142.8331        9.6354073E-05
   142.9599        9.7448203E-05
   143.0867        9.8811593E-05
   143.2134        1.0040869E-04
   143.3402        1.0219960E-04
   143.4670        1.0414147E-04
   143.5938        1.0618971E-04
   143.7206        1.0829924E-04
   143.8474        1.1042583E-04
   143.9742        1.1252708E-04
   144.1010        1.1456334E-04
   144.2278        1.1649844E-04
   144.3546        1.1830030E-04
   144.4814        1.1994119E-04
   144.6082        1.2139803E-04
   144.7350        1.2265243E-04
   144.8617        1.2369062E-04
   144.9885        1.2450332E-04
   145.1153        1.2508550E-04
   145.2421        1.2543608E-04
   145.3689        1.2555762E-04
   145.4957        1.2545586E-04
   145.6225        1.2513927E-04
   145.7493        1.2461860E-04
   145.8761        1.2390646E-04
   146.0029        1.2301691E-04
   146.1297        1.2196513E-04
   146.2565        1.2076713E-04
   146.3833        1.1943949E-04
   146.5101        1.1799925E-04
   146.6368        1.1646366E-04
   146.7636        1.1485014E-04
   146.8904        1.1317615E-04
   147.0172        1.1145910E-04
   147.1440        1.0971638E-04
   147.2708        1.0796529E-04
   147.3976        1.0622301E-04
   147.5244        1.0450678E-04
   147.6512        1.0283387E-04
   147.7780        1.0122162E-04
   147.9048        9.9687422E-05
   148.0316        9.8248718E-05
   148.1584        9.6922769E-05
   148.2851        9.5726566E-05
   148.4119        9.4676514E-05
   148.5387        9.3788200E-05
   148.6655        9.3076094E-05
   148.7923        9.2553244E-05
   148.9191        9.2230963E-05
   149.0459        9.2118484E-05
   149.1727        9.2222639E-05
   149.2995        9.2547438E-05
   149.4263        9.3093797E-05
   149.5531        9.3859177E-05
   149.6799        9.4837415E-05
   149.8067        9.6018601E-05
   149.9335        9.7389151E-05
   150.0602        9.8931967E-05
   150.1870        1.0062666E-04
   150.3138        1.0245002E-04
   150.4406        1.0437636E-04
   150.5674        1.0637807E-04
   150.6942        1.0842622E-04
   150.8210        1.1049116E-04
   150.9478        1.1254320E-04
   151.0746        1.1455334E-04
   151.2014        1.1649387E-04
   151.3282        1.1833923E-04
   151.4550        1.2006652E-04
   151.5818        1.2165604E-04
   151.7085        1.2309165E-04
   151.8353        1.2436103E-04
   151.9621        1.2545568E-04
   152.0889        1.2637093E-04
   152.2157        1.2710568E-04
   152.3425        1.2766226E-04
   152.4693        1.2804607E-04
   152.5961        1.2826512E-04
   152.7229        1.2832956E-04
   152.8497        1.2825117E-04
   152.9765        1.2804278E-04
   153.1033        1.2771768E-04
   153.2301        1.2728898E-04
   153.3569        1.2676923E-04
   153.4836        1.2616986E-04
   153.6104        1.2550112E-04
   153.7372        1.2477185E-04
   153.8640        1.2398942E-04
   153.9908        1.2315992E-04
   154.1176        1.2228827E-04
   154.2444        1.2137835E-04
   154.3712        1.2043338E-04
   154.4980        1.1945616E-04
   154.6248        1.1844945E-04
   154.7516        1.1741630E-04
   154.8784        1.1636042E-04
   155.0052        1.1528649E-04
   155.1319        1.1420043E-04
   155.2587        1.1310956E-04
   155.3855        1.1202264E-04
   155.5123        1.1094976E-04
   155.6391        1.0990210E-04
   155.7659        1.0889160E-04
   155.8927        1.0793069E-04
   156.0195        1.0703180E-04
   156.1463        1.0620699E-04
   156.2731        1.0546749E-04
   156.3999        1.0482326E-04
   156.5267        1.0428255E-04
   156.6535        1.0385153E-04
   156.7803        1.0353392E-04
   156.9070        1.0333082E-04
   157.0338        1.0324055E-04
   157.1606        1.0325872E-04
   157.2874        1.0337844E-04
   157.4142        1.0359068E-04
   157.5410        1.0388473E-04
   157.6678        1.0424874E-04
   157.7946        1.0467036E-04
   157.9214        1.0513723E-04
   158.0482        1.0563762E-04
   158.1750        1.0616096E-04
   158.3018        1.0669835E-04
   158.4286        1.0724295E-04
   158.5553        1.0779034E-04
   158.6821        1.0833860E-04
   158.8089        1.0888846E-04
   158.9357        1.0944301E-04
   159.0625        1.1000750E-04
   159.1893        1.1058879E-04
   159.3161        1.1119476E-04
   159.4429        1.1183353E-04
   159.5697        1.1251278E-04
   159.6965        1.1323891E-04
   159.8233        1.1401642E-04
   159.9501        1.1484727E-04
   160.0769        1.1573027E-04
   160.2037        1.1666073E-04
