  -4.500000        1.0858393E-17
  -4.373208        1.0858392E-17
  -4.246415        1.0858391E-17
  -4.119622        1.0858389E-17
  -3.992829        1.0858388E-17
  -3.866037        1.0858387E-17
  -3.739244        1.0858386E-17
  -3.612452        1.0858385E-17
  -3.485659        1.0858385E-17
  -3.358866        1.0858385E-17
  -3.232074        1.0858384E-17
  -3.105281        1.0858384E-17
  -2.978488        1.0858383E-17
  -2.851696        1.0858384E-17
  -2.724903        1.0858386E-17
  -2.598110        1.0858387E-17
  -2.471318        1.0858387E-17
  -2.344525        1.0858387E-17
  -2.217732        1.0858387E-17
  -2.090940        1.0858384E-17
  -1.964147        1.0858383E-17
  -1.837354        1.0858383E-17
  -1.710562        1.0858383E-17
  -1.583769        1.0858386E-17
  -1.456976        1.0858390E-17
  -1.330184        1.0858397E-17
  -1.203391        1.0858403E-17
  -1.076598        1.0858411E-17
 -0.9498057        1.0858418E-17
 -0.8230131        1.0858426E-17
 -0.6962205        1.0858435E-17
 -0.5694278        1.0858443E-17
 -0.4426351        1.0858452E-17
 -0.3158425        1.0858463E-17
 -0.1890498        1.0858472E-17
 -6.2257171E-02    1.0858481E-17
  6.4535484E-02    1.0858488E-17
  0.1913281        1.0858493E-17
  0.3181208        1.0858496E-17
  0.4449134        1.0858498E-17
  0.5717061        1.0858499E-17
  0.6984987        1.0858502E-17
  0.8252914        1.0858507E-17
  0.9520841        1.0858515E-17
   1.078877        1.0858525E-17
   1.205669        1.0858535E-17
   1.332462        1.0858543E-17
   1.459255        1.0858550E-17
   1.586047        1.0858554E-17
   1.712840        1.0858557E-17
   1.839633        1.0858561E-17
   1.966425        1.0858566E-17
   2.093218        1.0858572E-17
   2.220011        1.0858579E-17
   2.346803        1.0858584E-17
   2.473596        1.0858588E-17
   2.600389        1.0858590E-17
   2.727181        1.0858593E-17
   2.853974        1.0858599E-17
   2.980767        1.0858609E-17
   3.107559        1.0858625E-17
   3.234352        1.0858645E-17
   3.361145        1.0858668E-17
   3.487937        1.0858692E-17
   3.614730        1.0858715E-17
   3.741522        1.0858735E-17
   3.868315        1.0858753E-17
   3.995108        1.0858769E-17
   4.121901        1.0858784E-17
   4.248693        1.0858799E-17
   4.375485        1.0858816E-17
   4.502278        1.0858833E-17
   4.629071        1.0858848E-17
   4.755864        1.0858862E-17
   4.882656        1.0858874E-17
   5.009449        1.0858884E-17
   5.136241        1.0858894E-17
   5.263034        1.0858905E-17
   5.389827        1.0858919E-17
   5.516620        1.0858933E-17
   5.643412        1.0858949E-17
   5.770205        1.0858963E-17
   5.896997        1.0858974E-17
   6.023790        1.0858980E-17
   6.150583        1.0858980E-17
   6.277375        1.0858976E-17
   6.404168        1.0858969E-17
   6.530961        1.0858961E-17
   6.657753        1.0858953E-17
   6.784546        1.0858947E-17
   6.911339        1.0858942E-17
   7.038131        1.0858938E-17
   7.164924        1.0858935E-17
   7.291717        1.0858933E-17
   7.418509        1.0858932E-17
   7.545302        1.0858934E-17
   7.672095        1.0858938E-17
   7.798887        1.0858947E-17
   7.925680        1.0858957E-17
   8.052472        1.0858968E-17
   8.179265        1.0858979E-17
   8.306058        1.0858986E-17
   8.432851        1.0858991E-17
   8.559643        1.0858994E-17
   8.686436        1.0858995E-17
   8.813229        1.0859000E-17
   8.940022        1.0859008E-17
   9.066813        1.0859019E-17
   9.193606        1.0859034E-17
   9.320399        1.0859049E-17
   9.447192        1.0859067E-17
   9.573984        1.0859084E-17
   9.700777        1.0859102E-17
   9.827570        1.0859121E-17
   9.954362        1.0859143E-17
   10.08115        1.0859165E-17
   10.20795        1.0859190E-17
   10.33474        1.0859216E-17
   10.46153        1.0859240E-17
   10.58833        1.0859263E-17
   10.71512        1.0859283E-17
   10.84191        1.0859302E-17
   10.96870        1.0859320E-17
   11.09550        1.0859337E-17
   11.22229        1.0859354E-17
   11.34908        1.0859373E-17
   11.47587        1.0859393E-17
   11.60267        1.0859412E-17
   11.72946        1.0859429E-17
   11.85625        1.0859444E-17
   11.98304        1.0859457E-17
   12.10984        1.0859469E-17
   12.23663        1.0859481E-17
   12.36342        1.0859493E-17
   12.49022        1.0859507E-17
   12.61701        1.0859521E-17
   12.74380        1.0859533E-17
   12.87059        1.0859545E-17
   12.99739        1.0859554E-17
   13.12418        1.0859563E-17
   13.25097        1.0859572E-17
   13.37776        1.0859583E-17
   13.50456        1.0859596E-17
   13.63135        1.0859613E-17
   13.75814        1.0859632E-17
   13.88493        1.0859654E-17
   14.01173        1.0859675E-17
   14.13852        1.0859695E-17
   14.26531        1.0859716E-17
   14.39211        1.0859737E-17
   14.51890        1.0859757E-17
   14.64569        1.0859779E-17
   14.77248        1.0859799E-17
   14.89928        1.0859821E-17
   15.02607        1.0859841E-17
   15.15286        1.0859859E-17
   15.27965        1.0859875E-17
   15.40645        1.0859888E-17
   15.53324        1.0859900E-17
   15.66003        1.0859912E-17
   15.78682        1.0859924E-17
   15.91362        1.0859936E-17
   16.04041        1.0859948E-17
   16.16720        1.0859960E-17
   16.29399        1.0859971E-17
   16.42079        1.0859981E-17
   16.54758        1.0859993E-17
   16.67437        1.0860006E-17
   16.80116        1.0860021E-17
   16.92796        1.0860039E-17
   17.05475        1.0860056E-17
   17.18154        1.0860075E-17
   17.30834        1.0860091E-17
   17.43513        1.0860107E-17
   17.56192        1.0860121E-17
   17.68871        1.0860134E-17
   17.81551        1.0860148E-17
   17.94230        1.0860162E-17
   18.06909        1.0860178E-17
   18.19588        1.0860195E-17
   18.32268        1.0860213E-17
   18.44947        1.0860234E-17
   18.57626        1.0860255E-17
   18.70305        1.0860279E-17
   18.82985        1.0860306E-17
   18.95664        1.0860336E-17
   19.08343        1.0860367E-17
   19.21023        1.0860398E-17
   19.33702        1.0860428E-17
   19.46381        1.0860456E-17
   19.59060        1.0860481E-17
   19.71740        1.0860501E-17
   19.84419        1.0860517E-17
   19.97098        1.0860531E-17
   20.09777        1.0860544E-17
   20.22457        1.0860557E-17
   20.35136        1.0860573E-17
   20.47815        1.0860589E-17
   20.60494        1.0860608E-17
   20.73174        1.0860627E-17
   20.85853        1.0860648E-17
   20.98532        1.0860672E-17
   21.11212        1.0860699E-17
   21.23891        1.0860733E-17
   21.36570        1.0860770E-17
   21.49249        1.0860809E-17
   21.61929        1.0860850E-17
   21.74608        1.0860888E-17
   21.87287        1.0860922E-17
   21.99966        1.0860953E-17
   22.12646        1.0860980E-17
   22.25325        1.0861005E-17
   22.38004        1.0861030E-17
   22.50683        1.0861058E-17
   22.63363        1.0861087E-17
   22.76042        1.0861117E-17
   22.88721        1.0861145E-17
   23.01401        1.0861173E-17
   23.14080        1.0861199E-17
   23.26759        1.0861225E-17
   23.39438        1.0861253E-17
   23.52118        1.0861284E-17
   23.64797        1.0861320E-17
   23.77476        1.0861356E-17
   23.90155        1.0861393E-17
   24.02835        1.0861426E-17
   24.15514        1.0861454E-17
   24.28193        1.0861477E-17
   24.40872        1.0861497E-17
   24.53552        1.0861517E-17
   24.66231        1.0861539E-17
   24.78910        1.0861566E-17
   24.91590        1.0861599E-17
   25.04269        1.0861637E-17
   25.16948        1.0861675E-17
   25.29627        1.0861714E-17
   25.42307        1.0861752E-17
   25.54986        1.0861790E-17
   25.67665        1.0861832E-17
   25.80344        1.0861879E-17
   25.93024        1.0861932E-17
   26.05703        1.0861989E-17
   26.18382        1.0862049E-17
   26.31061        1.0862106E-17
   26.43741        1.0862159E-17
   26.56420        1.0862206E-17
   26.69099        1.0862246E-17
   26.81779        1.0862283E-17
   26.94458        1.0862319E-17
   27.07137        1.0862357E-17
   27.19816        1.0862398E-17
   27.32495        1.0862443E-17
   27.45175        1.0862489E-17
   27.57854        1.0862534E-17
   27.70533        1.0862577E-17
   27.83213        1.0862617E-17
   27.95892        1.0862654E-17
   28.08571        1.0862691E-17
   28.21250        1.0862729E-17
   28.33930        1.0862767E-17
   28.46609        1.0862806E-17
   28.59288        1.0862842E-17
   28.71968        1.0862873E-17
   28.84647        1.0862899E-17
   28.97326        1.0862921E-17
   29.10005        1.0862941E-17
   29.22684        1.0862963E-17
   29.35364        1.0862988E-17
   29.48043        1.0863020E-17
   29.60722        1.0863058E-17
   29.73402        1.0863100E-17
   29.86081        1.0863146E-17
   29.98760        1.0863193E-17
   30.11439        1.0863241E-17
   30.24119        1.0863289E-17
   30.36798        1.0863339E-17
   30.49477        1.0863390E-17
   30.62156        1.0863443E-17
   30.74836        1.0863496E-17
   30.87515        1.0863545E-17
   31.00194        1.0863589E-17
   31.12873        1.0863626E-17
   31.25553        1.0863657E-17
   31.38232        1.0863685E-17
   31.50911        1.0863710E-17
   31.63591        1.0863739E-17
   31.76270        1.0863769E-17
   31.88949        1.0863801E-17
   32.01628        1.0863835E-17
   32.14308        1.0863869E-17
   32.26987        1.0863902E-17
   32.39666        1.0863933E-17
   32.52345        1.0863960E-17
   32.65025        1.0863984E-17
   32.77704        1.0864007E-17
   32.90383        1.0864025E-17
   33.03062        1.0864040E-17
   33.15742        1.0864053E-17
   33.28421        1.0864060E-17
   33.41100        1.0864062E-17
   33.53780        1.0864059E-17
   33.66459        1.0864050E-17
   33.79138        1.0864037E-17
   33.91817        1.0864021E-17
   34.04497        1.0864007E-17
   34.17176        1.0863992E-17
   34.29855        1.0863980E-17
   34.42534        1.0863970E-17
   34.55214        1.0863960E-17
   34.67893        1.0863950E-17
   34.80572        1.0863940E-17
   34.93251        1.0863930E-17
   35.05931        1.0863921E-17
   35.18610        1.0863916E-17
   35.31289        1.0863916E-17
   35.43969        1.0863923E-17
   35.56648        1.0863938E-17
   35.69327        1.0863962E-17
   35.82006        1.0863994E-17
   35.94686        1.0864035E-17
   36.07365        1.0864083E-17
   36.20044        1.0864138E-17
   36.32723        1.0864200E-17
   36.45403        1.0864266E-17
   36.58082        1.0864335E-17
   36.70761        1.0864404E-17
   36.83440        1.0864470E-17
   36.96120        1.0864530E-17
   37.08799        1.0864580E-17
   37.21478        1.0864618E-17
   37.34158        1.0864642E-17
   37.46837        1.0864651E-17
   37.59516        1.0864646E-17
   37.72195        1.0864629E-17
   37.84875        1.0864602E-17
   37.97554        1.0864570E-17
   38.10233        1.0864533E-17
   38.22912        1.0864495E-17
   38.35592        1.0864456E-17
   38.48271        1.0864415E-17
   38.60950        1.0864375E-17
   38.73629        1.0864333E-17
   38.86309        1.0864290E-17
   38.98988        1.0864247E-17
   39.11667        1.0864202E-17
   39.24347        1.0864152E-17
   39.37026        1.0864090E-17
   39.49705        1.0864011E-17
   39.62384        1.0863901E-17
   39.75064        1.0863751E-17
   39.87743        1.0863552E-17
   40.00422        1.0863293E-17
   40.13101        1.0862963E-17
   40.25780        1.0862556E-17
   40.38460        1.0862062E-17
   40.51139        1.0861475E-17
   40.63818        1.0860790E-17
   40.76498        1.0860006E-17
   40.89177        1.0859126E-17
   41.01856        1.0858162E-17
   41.14536        1.0857132E-17
   41.27215        1.0856064E-17
   41.39894        1.0854993E-17
   41.52573        1.0853959E-17
   41.65253        1.0853009E-17
   41.77932        1.0852189E-17
   41.90611        1.0851549E-17
   42.03290        1.0851136E-17
   42.15969        1.0850992E-17
   42.28649        1.0851159E-17
   42.41328        1.0851661E-17
   42.54007        1.0852510E-17
   42.66687        1.0853697E-17
   42.79366        1.0855191E-17
   42.92045        1.0856932E-17
   43.04725        1.0858830E-17
   43.17404        1.0860769E-17
   43.30083        1.0862606E-17
   43.42762        1.0864177E-17
   43.55442        1.0865304E-17
   43.68121        1.0865797E-17
   43.80800        1.0865469E-17
   43.93479        1.0864143E-17
   44.06158        1.0861664E-17
   44.18838        1.0857914E-17
   44.31517        1.0852826E-17
   44.44196        1.0846404E-17
   44.56876        1.0838726E-17
   44.69555        1.0829965E-17
   44.82234        1.0820388E-17
   44.94913        1.0810361E-17
   45.07593        1.0800347E-17
   45.20272        1.0790894E-17
   45.32951        1.0782619E-17
   45.45631        1.0776191E-17
   45.58310        1.0772296E-17
   45.70989        1.0771607E-17
   45.83668        1.0774744E-17
   45.96347        1.0782223E-17
   46.09027        1.0794413E-17
   46.21706        1.0811481E-17
   46.34385        1.0833355E-17
   46.47065        1.0859675E-17
   46.59744        1.0889762E-17
   46.72423        1.0922611E-17
   46.85102        1.0956878E-17
   46.97782        1.0990900E-17
   47.10461        1.1022735E-17
   47.23140        1.1050212E-17
   47.35820        1.1071016E-17
   47.48499        1.1082788E-17
   47.61178        1.1083242E-17
   47.73857        1.1070312E-17
   47.86536        1.1042293E-17
   47.99216        1.0998002E-17
   48.11895        1.0936932E-17
   48.24574        1.0859390E-17
   48.37254        1.0766621E-17
   48.49933        1.0660896E-17
   48.62612        1.0545558E-17
   48.75291        1.0425026E-17
   48.87971        1.0304734E-17
   49.00650        1.0191014E-17
   49.13329        1.0090905E-17
   49.26009        1.0011903E-17
   49.38688        9.9616352E-18
   49.51367        9.9474871E-18
   49.64046        9.9761770E-18
   49.76725        1.0053288E-17
   49.89405        1.0182810E-17
   50.02084        1.0366667E-17
   50.14763        1.0604302E-17
   50.27443        1.0892304E-17
   50.40122        1.1224153E-17
   50.52801        1.1590055E-17
   50.65480        1.1976942E-17
   50.78160        1.2368627E-17
   50.90839        1.2746146E-17
   51.03518        1.3088288E-17
   51.16198        1.3372330E-17
   51.28877        1.3574945E-17
   51.41556        1.3673281E-17
   51.54235        1.3646181E-17
   51.66914        1.3475489E-17
   51.79594        1.3147400E-17
   51.92273        1.2653790E-17
   52.04952        1.1993459E-17
   52.17632        1.1173205E-17
   52.30311        1.0208659E-17
   52.42990        9.1248072E-18
   52.55669        7.9561300E-18
   52.68349        6.7462878E-18
   52.81028        5.5473234E-18
   52.93707        4.4183389E-18
   53.06387        3.4236460E-18
   53.19066        2.6304081E-18
   53.31745        2.1058151E-18
   53.44424        1.9138709E-18
   53.57103        2.1118885E-18
   53.69783        2.7468317E-18
   53.82462        3.8516495E-18
   53.95141        5.4417826E-18
   54.07821        7.5120325E-18
   54.20500        1.0033981E-17
   54.33179        1.2954166E-17
   54.45858        1.6193190E-17
   54.58538        1.9645927E-17
   54.71217        2.3182959E-17
   54.83896        2.6653334E-17
   54.96576        2.9888692E-17
   55.09255        3.2708730E-17
   55.21934        3.4927920E-17
   55.34613        3.6363359E-17
   55.47292        3.6843475E-17
   55.59972        3.6217345E-17
   55.72651        3.4364242E-17
   55.85330        3.1203020E-17
   55.98009        2.6700881E-17
   56.10689        2.0881048E-17
   56.23368        1.3828868E-17
   56.36047        5.6958677E-18
   56.48727       -3.2986747E-18
   56.61406       -1.2868988E-17
   56.74085       -2.2667207E-17
   56.86765       -3.2291096E-17
   56.99444       -4.1295096E-17
   57.12123       -4.9204700E-17
   57.24802       -5.5533790E-17
   57.37481       -5.9804609E-17
   57.50161       -6.1569799E-17
   57.62840       -6.0435629E-17
   57.75519       -5.6085784E-17
   57.88198       -4.8304463E-17
   58.00878       -3.6997929E-17
   58.13557       -2.2213227E-17
   58.26236       -4.1530253E-18
   58.38916        1.6814583E-17
   58.51595        4.0152234E-17
   58.64274        6.5156348E-17
   58.76954        9.0967639E-17
   58.89633        1.1658952E-16
   59.02312        1.4091456E-16
   59.14991        1.6275865E-16
   59.27670        1.8090238E-16
   59.40350        1.9413856E-16
   59.53029        2.0132475E-16
   59.65708        2.0143887E-16
   59.78387        1.9363618E-16
   59.91067        1.7730497E-16
   60.03746        1.5211896E-16
   60.16425        1.1808334E-16
   60.29105        7.5572299E-17
   60.41784        2.5355172E-17
   60.54463       -3.1390942E-17
   60.67142       -9.3084136E-17
   60.79822       -1.5775784E-16
   60.92501       -2.2309906E-16
   61.05180       -2.8650535E-16
   61.17859       -3.4515976E-16
   61.30539       -3.9612303E-16
   61.43218       -4.3644087E-16
   61.55897       -4.6326349E-16
   61.68576       -4.7397386E-16
   61.81256       -4.6632038E-16
   61.93935       -4.3854898E-16
   62.06614       -3.8952867E-16
   62.19294       -3.1886621E-16
   62.31973       -2.2700208E-16
   62.44652       -1.1528317E-16
   62.57331        1.3993525E-17
   62.70011        1.5757130E-16
   62.82690        3.1126184E-16
   62.95369        4.7001440E-16
   63.08048        6.2802681E-16
   63.20728        7.7889936E-16
   63.33407        9.1582833E-16
   63.46086        1.0318370E-15
   63.58765        1.1200378E-15
   63.71445        1.1739177E-15
   63.84124        1.1876404E-15
   63.96803        1.1563512E-15
   64.09483        1.0764752E-15
   64.22162        9.4599519E-16
   64.34841        7.6469621E-16
   64.47520        5.3436286E-16
   64.60200        2.5891698E-16
   64.72879       -5.5515142E-17
   64.85558       -4.0061863E-16
   64.98238       -7.6599376E-16
   65.10917       -1.1393546E-15
   65.23596       -1.5068234E-15
   65.36275       -1.8533187E-15
   65.48955       -2.1630325E-15
   65.61633       -2.4199839E-15
   65.74313       -2.6086381E-15
   65.86992       -2.7145682E-15
   65.99671       -2.7251430E-15
   66.12350       -2.6302107E-15
   66.25030       -2.4227542E-15
   66.37709       -2.0994868E-15
   66.50388       -1.6613588E-15
   66.63068       -1.1139467E-15
   66.75747       -4.6769533E-16
   66.88426        2.6200892E-16
   67.01105        1.0549556E-15
   67.13785        1.8864334E-15
   67.26464        2.7277622E-15
   67.39143        3.5470396E-15
   67.51823        4.3100878E-15
   67.64502        4.9815871E-15
   67.77181        5.5263635E-15
   67.89861        5.9107988E-15
   68.02540        6.1043162E-15
   68.15219        6.0808864E-15
   68.27898        5.8205029E-15
   68.40578        5.3105548E-15
   68.53257        4.5470372E-15
   68.65936        3.5355361E-15
   68.78616        2.2919200E-15
   68.91295        8.4268777E-16
   69.03974       -7.7507369E-16
   69.16653       -2.5141640E-15
   69.29333       -4.3181896E-15
   69.42011       -6.1229428E-15
   69.54691       -7.8582177E-15
   69.67370       -9.4500450E-15
   69.80049       -1.0823272E-14
   69.92728       -1.1904445E-14
   70.05408       -1.2624877E-14
   70.18087       -1.2923808E-14
   70.30766       -1.2751544E-14
   70.43446       -1.2072430E-14
   70.56125       -1.0867532E-14
   70.68804       -9.1368877E-15
   70.81483       -6.9012094E-15
   70.94163       -4.2028919E-15
   71.06842       -1.1062500E-15
   71.19521        2.3031033E-15
   71.32201        5.9197955E-15
   71.44880        9.6211542E-15
   71.57559        1.3270583E-14
   71.70238        1.6721789E-14
   71.82918        1.9823761E-14
   71.95597        2.2426375E-14
   72.08276        2.4386433E-14
   72.20956        2.5573954E-14
   72.33635        2.5878444E-14
   72.46314        2.5214931E-14
   72.58994        2.3529464E-14
   72.71673        2.0803832E-14
   72.84352        1.7059233E-14
   72.97031        1.2358649E-14
   73.09711        6.8077402E-15
   73.22389        5.5409423E-16
   73.35069       -6.2152821E-15
   73.47748       -1.3278259E-14
   73.60427       -2.0383631E-14
   73.73106       -2.7258837E-14
   73.85786       -3.3619141E-14
   73.98465       -3.9178018E-14
   74.11144       -4.3658446E-14
   74.23824       -4.6804676E-14
   74.36503       -4.8394052E-14
   74.49182       -4.8248406E-14
   74.61861       -4.6244519E-14
   74.74541       -4.2323160E-14
   74.87220       -3.6496203E-14
   74.99899       -2.8851416E-14
   75.12579       -1.9554523E-14
   75.25258       -8.8482773E-15
   75.37937        2.9516604E-15
   75.50616        1.5464101E-14
   75.63296        2.8252881E-14
   75.75975        4.0840412E-14
   75.88654        5.2723888E-14
   76.01334        6.3393620E-14
   76.14013        7.2353019E-14
   76.26692        7.9139332E-14
   76.39371        8.3344532E-14
   76.52051        8.4635376E-14
   76.64730        8.2771775E-14
   76.77409        7.7622662E-14
   76.90089        6.9178468E-14
   77.02767        5.7559453E-14
   77.15446        4.3019353E-14
   77.28126        2.5943759E-14
   77.40805        6.8430221E-15
   77.53484       -1.3660364E-14
   77.66164       -3.4849829E-14
   77.78843       -5.5937809E-14
   77.91522       -7.6093130E-14
   78.04202       -9.4471997E-14
   78.16881       -1.1025137E-13
   78.29560       -1.2266360E-13
   78.42239       -1.3103090E-13
   78.54919       -1.3479835E-13
   78.67598       -1.3356360E-13
   78.80277       -1.2710227E-13
   78.92957       -1.1538752E-13
   79.05636       -9.8602482E-14
   79.18315       -7.7144881E-14
   79.30994       -5.1622901E-14
   79.43674       -2.2842149E-14
   79.56353        8.2164000E-15
   79.69032        4.0426985E-14
   79.81712        7.2557540E-14
   79.94391        1.0331475E-13
   80.07070        1.3139423E-13
   80.19749        1.5553409E-13
   80.32429        1.7456966E-13
   80.45108        1.8748733E-13
   80.57787        1.9347487E-13
   80.70466        1.9196622E-13
   80.83145        1.8267834E-13
   80.95824        1.6563805E-13
   81.08504        1.4119744E-13
   81.21183        1.1003599E-13
   81.33862        7.3149128E-14
   81.46542        3.1822648E-14
   81.59221       -1.2406703E-14
   81.71900       -5.7803622E-14
   81.84579       -1.0249793E-13
   81.97259       -1.4455743E-13
   82.09938       -1.8206782E-13
   82.22617       -2.1321570E-13
   82.35297       -2.3637245E-13
   82.47976       -2.5017423E-13
   82.60655       -2.5359532E-13
   82.73335       -2.4601062E-13
   82.86014       -2.2724455E-13
   82.98693       -1.9760310E-13
   83.11372       -1.5788658E-13
   83.24052       -1.0938182E-13
   83.36731       -5.3832708E-14
   83.49410        6.6109164E-15
   83.62090        6.9464955E-14
   83.74769        1.3200141E-13
   83.87448        1.9135457E-13
   84.00127        2.4463943E-13
   84.12807        2.8907771E-13
   84.25486        3.2212652E-13
   84.38165        3.4160473E-13
   84.50844        3.4581065E-13
   84.63523        3.3362560E-13
   84.76202        3.0459871E-13
   84.88882        2.5900739E-13
   85.01561        1.9788953E-13
   85.14240        1.2304535E-13
   85.26920        3.7005291E-14
   85.39599       -5.7035221E-14
   85.52278       -1.5531420E-13
   85.64957       -2.5363121E-13
   85.77637       -3.4750355E-13
   85.90316       -4.3234313E-13
   86.02995       -5.0364931E-13
   86.15675       -5.5720971E-13
   86.28354       -5.8930156E-13
   86.41033       -5.9688387E-13
   86.53712       -5.7777296E-13
   86.66392       -5.3079177E-13
   86.79071       -4.5588614E-13
   86.91750       -3.5420009E-13
   87.04430       -2.2810535E-13
   87.17109       -8.1180884E-14
   87.29788        8.1859548E-14
   87.42467        2.5529240E-13
   87.55147        4.3255880E-13
   87.67826        6.0648513E-13
   87.80505        7.6954247E-13
   87.93185        9.1413650E-13
   88.05864        1.0329180E-12
   88.18543        1.1191020E-12
   88.31222        1.1667825E-12
   88.43901        1.1712291E-12
   88.56580        1.1291549E-12
   88.69260        1.0389384E-12
   88.81939        9.0079176E-13
   88.94618        7.1686445E-13
   89.07298        4.9127336E-13
   89.19977        2.3005488E-13
   89.32656       -5.8963908E-14
   89.45335       -3.6637289E-13
   89.58015       -6.8146330E-13
   89.70694       -9.9257950E-13
   89.83373       -1.2875295E-12
   89.96053       -1.5540368E-12
   90.08732       -1.7802244E-12
   90.21411       -1.9551045E-12
   90.34090       -2.0690617E-12
   90.46770       -2.1143048E-12
   90.59449       -2.0852710E-12
   90.72128       -1.9789600E-12
   90.84808       -1.7951862E-12
   90.97487       -1.5367301E-12
   91.10166       -1.2093774E-12
   91.22845       -8.2184406E-13
   91.35525       -3.8557902E-13
   91.48204        8.5550951E-14
   91.60883        5.7568902E-13
   91.73563        1.0675137E-12
   91.86242        1.5428492E-12
   91.98921        1.9833382E-12
   92.11600        2.3711515E-12
   92.24279        2.6897137E-12
   92.36958        2.9244077E-12
   92.49638        3.0632372E-12
   92.62317        3.0974136E-12
   92.74996        3.0218399E-12
   92.87675        2.8354732E-12
   93.00355        2.5415371E-12
   93.13034        2.1475760E-12
   93.25713        1.6653367E-12
   93.38393        1.1104772E-12
   93.51072        5.0210514E-13
   93.63751       -1.3784220E-13
   93.76431       -7.8536082E-13
   93.89110       -1.4152557E-12
   94.01789       -2.0021070E-12
   94.14468       -2.5212857E-12
   94.27148       -2.9499836E-12
   94.39827       -3.2682162E-12
   94.52506       -3.4597535E-12
   94.65186       -3.5129432E-12
   94.77865       -3.4213832E-12
   94.90544       -3.1844130E-12
   95.03223       -2.8073949E-12
   95.15903       -2.3017608E-12
   95.28582       -1.6848181E-12
   95.41261       -9.7930507E-13
   95.53941       -2.1271177E-13
   95.66620        5.8363150E-13
   95.79299        1.3756564E-12
   95.91978        2.1278266E-12
   96.04657        2.8045283E-12
   96.17336        3.3715277E-12
   96.30016        3.7974463E-12
   96.42695        4.0551937E-12
   96.55374        4.1232924E-12
   96.68053        3.9870524E-12
   96.80733        3.6395257E-12
   96.93412        3.0822001E-12
   97.06091        2.3253968E-12
   97.18771        1.3883392E-12
   97.31450        2.9887404E-13
   97.44129       -9.0716269E-13
   97.56808       -2.1869180E-12
   97.69488       -3.4918179E-12
   97.82167       -4.7691456E-12
   97.94846       -5.9638622E-12
   98.07526       -7.0205933E-12
   98.20205       -7.8857311E-12
   98.32884       -8.5095750E-12
   98.45564       -8.8484081E-12
   98.58243       -8.8664631E-12
   98.70922       -8.5376706E-12
   98.83601       -7.8471197E-12
   98.96281       -6.7921896E-12
   99.08960       -5.3832494E-12
   99.21639       -3.6439467E-12
   99.34319       -1.6109953E-12
   99.46998        6.6650450E-13
   99.59677        3.1282260E-12
   99.72356        5.7042131E-12
   99.85035        8.3168932E-12
   99.97714        1.0883413E-11
   100.1039        1.3318257E-11
   100.2307        1.5536027E-11
   100.3575        1.7454311E-11
   100.4843        1.8996520E-11
   100.6111        2.0094605E-11
   100.7379        2.0691547E-11
   100.8647        2.0743516E-11
   100.9915        2.0221604E-11
   101.1183        1.9113107E-11
   101.2451        1.7422255E-11
   101.3719        1.5170349E-11
   101.4987        1.2395356E-11
   101.6255        9.1508710E-12
   101.7522        5.5045920E-12
   101.8790        1.5362631E-12
   102.0058       -2.6647586E-12
   102.1326       -7.0022937E-12
   102.2594       -1.1376320E-11
   102.3862       -1.5686043E-11
   102.5130       -1.9832996E-11
   102.6398       -2.3723933E-11
   102.7666       -2.7273468E-11
   102.8934       -3.0406365E-11
   103.0202       -3.3059319E-11
   103.1470       -3.5182229E-11
   103.2738       -3.6738834E-11
   103.4006       -3.7706761E-11
   103.5273       -3.8076930E-11
   103.6541       -3.7852402E-11
   103.7809       -3.7046654E-11
   103.9077       -3.5681440E-11
   104.0345       -3.3784316E-11
   104.1613       -3.1385994E-11
   104.2881       -2.8517603E-11
   104.4149       -2.5208072E-11
   104.5417       -2.1481799E-11
   104.6685       -1.7356739E-11
   104.7953       -1.2843070E-11
   104.9221       -7.9425225E-12
   105.0489       -2.6485394E-12
   105.1756        3.0526816E-12
   105.3024        9.1803154E-12
   105.4292        1.5756072E-11
   105.5560        2.2800569E-11
   105.6828        3.0328972E-11
   105.8096        3.8346010E-11
   105.9364        4.6840577E-11
   106.0632        5.5780186E-11
   106.1900        6.5105414E-11
   106.3168        7.4724726E-11
   106.4436        8.4509941E-11
   106.5704        9.4292581E-11
   106.6972        1.0386142E-10
   106.8240        1.1296154E-10
   106.9507        1.2129510E-10
   107.0775        1.2852402E-10
   107.2043        1.3427474E-10
   107.3311        1.3814508E-10
   107.4579        1.3971328E-10
   107.5847        1.3854923E-10
   107.7115        1.3422745E-10
   107.8383        1.2634208E-10
   107.9651        1.1452298E-10
   108.0919        9.8453252E-11
   108.2187        7.7886919E-11
   108.3455        5.2666978E-11
   108.4723        2.2742870E-11
   108.5990       -1.1813240E-11
   108.7258       -5.0791930E-11
   108.8526       -9.3834246E-11
   108.9794       -1.4042259E-10
   109.1062       -1.8987514E-10
   109.2330       -2.4134433E-10
   109.3598       -2.9382002E-10
   109.4866       -3.4613751E-10
   109.6134       -3.9699091E-10
   109.7402       -4.4495177E-10
   109.8670       -4.8849308E-10
   109.9938       -5.2601840E-10
   110.1206       -5.5589616E-10
   110.2474       -5.7649790E-10
   110.3741       -5.8624094E-10
   110.5009       -5.8363353E-10
   110.6277       -5.6732241E-10
   110.7545       -5.3614152E-10
   110.8813       -4.8916066E-10
   111.0081       -4.2573275E-10
   111.1349       -3.4553879E-10
   111.2617       -2.4862837E-10
   111.3885       -1.3545566E-10
   111.5153       -6.9080531E-12
   111.6421        1.3567270E-10
   111.7689        2.9047845E-10
   111.8957        4.5523277E-10
   112.0224        6.2719979E-10
   112.1492        8.0320556E-10
   112.2760        9.7967034E-10
   112.4028        1.1526550E-09
   112.5296        1.3179178E-09
   112.6564        1.4709852E-09
   112.7832        1.6072331E-09
   112.9100        1.7219784E-09
   113.0368        1.8105800E-09
   113.1636        1.8685480E-09
   113.2904        1.8916577E-09
   113.4172        1.8760693E-09
   113.5440        1.8184448E-09
   113.6708        1.7160688E-09
   113.7975        1.5669613E-09
   113.9243        1.3699855E-09
   114.0511        1.1249445E-09
   114.1779        8.3266716E-10
   114.3047        4.9507654E-10
   114.4315        1.1524046E-10
   114.5583       -3.0259822E-10
   114.6851       -7.5301526E-10
   114.8119       -1.2294228E-09
   114.9387       -1.7241143E-09
   115.0655       -2.2283373E-09
   115.1923       -2.7323919E-09
   115.3191       -3.2257605E-09
   115.4458       -3.6972625E-09
   115.5726       -4.1352344E-09
   115.6994       -4.5277360E-09
   115.8262       -4.8627751E-09
   115.9530       -5.1285540E-09
   116.0798       -5.3137263E-09
   116.2066       -5.4076663E-09
   116.3334       -5.4007412E-09
   116.4602       -5.2845839E-09
   116.5870       -5.0523621E-09
   116.7138       -4.6990318E-09
   116.8406       -4.2215755E-09
   116.9674       -3.6192167E-09
   117.0942       -2.8936025E-09
   117.2209       -2.0489528E-09
   117.3477       -1.0921692E-09
   117.4745       -3.2896914E-11
   117.6013        1.1164640E-09
   117.7281        2.3407967E-09
   117.8549        3.6223646E-09
   117.9817        4.9409667E-09
   118.1085        6.2741505E-09
   118.2353        7.5974800E-09
   118.3621        8.8848662E-09
   118.4889        1.0108948E-08
   118.6157        1.1241523E-08
   118.7425        1.2254024E-08
   118.8692        1.3118038E-08
   118.9960        1.3805850E-08
   119.1228        1.4291010E-08
   119.2496        1.4548927E-08
   119.3764        1.4557442E-08
   119.5032        1.4297424E-08
   119.6300        1.3753318E-08
   119.7568        1.2913683E-08
   119.8836        1.1771681E-08
   120.0104        1.0325506E-08
   120.1372        8.5787564E-09
   120.2640        6.5407244E-09
   120.3908        4.2265991E-09
   120.5176        1.6575746E-09
   120.6443       -1.1391441E-09
   120.7711       -4.1304506E-09
   120.8979       -7.2775519E-09
   121.0247       -1.0536311E-08
   121.1515       -1.3857704E-08
   121.2783       -1.7188389E-08
   121.4051       -2.0471390E-08
   121.5319       -2.3646889E-08
   121.6587       -2.6653106E-08
   121.7855       -2.9427271E-08
   121.9123       -3.1906669E-08
   122.0391       -3.4029721E-08
   122.1659       -3.5737134E-08
   122.2927       -3.6973031E-08
   122.4194       -3.7686121E-08
   122.5462       -3.7830805E-08
   122.6730       -3.7368270E-08
   122.7998       -3.6267490E-08
   122.9266       -3.4506158E-08
   123.0534       -3.2071480E-08
   123.1802       -2.8960880E-08
   123.3070       -2.5182516E-08
   123.4338       -2.0755666E-08
   123.5606       -1.5710924E-08
   123.6874       -1.0090211E-08
   123.8142       -3.9466039E-09
   123.9410        2.6560336E-09
   124.0677        9.6436121E-09
   124.1945        1.6932573E-08
   124.3213        2.4430811E-08
   124.4481        3.2038770E-08
   124.5749        3.9650697E-08
   124.7017        4.7156021E-08
   124.8285        5.4440857E-08
   124.9553        6.1389585E-08
   125.0821        6.7886496E-08
   125.2089        7.3817496E-08
   125.3357        7.9071775E-08
   125.4625        8.3543505E-08
   125.5893        8.7133479E-08
   125.7161        8.9750642E-08
   125.8428        9.1313574E-08
   125.9696        9.1751822E-08
   126.0964        9.1007109E-08
   126.2232        8.9034387E-08
   126.3500        8.5802668E-08
   126.4768        8.1295738E-08
   126.6036        7.5512666E-08
   126.7304        6.8468061E-08
   126.8572        6.0192214E-08
   126.9840        5.0730996E-08
   127.1108        4.0145590E-08
   127.2376        2.8512055E-08
   127.3644        1.5920742E-08
   127.4911        2.4755509E-09
   127.6179       -1.1706936E-08
   127.7447       -2.6498382E-08
   127.8715       -4.1759773E-08
   127.9983       -5.7342476E-08
   128.1251       -7.3089396E-08
   128.2519       -8.8836124E-08
   128.3787       -1.0441200E-07
   128.5055       -1.1964133E-07
   128.6323       -1.3434430E-07
   128.7591       -1.4833810E-07
   128.8859       -1.6143774E-07
   129.0127       -1.7345690E-07
   129.1395       -1.8420867E-07
   129.2663       -1.9350624E-07
   129.3930       -2.0116333E-07
   129.5198       -2.0699474E-07
   129.6466       -2.1081659E-07
   129.7734       -2.1244668E-07
   129.9002       -2.1170462E-07
   130.0270       -2.0841199E-07
   130.1538       -2.0239247E-07
   130.2806       -1.9347186E-07
   130.4074       -1.8147814E-07
   130.5342       -1.6624158E-07
   130.6610       -1.4759476E-07
   130.7878       -1.2537279E-07
   130.9146       -9.9413384E-08
   131.0414       -6.9557252E-08
   131.1681       -3.5648320E-08
   131.2949        2.4657860E-09
   131.4217        4.4933259E-08
   131.5485        9.1897562E-08
   131.6753        1.4349672E-07
   131.8021        1.9986255E-07
   131.9289        2.6111991E-07
   132.0557        3.2738581E-07
   132.1825        3.9876835E-07
   132.3093        4.7536619E-07
   132.4361        5.5726719E-07
   132.5629        6.4454792E-07
   132.6897        7.3727261E-07
   132.8164        8.3549247E-07
   132.9432        9.3924524E-07
   133.0700        1.0485543E-06
   133.1968        1.1634282E-06
   133.3236        1.2838613E-06
   133.4504        1.4098324E-06
   133.5772        1.5413056E-06
   133.7040        1.6782302E-06
   133.8308        1.8205416E-06
   133.9576        1.9681609E-06
   134.0844        2.1209958E-06
   134.2112        2.2789418E-06
   134.3380        2.4418825E-06
   134.4648        2.6096895E-06
   134.5915        2.7822248E-06
   134.7183        2.9593398E-06
   134.8451        3.1408772E-06
   134.9719        3.3266695E-06
   135.0987        3.5165410E-06
   135.2255        3.7103075E-06
   135.3523        3.9077740E-06
   135.4791        4.1087369E-06
   135.6059        4.3129799E-06
   135.7327        4.5202751E-06
   135.8595        4.7303806E-06
   135.9863        4.9430378E-06
   136.1131        5.1579682E-06
   136.2398        5.3748759E-06
   136.3666        5.5934370E-06
   136.4934        5.8133037E-06
   136.6202        6.0340967E-06
   136.7470        6.2554041E-06
   136.8738        6.4767783E-06
   137.0006        6.6977314E-06
   137.1274        6.9177372E-06
   137.2542        7.1362233E-06
   137.3810        7.3525748E-06
   137.5078        7.5661283E-06
   137.6346        7.7761770E-06
   137.7614        7.9819665E-06
   137.8882        8.1826993E-06
   138.0149        8.3775358E-06
   138.1417        8.5655984E-06
   138.2685        8.7459766E-06
   138.3953        8.9177283E-06
   138.5221        9.0798912E-06
   138.6489        9.2314895E-06
   138.7757        9.3715398E-06
   138.9025        9.4990619E-06
   139.0293        9.6130871E-06
   139.1561        9.7126685E-06
   139.2829        9.7968941E-06
   139.4097        9.8648934E-06
   139.5365        9.9158524E-06
   139.6632        9.9490235E-06
   139.7900        9.9637336E-06
   139.9168        9.9593963E-06
   140.0436        9.9355193E-06
   140.1704        9.8917108E-06
   140.2972        9.8276905E-06
   140.4240        9.7432912E-06
   140.5508        9.6384656E-06
   140.6776        9.5132918E-06
   140.8044        9.3679673E-06
   140.9312        9.2028195E-06
   141.0580        9.0182912E-06
   141.1848        8.8149518E-06
   141.3116        8.5934807E-06
   141.4383        8.3546720E-06
   141.5651        8.0994178E-06
   141.6919        7.8287067E-06
   141.8187        7.5436183E-06
   141.9455        7.2453081E-06
   142.0723        6.9350026E-06
   142.1991        6.6139855E-06
   142.3259        6.2835934E-06
   142.4527        5.9452009E-06
   142.5795        5.6002141E-06
   142.7063        5.2500609E-06
   142.8331        4.8961842E-06
   142.9599        4.5400325E-06
   143.0867        4.1830540E-06
   143.2134        3.8266921E-06
   143.3402        3.4723739E-06
   143.4670        3.1215116E-06
   143.5938        2.7754911E-06
   143.7206        2.4356730E-06
   143.8474        2.1033841E-06
   143.9742        1.7799180E-06
   144.1010        1.4665291E-06
   144.2278        1.1644278E-06
   144.3546        8.7478003E-07
   144.4814        5.9869910E-07
   144.6082        3.3724254E-07
   144.7350        9.1405894E-08
   144.8617       -1.3788321E-07
   144.9885       -3.4977029E-07
   145.1153       -5.4348089E-07
   145.2421       -7.1832773E-07
   145.3689       -8.7371694E-07
   145.4957       -1.0091557E-06
   145.6225       -1.1242606E-06
   145.7493       -1.2187642E-06
   145.8761       -1.2925224E-06
   146.0029       -1.3455206E-06
   146.1297       -1.3778784E-06
   146.2565       -1.3898542E-06
   146.3833       -1.3818471E-06
   146.5101       -1.3543977E-06
   146.6368       -1.3081880E-06
   146.7636       -1.2440383E-06
   146.8904       -1.1629044E-06
   147.0172       -1.0658706E-06
   147.1440       -9.5414225E-07
   147.2708       -8.2903580E-07
   147.3976       -6.9196619E-07
   147.5244       -5.4443325E-07
   147.6512       -3.8800670E-07
   147.7780       -2.2430962E-07
   147.9048       -5.5001362E-08
   148.0316        1.1824003E-07
   148.1584        2.9373581E-07
   148.2851        4.6982314E-07
   148.4119        6.4487296E-07
   148.5387        8.1730661E-07
   148.6655        9.8561145E-07
   148.7923        1.1483555E-06
   148.9191        1.3041993E-06
   149.0459        1.4519073E-06
   149.1727        1.5903565E-06
   149.2995        1.7185416E-06
   149.4263        1.8355784E-06
   149.5531        1.9407075E-06
   149.6799        2.0332927E-06
   149.8067        2.1128178E-06
   149.9335        2.1788865E-06
   150.0602        2.2312142E-06
   150.1870        2.2696236E-06
   150.3138        2.2940353E-06
   150.4406        2.3044599E-06
   150.5674        2.3009893E-06
   150.6942        2.2837894E-06
   150.8210        2.2530894E-06
   150.9478        2.2091760E-06
   151.0746        2.1523867E-06
   151.2014        2.0831035E-06
   151.3282        2.0017499E-06
   151.4550        1.9087872E-06
   151.5818        1.8047123E-06
   151.7085        1.6900551E-06
   151.8353        1.5653796E-06
   151.9621        1.4312856E-06
   152.0889        1.2884092E-06
   152.2157        1.1374251E-06
   152.3425        9.7904945E-07
   152.4693        8.1404227E-07
   152.5961        6.4320801E-07
   152.7229        4.6739711E-07
   152.8497        2.8750335E-07
   152.9765        1.0446369E-07
   153.1033       -8.0747192E-08
   153.2301       -2.6712189E-07
   153.3569       -4.5362731E-07
   153.4836       -6.3921379E-07
   153.6104       -8.2282537E-07
   153.7372       -1.0034128E-06
   153.8640       -1.1799474E-06
   153.9908       -1.3514366E-06
   154.1176       -1.5169403E-06
   154.2444       -1.6755871E-06
   154.3712       -1.8265905E-06
   154.4980       -1.9692643E-06
   154.6248       -2.1030371E-06
   154.7516       -2.2274653E-06
   154.8784       -2.3422442E-06
   155.0052       -2.4472160E-06
   155.1319       -2.5423776E-06
   155.2587       -2.6278824E-06
   155.3855       -2.7040412E-06
   155.5123       -2.7713195E-06
   155.6391       -2.8303289E-06
   155.7659       -2.8818190E-06
   155.8927       -2.9266635E-06
   156.0195       -2.9658431E-06
   156.1463       -3.0004296E-06
   156.2731       -3.0315632E-06
   156.3999       -3.0604333E-06
   156.5267       -3.0882538E-06
   156.6535       -3.1162413E-06
   156.7803       -3.1455918E-06
   156.9070       -3.1774573E-06
   157.0338       -3.2129260E-06
   157.1606       -3.2530006E-06
   157.2874       -3.2985824E-06
   157.4142       -3.3504543E-06
   157.5410       -3.4092698E-06
   157.6678       -3.4755435E-06
   157.7946       -3.5496441E-06
   157.9214       -3.6317924E-06
   158.0482       -3.7220598E-06
   158.1750       -3.8203693E-06
   158.3018       -3.9265019E-06
   158.4286       -4.0401005E-06
   158.5553       -4.1606791E-06
   158.6821       -4.2876345E-06
   158.8089       -4.4202557E-06
   158.9357       -4.5577358E-06
   159.0625       -4.6991850E-06
   159.1893       -4.8436409E-06
   159.3161       -4.9900791E-06
   159.4429       -5.1374259E-06
   159.5697       -5.2845653E-06
   159.6965       -5.4303496E-06
   159.8233       -5.5736054E-06
   159.9501       -5.7131433E-06
   160.0769       -5.8477622E-06
   160.2037       -5.9762560E-06
