  -4.500000       -4.5374605E-19
  -4.373208       -4.5373747E-19
  -4.246415       -4.5372108E-19
  -4.119622       -4.5369874E-19
  -3.992829       -4.5367222E-19
  -3.866037       -4.5364451E-19
  -3.739244       -4.5361799E-19
  -3.612452       -4.5359478E-19
  -3.485659       -4.5357627E-19
  -3.358866       -4.5356340E-19
  -3.232074       -4.5355574E-19
  -3.105281       -4.5355326E-19
  -2.978488       -4.5355342E-19
  -2.851696       -4.5355440E-19
  -2.724903       -4.5355450E-19
  -2.598110       -4.5355099E-19
  -2.471318       -4.5354266E-19
  -2.344525       -4.5352834E-19
  -2.217732       -4.5350792E-19
  -2.090940       -4.5348223E-19
  -1.964147       -4.5345250E-19
  -1.837354       -4.5341988E-19
  -1.710562       -4.5338390E-19
  -1.583769       -4.5334657E-19
  -1.456976       -4.5331307E-19
  -1.330184       -4.5329725E-19
  -1.203391       -4.5332258E-19
  -1.076598       -4.5341636E-19
 -0.9498057       -4.5359209E-19
 -0.8230131       -4.5381026E-19
 -0.6962205       -4.5394147E-19
 -0.5694278       -4.5374584E-19
 -0.4426351       -4.5291592E-19
 -0.3158425       -4.5121865E-19
 -0.1890498       -4.4873121E-19
 -6.2257171E-02   -4.4609923E-19
  6.4535484E-02   -4.4466366E-19
  0.1913281       -4.4625360E-19
  0.3181208       -4.5249349E-19
  0.4449134       -4.6364078E-19
  0.5717061       -4.7727990E-19
  0.6984987       -4.8750313E-19
  0.8252914       -4.8538405E-19
  0.9520841       -4.6140796E-19
   1.078877       -4.0994983E-19
   1.205669       -3.3495619E-19
   1.332462       -2.5493089E-19
   1.459255       -2.0461809E-19
   1.586047       -2.3081842E-19
   1.712840       -3.8099396E-19
   1.839633       -6.8554672E-19
   1.966425       -1.1374905E-18
   2.093218       -1.6756563E-18
   2.220011       -2.1785100E-18
   2.346803       -2.4742322E-18
   2.473596       -2.3688414E-18
   2.600389       -1.6886899E-18
   2.727181       -3.2856829E-19
   2.853974        1.7058437E-18
   2.980767        4.2706632E-18
   3.107559        7.0750991E-18
   3.234352        9.6869980E-18
   3.361145        1.1543142E-17
   3.487937        1.1957341E-17
   3.614730        1.0132518E-17
   3.741522        5.2046907E-18
   3.868315       -3.6316343E-18
   3.995108       -1.6859938E-17
   4.121901       -3.4206476E-17
   4.248693       -5.4063218E-17
   4.375485       -7.2899050E-17
   4.502278       -8.4902460E-17
   4.629071       -8.2182511E-17
   4.755864       -5.5854034E-17
   4.882656        1.7989383E-18
   5.009449        9.4170992E-17
   5.136241        2.1668649E-16
   5.263034        3.5358022E-16
   5.389827        4.7635984E-16
   5.516620        5.4525761E-16
   5.643412        5.1463573E-16
   5.770205        3.4252374E-16
   5.896997        3.3133975E-18
   6.023790       -4.9864141E-16
   6.150583       -1.1178483E-15
   6.277375       -1.7627242E-15
   6.404168       -2.3002374E-15
   6.530961       -2.5720270E-15
   6.657753       -2.4214936E-15
   6.784546       -1.7284600E-15
   6.911339       -4.4526976E-16
   7.038131        1.3736357E-15
   7.164924        3.5569230E-15
   7.291717        5.8230127E-15
   7.418509        7.8113929E-15
   7.545302        9.1371409E-15
   7.672095        9.4620865E-15
   7.798887        8.5716820E-15
   7.925680        6.4439471E-15
   8.052472        3.2965328E-15
   8.179265       -3.9983399E-16
   8.306058       -3.9489104E-15
   8.432851       -6.4992029E-15
   8.559643       -7.1524817E-15
   8.686436       -5.1008781E-15
   8.813229        2.2126998E-16
   8.940022        8.9868578E-15
   9.066813        2.0843378E-14
   9.193606        3.4814115E-14
   9.320399        4.9247336E-14
   9.447192        6.1825145E-14
   9.573984        6.9640684E-14
   9.700777        6.9348519E-14
   9.827570        5.7388183E-14
   9.954362        3.0275217E-14
   10.08115       -1.5052883E-14
   10.20795       -8.0855651E-14
   10.33474       -1.6819999E-13
   10.46153       -2.7659377E-13
   10.58833       -4.0367734E-13
   10.71512       -5.4500659E-13
   10.84191       -6.9395639E-13
   10.96870       -8.4176492E-13
   11.09550       -9.7772560E-13
   11.22229       -1.0895211E-12
   11.34908       -1.1636752E-12
   11.47587       -1.1860904E-12
   11.60267       -1.1426234E-12
   11.72946       -1.0196528E-12
   11.85625       -8.0459592E-13
   11.98304       -4.8634995E-13
   12.10984       -5.5648547E-14
   12.23663        4.9463488E-13
   12.36342        1.1691861E-12
   12.49022        1.9698631E-12
   12.61701        2.8951279E-12
   12.74380        3.9391880E-12
   12.87059        5.0907672E-12
   12.99739        6.3314553E-12
   13.12418        7.6336376E-12
   13.25097        8.9580860E-12
   13.37776        1.0251331E-11
   13.50456        1.1443064E-11
   13.63135        1.2443808E-11
   13.75814        1.3143208E-11
   13.88493        1.3409352E-11
   14.01173        1.3089485E-11
   14.13852        1.2012636E-11
   14.26531        9.9945347E-12
   14.39211        6.8453867E-12
   14.51890        2.3808182E-12
   14.64569       -3.5636639E-12
   14.77248       -1.1114584E-11
   14.89928       -2.0338958E-11
   15.02607       -3.1219832E-11
   15.15286       -4.3629930E-11
   15.27965       -5.7304918E-11
   15.40645       -7.1818468E-11
   15.53324       -8.6561688E-11
   15.66003       -1.0072992E-10
   15.78682       -1.1332030E-10
   15.91362       -1.2314304E-10
   16.04041       -1.2884963E-10
   16.16720       -1.2898003E-10
   16.29399       -1.2203007E-10
   16.42079       -1.0653915E-10
   16.54758       -8.1196390E-11
   16.67437       -4.4962232E-11
   16.80116        2.8000081E-12
   16.92796        6.2189212E-11
   17.05475        1.3263664E-10
   17.18154        2.1279074E-10
   17.30834        3.0042718E-10
   17.43513        3.9239403E-10
   17.56192        4.8460325E-10
   17.68871        5.7207589E-10
   17.81551        6.4905004E-10
   17.94230        7.0915407E-10
   18.06909        7.4564771E-10
   18.19588        7.5172740E-10
   18.32268        7.2089007E-10
   18.44947        6.4734329E-10
   18.57626        5.2644678E-10
   18.70305        3.5516526E-10
   18.82985        1.3250920E-10
   18.95664       -1.4006221E-10
   19.08343       -4.5830353E-10
   19.21023       -8.1493862E-10
   19.33702       -1.1995359E-09
   19.46381       -1.5985274E-09
   19.59060       -1.9953896E-09
   19.71740       -2.3709990E-09
   19.84419       -2.7041711E-09
   19.97098       -2.9723730E-09
   20.09777       -3.1526066E-09
   20.22457       -3.2224312E-09
   20.35136       -3.1611025E-09
   20.47815       -2.9507816E-09
   20.60494       -2.5777698E-09
   20.73174       -2.0337139E-09
   20.85853       -1.3167203E-09
   20.98532       -4.3232123E-10
   21.11212        6.0577432E-10
   21.23891        1.7751991E-09
   21.36570        3.0447729E-09
   21.49249        4.3747153E-09
   21.61929        5.7172680E-09
   21.74608        7.0177357E-09
   21.87287        8.2159612E-09
   21.99966        9.2482120E-09
   22.12646        1.0049449E-08
   22.25325        1.0555918E-08
   22.38004        1.0707999E-08
   22.50683        1.0453209E-08
   22.63363        9.7492574E-09
   22.76042        8.5670120E-09
   22.88721        6.8932655E-09
   23.01401        4.7331374E-09
   23.14080        2.1119868E-09
   23.26759       -9.2330726E-10
   23.39438       -4.3038115E-09
   23.52118       -7.9388656E-09
   23.64797       -1.1717324E-08
   23.77476       -1.5509791E-08
   23.90155       -1.9171807E-08
   24.02835       -2.2548027E-08
   24.15514       -2.5477229E-08
   24.28193       -2.7798096E-08
   24.40872       -2.9355601E-08
   24.53552       -3.0007744E-08
   24.66231       -2.9632467E-08
   24.78910       -2.8134416E-08
   24.91590       -2.5451303E-08
   25.04269       -2.1559538E-08
   25.16948       -1.6478872E-08
   25.29627       -1.0275693E-08
   25.42307       -3.0648213E-09
   25.54986        4.9904925E-09
   25.67665        1.3680477E-08
   25.80344        2.2752749E-08
   25.93024        3.1918244E-08
   26.05703        4.0859089E-08
   26.18382        4.9238238E-08
   26.31061        5.6710654E-08
   26.43741        6.2935676E-08
   26.56420        6.7590193E-08
   26.69099        7.0382072E-08
   26.81779        7.1063489E-08
   26.94458        6.9443381E-08
   27.07137        6.5398709E-08
   27.19816        5.8883746E-08
   27.32495        4.9937096E-08
   27.45175        3.8685894E-08
   27.57854        2.5346838E-08
   27.70533        1.0223872E-08
   27.83213       -6.2976646E-09
   27.95892       -2.3760332E-08
   28.08571       -4.1647247E-08
   28.21250       -5.9397689E-08
   28.33930       -7.6425280E-08
   28.46609       -9.2138073E-08
   28.59288       -1.0595991E-07
   28.71968       -1.1735224E-07
   28.84647       -1.2583544E-07
   28.97326       -1.3100892E-07
   29.10005       -1.3256906E-07
   29.22684       -1.3032400E-07
   29.35364       -1.2420485E-07
   29.48043       -1.1427245E-07
   29.60722       -1.0071921E-07
   29.73402       -8.3865977E-08
   29.86081       -6.4153497E-08
   29.98760       -4.2128974E-08
   30.11439       -1.8427858E-08
   30.24119        6.2485026E-09
   30.36798        3.1158500E-08
   30.49477        5.5548266E-08
   30.62156        7.8680898E-08
   30.74836        9.9865701E-08
   30.87515        1.1848615E-07
   31.00194        1.3402530E-07
   31.12873        1.4608749E-07
   31.25553        1.5441512E-07
   31.38232        1.5889979E-07
   31.50911        1.5958702E-07
   31.63591        1.5667398E-07
   31.76270        1.5050065E-07
   31.88949        1.4153392E-07
   32.01628        1.3034581E-07
   32.14308        1.1758631E-07
   32.26987        1.0395204E-07
   32.39666        9.0152163E-08
   32.52345        7.6872993E-08
   32.65025        6.4742970E-08
   32.77704        5.4299676E-08
   32.90383        4.5960537E-08
   33.03062        3.9998550E-08
   33.15742        3.6524558E-08
   33.28421        3.5476837E-08
   33.41100        3.6618818E-08
   33.53780        3.9545224E-08
   33.66459        4.3696527E-08
   33.79138        4.8381256E-08
   33.91817        5.2805326E-08
   34.04497        5.6107130E-08
   34.17176        5.7396946E-08
   34.29855        5.5798825E-08
   34.42534        5.0493334E-08
   34.55214        4.0758565E-08
   34.67893        2.6008401E-08
   34.80572        5.8253153E-09
   34.93251       -2.0013253E-08
   35.05931       -5.1516427E-08
   35.18610       -8.8470557E-08
   35.31289       -1.3043891E-07
   35.43969       -1.7677097E-07
   35.56648       -2.2662049E-07
   35.69327       -2.7897178E-07
   35.82006       -3.3267261E-07
   35.94686       -3.8647201E-07
   36.07365       -4.3906104E-07
   36.20044       -4.8911465E-07
   36.32723       -5.3533194E-07
   36.45403       -5.7647264E-07
   36.58082       -6.1138826E-07
   36.70761       -6.3904582E-07
   36.83440       -6.5854317E-07
   36.96120       -6.6911480E-07
   37.08799       -6.7012854E-07
   37.21478       -6.6107333E-07
   37.34158       -6.4153880E-07
   37.46837       -6.1118971E-07
   37.59516       -5.6973545E-07
   37.72195       -5.1690080E-07
   37.84875       -4.5239616E-07
   37.97554       -3.7589581E-07
   38.10233       -2.8702286E-07
   38.22912       -1.8534706E-07
   38.35592       -7.0396311E-08
   38.48271        5.8315536E-08
   38.60950        2.0124310E-07
   38.73629        3.5874635E-07
   38.86309        5.3100979E-07
   38.98988        7.1794648E-07
   39.11667        9.1908817E-07
   39.24347        1.1334670E-06
   39.37026        1.3594907E-06
   39.49705        1.5948201E-06
   39.62384        1.8362502E-06
   39.75064        2.0796056E-06
   39.87743        2.3196515E-06
   40.00422        2.5500324E-06
   40.13101        2.7632359E-06
   40.25780        2.9505943E-06
   40.38460        3.1023217E-06
   40.51139        3.2075923E-06
   40.63818        3.2546598E-06
   40.76498        3.2310163E-06
   40.89177        3.1235929E-06
   41.01856        2.9189905E-06
   41.14536        2.6037437E-06
   41.27215        2.1646076E-06
   41.39894        1.5888570E-06
   41.52573        8.6459505E-07
   41.65253       -1.8943645E-08
   41.77932       -1.0711028E-06
   41.90611       -2.2995362E-06
   42.03290       -3.7099746E-06
   42.15969       -5.3060312E-06
   42.28649       -7.0890596E-06
   42.41328       -9.0580688E-06
   42.54007       -1.1209697E-05
   42.66687       -1.3538245E-05
   42.79366       -1.6035789E-05
   42.92045       -1.8692339E-05
   43.04725       -2.1496064E-05
   43.17404       -2.4433581E-05
   43.30083       -2.7490272E-05
   43.42762       -3.0650644E-05
   43.55442       -3.3898727E-05
   43.68121       -3.7218448E-05
   43.80800       -4.0594045E-05
   43.93479       -4.4010445E-05
   44.06158       -4.7453603E-05
   44.18838       -5.0910807E-05
   44.31517       -5.4370947E-05
   44.44196       -5.7824673E-05
   44.56876       -6.1264516E-05
   44.69555       -6.4684929E-05
   44.82234       -6.8082190E-05
   44.94913       -7.1454313E-05
   45.07593       -7.4800781E-05
   45.20272       -7.8122277E-05
   45.32951       -8.1420301E-05
   45.45631       -8.4696716E-05
   45.58310       -8.7953325E-05
   45.70989       -9.1191374E-05
   45.83668       -9.4410992E-05
   45.96347       -9.7610777E-05
   46.09027       -1.0078729E-04
   46.21706       -1.0393468E-04
   46.34385       -1.0704432E-04
   46.47065       -1.1010455E-04
   46.59744       -1.1310056E-04
   46.72423       -1.1601434E-04
   46.85102       -1.1882482E-04
   46.97782       -1.2150802E-04
   47.10461       -1.2403745E-04
   47.23140       -1.2638462E-04
   47.35820       -1.2851958E-04
   47.48499       -1.3041166E-04
   47.61178       -1.3203031E-04
   47.73857       -1.3334591E-04
   47.86536       -1.3433069E-04
   47.99216       -1.3495974E-04
   48.11895       -1.3521184E-04
   48.24574       -1.3507040E-04
   48.37254       -1.3452425E-04
   48.49933       -1.3356838E-04
   48.62612       -1.3220450E-04
   48.75291       -1.3044152E-04
   48.87971       -1.2829581E-04
   49.00650       -1.2579127E-04
   49.13329       -1.2295923E-04
   49.26009       -1.1983816E-04
   49.38688       -1.1647314E-04
   49.51367       -1.1291522E-04
   49.64046       -1.0922045E-04
   49.76725       -1.0544896E-04
   49.89405       -1.0166375E-04
   50.02084       -9.7929398E-05
   50.14763       -9.4310810E-05
   50.27443       -9.0871792E-05
   50.40122       -8.7673696E-05
   50.52801       -8.4774139E-05
   50.65480       -8.2225721E-05
   50.78160       -8.0074897E-05
   50.90839       -7.8360994E-05
   51.03518       -7.7115401E-05
   51.16198       -7.6360913E-05
   51.28877       -7.6111326E-05
   51.41556       -7.6371231E-05
   51.54235       -7.7136028E-05
   51.66914       -7.8392164E-05
   51.79594       -8.0117556E-05
   51.92273       -8.2282277E-05
   52.04952       -8.4849278E-05
   52.17632       -8.7775428E-05
   52.30311       -9.1012524E-05
   52.42990       -9.4508468E-05
   52.55669       -9.8208460E-05
   52.68349       -1.0205622E-04
   52.81028       -1.0599518E-04
   52.93707       -1.0996963E-04
   53.06387       -1.1392579E-04
   53.19066       -1.1781272E-04
   53.31745       -1.2158325E-04
   53.44424       -1.2519457E-04
   53.57103       -1.2860881E-04
   53.69783       -1.3179338E-04
   53.82462       -1.3472119E-04
   53.95141       -1.3737069E-04
   54.07821       -1.3972580E-04
   54.20500       -1.4177567E-04
   54.33179       -1.4351429E-04
   54.45858       -1.4494019E-04
   54.58538       -1.4605577E-04
   54.71217       -1.4686694E-04
   54.83896       -1.4738241E-04
   54.96576       -1.4761325E-04
   55.09255       -1.4757227E-04
   55.21934       -1.4727359E-04
   55.34613       -1.4673219E-04
   55.47292       -1.4596357E-04
   55.59972       -1.4498341E-04
   55.72651       -1.4380751E-04
   55.85330       -1.4245152E-04
   55.98009       -1.4093104E-04
   56.10689       -1.3926157E-04
   56.23368       -1.3745867E-04
   56.36047       -1.3553808E-04
   56.48727       -1.3351589E-04
   56.61406       -1.3140871E-04
   56.74085       -1.2923387E-04
   56.86765       -1.2700963E-04
   56.99444       -1.2475517E-04
   57.12123       -1.2249079E-04
   57.24802       -1.2023785E-04
   57.37481       -1.1801868E-04
   57.50161       -1.1585649E-04
   57.62840       -1.1377510E-04
   57.75519       -1.1179868E-04
   57.88198       -1.0995134E-04
   58.00878       -1.0825671E-04
   58.13557       -1.0673749E-04
   58.26236       -1.0541491E-04
   58.38916       -1.0430824E-04
   58.51595       -1.0343423E-04
   58.64274       -1.0280669E-04
   58.76954       -1.0243598E-04
   58.89633       -1.0232866E-04
   59.02312       -1.0248720E-04
   59.14991       -1.0290978E-04
   59.27670       -1.0359014E-04
   59.40350       -1.0451765E-04
   59.53029       -1.0567743E-04
   59.65708       -1.0705054E-04
   59.78387       -1.0861437E-04
   59.91067       -1.1034310E-04
   60.03746       -1.1220820E-04
   60.16425       -1.1417903E-04
   60.29105       -1.1622357E-04
   60.41784       -1.1830899E-04
   60.54463       -1.2040247E-04
   60.67142       -1.2247177E-04
   60.79822       -1.2448602E-04
   60.92501       -1.2641620E-04
   61.05180       -1.2823578E-04
   61.17859       -1.2992114E-04
   61.30539       -1.3145199E-04
   61.43218       -1.3281153E-04
   61.55897       -1.3398683E-04
   61.68576       -1.3496874E-04
   61.81256       -1.3575195E-04
   61.93935       -1.3633490E-04
   62.06614       -1.3671957E-04
   62.19294       -1.3691124E-04
   62.31973       -1.3691817E-04
   62.44652       -1.3675123E-04
   62.57331       -1.3642358E-04
   62.70011       -1.3595019E-04
   62.82690       -1.3534745E-04
   62.95369       -1.3463279E-04
   63.08048       -1.3382427E-04
   63.20728       -1.3294027E-04
   63.33407       -1.3199911E-04
   63.46086       -1.3101884E-04
   63.58765       -1.3001690E-04
   63.71445       -1.2901000E-04
   63.84124       -1.2801398E-04
   63.96803       -1.2704363E-04
   64.09483       -1.2611260E-04
   64.22162       -1.2523343E-04
   64.34841       -1.2441752E-04
   64.47520       -1.2367504E-04
   64.60200       -1.2301510E-04
   64.72879       -1.2244572E-04
   64.85558       -1.2197391E-04
   64.98238       -1.2160576E-04
   65.10917       -1.2134650E-04
   65.23596       -1.2120060E-04
   65.36275       -1.2117191E-04
   65.48955       -1.2126371E-04
   65.61633       -1.2147884E-04
   65.74313       -1.2181984E-04
   65.86992       -1.2228903E-04
   65.99671       -1.2288867E-04
   66.12350       -1.2362102E-04
   66.25030       -1.2448849E-04
   66.37709       -1.2549371E-04
   66.50388       -1.2663960E-04
   66.63068       -1.2792945E-04
   66.75747       -1.2936690E-04
   66.88426       -1.3095597E-04
   67.01105       -1.3270092E-04
   67.13785       -1.3460625E-04
   67.26464       -1.3667645E-04
   67.39143       -1.3891583E-04
   67.51823       -1.4132823E-04
   67.64502       -1.4391675E-04
   67.77181       -1.4668332E-04
   67.89861       -1.4962838E-04
   68.02540       -1.5275036E-04
   68.15219       -1.5604538E-04
   68.27898       -1.5950674E-04
   68.40578       -1.6312457E-04
   68.53257       -1.6688545E-04
   68.65936       -1.7077218E-04
   68.78616       -1.7476353E-04
   68.91295       -1.7883422E-04
   69.03974       -1.8295494E-04
   69.16653       -1.8709249E-04
   69.29333       -1.9121016E-04
   69.42011       -1.9526815E-04
   69.54691       -1.9922426E-04
   69.67370       -2.0303451E-04
   69.80049       -2.0665418E-04
   69.92728       -2.1003868E-04
   70.05408       -2.1314468E-04
   70.18087       -2.1593123E-04
   70.30766       -2.1836082E-04
   70.43446       -2.2040062E-04
   70.56125       -2.2202347E-04
   70.68804       -2.2320892E-04
   70.81483       -2.2394396E-04
   70.94163       -2.2422383E-04
   71.06842       -2.2405238E-04
   71.19521       -2.2344239E-04
   71.32201       -2.2241563E-04
   71.44880       -2.2100254E-04
   71.57559       -2.1924176E-04
   71.70238       -2.1717943E-04
   71.82918       -2.1486818E-04
   71.95597       -2.1236591E-04
   72.08276       -2.0973441E-04
   72.20956       -2.0703788E-04
   72.33635       -2.0434124E-04
   72.46314       -2.0170842E-04
   72.58994       -1.9920069E-04
   72.71673       -1.9687497E-04
   72.84352       -1.9478233E-04
   72.97031       -1.9296653E-04
   73.09711       -1.9146282E-04
   73.22389       -1.9029701E-04
   73.35069       -1.8948474E-04
   73.47748       -1.8903111E-04
   73.60427       -1.8893059E-04
   73.73106       -1.8916730E-04
   73.85786       -1.8971553E-04
   73.98465       -1.9054068E-04
   74.11144       -1.9160031E-04
   74.23824       -1.9284560E-04
   74.36503       -1.9422290E-04
   74.49182       -1.9567544E-04
   74.61861       -1.9714511E-04
   74.74541       -1.9857434E-04
   74.87220       -1.9990785E-04
   74.99899       -2.0109431E-04
   75.12579       -2.0208790E-04
   75.25258       -2.0284962E-04
   75.37937       -2.0334833E-04
   75.50616       -2.0356149E-04
   75.63296       -2.0347568E-04
   75.75975       -2.0308660E-04
   75.88654       -2.0239894E-04
   76.01334       -2.0142576E-04
   76.14013       -2.0018761E-04
   76.26692       -1.9871141E-04
   76.39371       -1.9702908E-04
   76.52051       -1.9517595E-04
   76.64730       -1.9318912E-04
   76.77409       -1.9110570E-04
   76.90089       -1.8896112E-04
   77.02767       -1.8678744E-04
   77.15446       -1.8461191E-04
   77.28126       -1.8245565E-04
   77.40805       -1.8033264E-04
   77.53484       -1.7824903E-04
   77.66164       -1.7620267E-04
   77.78843       -1.7418314E-04
   77.91522       -1.7217209E-04
   78.04202       -1.7014401E-04
   78.16881       -1.6806713E-04
   78.29560       -1.6590493E-04
   78.42239       -1.6361770E-04
   78.54919       -1.6116437E-04
   78.67598       -1.5850444E-04
   78.80277       -1.5560014E-04
   78.92957       -1.5241839E-04
   79.05636       -1.4893280E-04
   79.18315       -1.4512542E-04
   79.30994       -1.4098840E-04
   79.43674       -1.3652520E-04
   79.56353       -1.3175151E-04
   79.69032       -1.2669590E-04
   79.81712       -1.2139983E-04
   79.94391       -1.1591747E-04
   80.07070       -1.1031485E-04
   80.19749       -1.0466875E-04
   80.32429       -9.9065212E-05
   80.45108       -9.3597606E-05
   80.57787       -8.8364468E-05
   80.70466       -8.3467145E-05
   80.83145       -7.9007244E-05
   80.95824       -7.5084085E-05
   81.08504       -7.1792056E-05
   81.21183       -6.9218193E-05
   81.33862       -6.7439811E-05
   81.46542       -6.6522494E-05
   81.59221       -6.6518332E-05
   81.71900       -6.7464476E-05
   81.84579       -6.9382215E-05
   81.97259       -7.2276358E-05
   82.09938       -7.6135177E-05
   82.22617       -8.0930673E-05
   82.35297       -8.6619322E-05
   82.47976       -9.3143266E-05
   82.60655       -1.0043175E-04
   82.73335       -1.0840292E-04
   82.86014       -1.1696589E-04
   82.98693       -1.2602289E-04
   83.11372       -1.3547158E-04
   83.24052       -1.4520738E-04
   83.36731       -1.5512569E-04
   83.49410       -1.6512407E-04
   83.62090       -1.7510424E-04
   83.74769       -1.8497367E-04
   83.87448       -1.9464709E-04
   84.00127       -2.0404765E-04
   84.12807       -2.1310759E-04
   84.25486       -2.2176864E-04
   84.38165       -2.2998218E-04
   84.50844       -2.3770885E-04
   84.63523       -2.4491805E-04
   84.76202       -2.5158707E-04
   84.88882       -2.5769998E-04
   85.01561       -2.6324650E-04
   85.14240       -2.6822064E-04
   85.26920       -2.7261936E-04
   85.39599       -2.7644128E-04
   85.52278       -2.7968548E-04
   85.64957       -2.8235043E-04
   85.77637       -2.8443310E-04
   85.90316       -2.8592846E-04
   86.02995       -2.8682908E-04
   86.15675       -2.8712512E-04
   86.28354       -2.8680460E-04
   86.41033       -2.8585401E-04
   86.53712       -2.8425903E-04
   86.66392       -2.8200576E-04
   86.79071       -2.7908178E-04
   86.91750       -2.7547777E-04
   87.04430       -2.7118874E-04
   87.17109       -2.6621562E-04
   87.29788       -2.6056668E-04
   87.42467       -2.5425869E-04
   87.55147       -2.4731804E-04
   87.67826       -2.3978157E-04
   87.80505       -2.3169699E-04
   87.93185       -2.2312309E-04
   88.05864       -2.1412941E-04
   88.18543       -2.0479564E-04
   88.31222       -1.9521057E-04
   88.43901       -1.8547062E-04
   88.56580       -1.7567808E-04
   88.69260       -1.6593900E-04
   88.81939       -1.5636079E-04
   88.94618       -1.4704975E-04
   89.07298       -1.3810831E-04
   89.19977       -1.2963240E-04
   89.32656       -1.2170884E-04
   89.45335       -1.1441278E-04
   89.58015       -1.0780548E-04
   89.70694       -1.0193245E-04
   89.83373       -9.6821816E-05
   89.96053       -9.2483308E-05
   90.08732       -8.8907655E-05
   90.21411       -8.6066582E-05
   90.34090       -8.3913270E-05
   90.46770       -8.2383434E-05
   90.59449       -8.1396938E-05
   90.72128       -8.0859849E-05
   90.84808       -8.0666956E-05
   90.97487       -8.0704616E-05
   91.10166       -8.0853861E-05
   91.22845       -8.0993712E-05
   91.35525       -8.1004604E-05
   91.48204       -8.0771686E-05
   91.60883       -8.0188045E-05
   91.73563       -7.9157704E-05
   91.86242       -7.7598204E-05
   91.98921       -7.5442993E-05
   92.11600       -7.2643008E-05
   92.24279       -6.9168113E-05
   92.36958       -6.5007676E-05
   92.49638       -6.0170692E-05
   92.62317       -5.4685366E-05
   92.74996       -4.8598082E-05
   92.87675       -4.1971885E-05
   93.00355       -3.4884506E-05
   93.13034       -2.7425962E-05
   93.25713       -1.9695943E-05
   93.38393       -1.1800831E-05
   93.51072       -3.8506837E-06
   93.63751        4.0438417E-06
   93.76431        1.1774521E-05
   93.89110        1.9238507E-05
   94.01789        2.6340944E-05
   94.14468        3.2997414E-05
   94.27148        3.9135921E-05
   94.39827        4.4698565E-05
   94.52506        4.9642698E-05
   94.65186        5.3941621E-05
   94.77865        5.7584890E-05
   94.90544        6.0578026E-05
   95.03223        6.2941850E-05
   95.15903        6.4711399E-05
   95.28582        6.5934444E-05
   95.41261        6.6669687E-05
   95.53941        6.6984721E-05
   95.66620        6.6953784E-05
   95.79299        6.6655404E-05
   95.91978        6.6169989E-05
   96.04657        6.5577478E-05
   96.17336        6.4955064E-05
   96.30016        6.4375119E-05
   96.42695        6.3903295E-05
   96.55374        6.3596970E-05
   96.68053        6.3503976E-05
   96.80733        6.3661682E-05
   96.93412        6.4096435E-05
   97.06091        6.4823384E-05
   97.18771        6.5846631E-05
   97.31450        6.7159795E-05
   97.44129        6.8746798E-05
   97.56808        7.0582922E-05
   97.69488        7.2636176E-05
   97.82167        7.4868687E-05
   97.94846        7.7238292E-05
   98.07526        7.9700076E-05
   98.20205        8.2207982E-05
   98.32884        8.4716194E-05
   98.45564        8.7180546E-05
   98.58243        8.9559580E-05
   98.70922        9.1815542E-05
   98.83601        9.3914969E-05
   98.96281        9.5829215E-05
   99.08960        9.7534561E-05
   99.21639        9.9012199E-05
   99.34319        1.0024791E-04
   99.46998        1.0123169E-04
   99.59677        1.0195707E-04
   99.72356        1.0242052E-04
   99.85035        1.0262065E-04
   99.97714        1.0255755E-04
   100.1039        1.0223208E-04
   100.2307        1.0164530E-04
   100.3575        1.0079807E-04
   100.4843        9.9690689E-05
   100.6111        9.8322867E-05
   100.7379        9.6693693E-05
   100.8647        9.4801959E-05
   100.9915        9.2646500E-05
   101.1183        9.0226786E-05
   101.2451        8.7543536E-05
   101.3719        8.4599436E-05
   101.4987        8.1399921E-05
   101.6255        7.7953853E-05
   101.7522        7.4274220E-05
   101.8790        7.0378686E-05
   102.0058        6.6289969E-05
   102.1326        6.2036124E-05
   102.2594        5.7650497E-05
   102.3862        5.3171556E-05
   102.5130        4.8642443E-05
   102.6398        4.4110289E-05
   102.7666        3.9625334E-05
   102.8934        3.5239806E-05
   103.0202        3.1006661E-05
   103.1470        2.6978189E-05
   103.2738        2.3204497E-05
   103.4006        1.9731993E-05
   103.5273        1.6601867E-05
   103.6541        1.3848635E-05
   103.7809        1.1498835E-05
   103.9077        9.5698733E-06
   104.0345        8.0691125E-06
   104.1613        6.9932266E-06
   104.2881        6.3278621E-06
   104.4149        6.0476150E-06
   104.5417        6.1163669E-06
   104.6685        6.4879309E-06
   104.7953        7.1070599E-06
   104.9221        7.9107494E-06
   105.0489        8.8297884E-06
   105.1756        9.7905777E-06
   105.3024        1.0717055E-05
   105.4292        1.1532784E-05
   105.5560        1.2163050E-05
   105.6828        1.2536917E-05
   105.8096        1.2589190E-05
   105.9364        1.2262220E-05
   106.0632        1.1507443E-05
   106.1900        1.0286665E-05
   106.3168        8.5730208E-06
   106.4436        6.3515467E-06
   106.5704        3.6193992E-06
   106.6972        3.8570781E-07
   106.8240       -3.3289609E-06
   106.9507       -7.4934628E-06
   107.0775       -1.2067245E-05
   107.2043       -1.7001770E-05
   107.3311       -2.2242128E-05
   107.4579       -2.7728800E-05
   107.5847       -3.3399472E-05
   107.7115       -3.9190847E-05
   107.8383       -4.5040393E-05
   107.9651       -5.0887960E-05
   108.0919       -5.6677203E-05
   108.2187       -6.2356776E-05
   108.3455       -6.7881272E-05
   108.4723       -7.3211864E-05
   108.5990       -7.8316640E-05
   108.7258       -8.3170635E-05
   108.8526       -8.7755616E-05
   108.9794       -9.2059578E-05
   109.1062       -9.6076015E-05
   109.2330       -9.9803059E-05
   109.3598       -1.0324244E-04
   109.4866       -1.0639841E-04
   109.6134       -1.0927663E-04
   109.7402       -1.1188311E-04
   109.8670       -1.1422326E-04
   109.9938       -1.1630098E-04
   110.1206       -1.1811809E-04
   110.2474       -1.1967379E-04
   110.3741       -1.2096447E-04
   110.5009       -1.2198366E-04
   110.6277       -1.2272234E-04
   110.7545       -1.2316933E-04
   110.8813       -1.2331203E-04
   111.0081       -1.2313716E-04
   111.1349       -1.2263186E-04
   111.2617       -1.2178464E-04
   111.3885       -1.2058659E-04
   111.5153       -1.1903243E-04
   111.6421       -1.1712158E-04
   111.7689       -1.1485911E-04
   111.8957       -1.1225646E-04
   112.0224       -1.0933210E-04
   112.1492       -1.0611184E-04
   112.2760       -1.0262890E-04
   112.4028       -9.8923716E-05
   112.5296       -9.5043513E-05
   112.6564       -9.1041504E-05
   112.7832       -8.6975902E-05
   112.9100       -8.2908671E-05
   113.0368       -7.8904071E-05
   113.1636       -7.5027092E-05
   113.2904       -7.1341739E-05
   113.4172       -6.7909299E-05
   113.5440       -6.4786589E-05
   113.6708       -6.2024337E-05
   113.7975       -5.9665606E-05
   113.9243       -5.7744513E-05
   114.0511       -5.6285062E-05
   114.1779       -5.5300348E-05
   114.3047       -5.4792043E-05
   114.4315       -5.4750188E-05
   114.5583       -5.5153367E-05
   114.6851       -5.5969209E-05
   114.8119       -5.7155208E-05
   114.9387       -5.8659873E-05
   115.0655       -6.0424121E-05
   115.1923       -6.2382918E-05
   115.3191       -6.4467087E-05
   115.4458       -6.6605186E-05
   115.5726       -6.8725501E-05
   115.6994       -7.0757997E-05
   115.8262       -7.2636140E-05
   115.9530       -7.4298645E-05
   116.0798       -7.5690994E-05
   116.2066       -7.6766722E-05
   116.3334       -7.7488439E-05
   116.4602       -7.7828554E-05
   116.5870       -7.7769662E-05
   116.7138       -7.7304663E-05
   116.8406       -7.6436510E-05
   116.9674       -7.5177784E-05
   117.0942       -7.3549869E-05
   117.2209       -7.1582064E-05
   117.3477       -6.9310401E-05
   117.4745       -6.6776454E-05
   117.6013       -6.4025982E-05
   117.7281       -6.1107603E-05
   117.8549       -5.8071491E-05
   117.9817       -5.4968088E-05
   118.1085       -5.1846975E-05
   118.2353       -4.8755817E-05
   118.3621       -4.5739474E-05
   118.4889       -4.2839252E-05
   118.6157       -4.0092327E-05
   118.7425       -3.7531321E-05
   118.8692       -3.5184017E-05
   118.9960       -3.3073247E-05
   119.1228       -3.1216881E-05
   119.2496       -2.9627943E-05
   119.3764       -2.8314824E-05
   119.5032       -2.7281563E-05
   119.6300       -2.6528212E-05
   119.7568       -2.6051239E-05
   119.8836       -2.5843974E-05
   120.0104       -2.5897094E-05
   120.1372       -2.6199103E-05
   120.2640       -2.6736838E-05
   120.3908       -2.7495966E-05
   120.5176       -2.8461471E-05
   120.6443       -2.9618113E-05
   120.7711       -3.0950865E-05
   120.8979       -3.2445314E-05
   121.0247       -3.4088003E-05
   121.1515       -3.5866717E-05
   121.2783       -3.7770707E-05
   121.4051       -3.9790826E-05
   121.5319       -4.1919564E-05
   121.6587       -4.4151013E-05
   121.7855       -4.6480709E-05
   121.9123       -4.8905385E-05
   122.0391       -5.1422609E-05
   122.1659       -5.4030370E-05
   122.2927       -5.6726542E-05
   122.4194       -5.9508340E-05
   122.5462       -6.2371691E-05
   122.6730       -6.5310647E-05
   122.7998       -6.8316760E-05
   122.9266       -7.1378563E-05
   123.0534       -7.4481031E-05
   123.1802       -7.7605291E-05
   123.3070       -8.0728285E-05
   123.4338       -8.3822742E-05
   123.5606       -8.6857239E-05
   123.6874       -8.9796478E-05
   123.8142       -9.2601695E-05
   123.9410       -9.5231364E-05
   124.0677       -9.7641954E-05
   124.1945       -9.9788936E-05
   124.3213       -1.0162791E-04
   124.4481       -1.0311578E-04
   124.5749       -1.0421211E-04
   124.7017       -1.0488040E-04
   124.8285       -1.0508941E-04
   124.9553       -1.0481449E-04
   125.0821       -1.0403866E-04
   125.2089       -1.0275367E-04
   125.3357       -1.0096088E-04
   125.4625       -9.8671801E-05
   125.5893       -9.5908537E-05
   125.7161       -9.2703849E-05
   125.8428       -8.9100962E-05
   125.9696       -8.5153108E-05
   126.0964       -8.0922669E-05
   126.2232       -7.6480166E-05
   126.3500       -7.1902869E-05
   126.4768       -6.7273213E-05
   126.6036       -6.2676991E-05
   126.7304       -5.8201389E-05
   126.8572       -5.3932887E-05
   126.9840       -4.9955153E-05
   127.1108       -4.6346879E-05
   127.2376       -4.3179698E-05
   127.3644       -4.0516254E-05
   127.4911       -3.8408398E-05
   127.6179       -3.6895668E-05
   127.7447       -3.6004021E-05
   127.8715       -3.5744943E-05
   127.9983       -3.6114867E-05
   128.1251       -3.7095069E-05
   128.2519       -3.8651888E-05
   128.3787       -4.0737439E-05
   128.5055       -4.3290671E-05
   128.6323       -4.6238849E-05
   128.7591       -4.9499366E-05
   128.8859       -5.2981835E-05
   129.0127       -5.6590488E-05
   129.1395       -6.0226677E-05
   129.2663       -6.3791544E-05
   129.3930       -6.7188674E-05
   129.5198       -7.0326765E-05
   129.6466       -7.3122072E-05
   129.7734       -7.5500750E-05
   129.9002       -7.7400822E-05
   130.0270       -7.8773934E-05
   130.1538       -7.9586571E-05
   130.2806       -7.9821009E-05
   130.4074       -7.9475671E-05
   130.5342       -7.8565099E-05
   130.6610       -7.7119483E-05
   130.7878       -7.5183671E-05
   130.9146       -7.2815827E-05
   131.0414       -7.0085713E-05
   131.1681       -6.7072651E-05
   131.2949       -6.3863248E-05
   131.4217       -6.0548951E-05
   131.5485       -5.7223519E-05
   131.6753       -5.3980479E-05
   131.8021       -5.0910658E-05
   131.9289       -4.8099864E-05
   132.0557       -4.5626733E-05
   132.1825       -4.3560900E-05
   132.3093       -4.1961448E-05
   132.4361       -4.0875693E-05
   132.5629       -4.0338382E-05
   132.6897       -4.0371189E-05
   132.8164       -4.0982639E-05
   132.9432       -4.2168351E-05
   133.0700       -4.3911583E-05
   133.1968       -4.6184094E-05
   133.3236       -4.8947197E-05
   133.4504       -5.2153035E-05
   133.5772       -5.5745964E-05
   133.7040       -5.9664057E-05
   133.8308       -6.3840613E-05
   133.9576       -6.8205700E-05
   134.0844       -7.2687639E-05
   134.2112       -7.7214419E-05
   134.3380       -8.1715021E-05
   134.4648       -8.6120679E-05
   134.5915       -9.0365902E-05
   134.7183       -9.4389477E-05
   134.8451       -9.8135286E-05
   134.9719       -1.0155299E-04
   135.0987       -1.0459860E-04
   135.2255       -1.0723488E-04
   135.3523       -1.0943165E-04
   135.4791       -1.1116604E-04
   135.6059       -1.1242244E-04
   135.7327       -1.1319259E-04
   135.8595       -1.1347538E-04
   135.9863       -1.1327666E-04
   136.1131       -1.1260890E-04
   136.2398       -1.1149087E-04
   136.3666       -1.0994711E-04
   136.4934       -1.0800745E-04
   136.6202       -1.0570647E-04
   136.7470       -1.0308280E-04
   136.8738       -1.0017856E-04
   137.0006       -9.7038617E-05
   137.1274       -9.3709888E-05
   137.2542       -9.0240654E-05
   137.3810       -8.6679822E-05
   137.5078       -8.3076236E-05
   137.6346       -7.9477970E-05
   137.7614       -7.5931646E-05
   137.8882       -7.2481824E-05
   138.0149       -6.9170354E-05
   138.1417       -6.6035813E-05
   138.2685       -6.3112966E-05
   138.3953       -6.0432296E-05
   138.5221       -5.8019523E-05
   138.6489       -5.5895252E-05
   138.7757       -5.4074604E-05
   138.9025       -5.2566942E-05
   139.0293       -5.1375682E-05
   139.1561       -5.0498140E-05
   139.2829       -4.9925500E-05
   139.4097       -4.9642873E-05
   139.5365       -4.9629467E-05
   139.6632       -4.9858849E-05
   139.7900       -5.0299386E-05
   139.9168       -5.0914779E-05
   140.0436       -5.1664749E-05
   140.1704       -5.2505835E-05
   140.2972       -5.3392356E-05
   140.4240       -5.4277436E-05
   140.5508       -5.5114120E-05
   140.6776       -5.5856592E-05
   140.8044       -5.6461326E-05
   140.9312       -5.6888330E-05
   141.0580       -5.7102225E-05
   141.1848       -5.7073328E-05
   141.3116       -5.6778536E-05
   141.4383       -5.6202101E-05
   141.5651       -5.5336179E-05
   141.6919       -5.4181175E-05
   141.8187       -5.2745887E-05
   141.9455       -5.1047416E-05
   142.0723       -4.9110826E-05
   142.1991       -4.6968642E-05
   142.3259       -4.4660133E-05
   142.4527       -4.2230411E-05
   142.5795       -3.9729446E-05
   142.7063       -3.7210921E-05
   142.8331       -3.4731042E-05
   142.9599       -3.2347314E-05
   143.0867       -3.0117268E-05
   143.2134       -2.8097233E-05
   143.3402       -2.6341118E-05
   143.4670       -2.4899284E-05
   143.5938       -2.3817462E-05
   143.7206       -2.3135788E-05
   143.8474       -2.2887938E-05
   143.9742       -2.3100394E-05
   144.1010       -2.3791827E-05
   144.2278       -2.4972638E-05
   144.3546       -2.6644637E-05
   144.4814       -2.8800885E-05
   144.6082       -3.1425687E-05
   144.7350       -3.4494766E-05
   144.8617       -3.7975587E-05
   144.9885       -4.1827843E-05
   145.1153       -4.6004137E-05
   145.2421       -5.0450752E-05
   145.3689       -5.5108590E-05
   145.4957       -5.9914248E-05
   145.6225       -6.4801141E-05
   145.7493       -6.9700749E-05
   145.8761       -7.4543859E-05
   146.0029       -7.9261881E-05
   146.1297       -8.3788109E-05
   146.2565       -8.8058994E-05
   146.3833       -9.2015274E-05
   146.5101       -9.5603064E-05
   146.6368       -9.8774843E-05
   146.7636       -1.0149019E-04
   146.8904       -1.0371647E-04
   147.0172       -1.0542924E-04
   147.1440       -1.0661259E-04
   147.2708       -1.0725911E-04
   147.3976       -1.0736987E-04
   147.5244       -1.0695408E-04
   147.6512       -1.0602868E-04
   147.7780       -1.0461768E-04
   147.9048       -1.0275150E-04
   148.0316       -1.0046612E-04
   148.1584       -9.7802265E-05
   148.2851       -9.4804447E-05
   148.4119       -9.1520087E-05
   148.5387       -8.7998647E-05
   148.6655       -8.4290776E-05
   148.7923       -8.0447535E-05
   148.9191       -7.6519704E-05
   149.0459       -7.2557144E-05
   149.1727       -6.8608293E-05
   149.2995       -6.4719672E-05
   149.4263       -6.0935530E-05
   149.5531       -5.7297519E-05
   149.6799       -5.3844444E-05
   149.8067       -5.0612060E-05
   149.9335       -4.7632904E-05
   150.0602       -4.4936154E-05
   150.1870       -4.2547486E-05
   150.3138       -4.0488987E-05
   150.4406       -3.8779035E-05
   150.5674       -3.7432197E-05
   150.6942       -3.6459151E-05
   150.8210       -3.5866618E-05
   150.9478       -3.5657275E-05
   151.0746       -3.5829737E-05
   151.2014       -3.6378504E-05
   151.3282       -3.7293965E-05
   151.4550       -3.8562415E-05
   151.5818       -4.0166102E-05
   151.7085       -4.2083291E-05
   151.8353       -4.4288408E-05
   151.9621       -4.6752186E-05
   152.0889       -4.9441885E-05
   152.2157       -5.2321568E-05
   152.3425       -5.5352419E-05
   152.4693       -5.8493148E-05
   152.5961       -6.1700463E-05
   152.7229       -6.4929605E-05
   152.8497       -6.8134970E-05
   152.9765       -7.1270777E-05
   153.1033       -7.4291842E-05
   153.2301       -7.7154364E-05
   153.3569       -7.9816746E-05
   153.4836       -8.2240462E-05
   153.6104       -8.4390900E-05
   153.7372       -8.6238149E-05
   153.8640       -8.7757762E-05
   153.9908       -8.8931403E-05
   154.1176       -8.9747380E-05
   154.2444       -9.0201022E-05
   154.3712       -9.0294954E-05
   154.4980       -9.0039102E-05
   154.6248       -8.9450543E-05
   154.7516       -8.8553177E-05
   154.8784       -8.7377142E-05
   155.0052       -8.5958083E-05
   155.1319       -8.4336214E-05
   155.2587       -8.2555234E-05
   155.3855       -8.0661121E-05
   155.5123       -7.8700832E-05
   155.6391       -7.6720935E-05
   155.7659       -7.4766285E-05
   155.8927       -7.2878654E-05
   156.0195       -7.1095514E-05
   156.1463       -6.9448899E-05
   156.2731       -6.7964465E-05
   156.3999       -6.6660730E-05
   156.5267       -6.5548571E-05
   156.6535       -6.4630964E-05
   156.7803       -6.3903033E-05
   156.9070       -6.3352360E-05
   157.0338       -6.2959545E-05
   157.1606       -6.2699088E-05
   157.2874       -6.2540450E-05
   157.4142       -6.2449355E-05
   157.5410       -6.2389205E-05
   157.6678       -6.2322586E-05
   157.7946       -6.2212908E-05
   157.9214       -6.2025887E-05
   158.0482       -6.1731072E-05
   158.1750       -6.1303188E-05
   158.3018       -6.0723294E-05
   158.4286       -5.9979742E-05
   158.5553       -5.9068861E-05
   158.6821       -5.7995345E-05
   158.8089       -5.6772358E-05
   158.9357       -5.5421322E-05
   159.0625       -5.3971395E-05
   159.1893       -5.2458661E-05
   159.3161       -5.0925064E-05
   159.4429       -4.9417085E-05
   159.5697       -4.7984217E-05
   159.6965       -4.6677305E-05
   159.8233       -4.5546782E-05
   159.9501       -4.4640849E-05
   160.0769       -4.4003671E-05
   160.2037       -4.3673692E-05
