  -4.500000        7.8505199E-19
  -4.373208        7.8506239E-19
  -4.246415        7.8508105E-19
  -4.119622        7.8510773E-19
  -3.992829        7.8513905E-19
  -3.866037        7.8517214E-19
  -3.739244        7.8520476E-19
  -3.612452        7.8523335E-19
  -3.485659        7.8525641E-19
  -3.358866        7.8527352E-19
  -3.232074        7.8528479E-19
  -3.105281        7.8529120E-19
  -2.978488        7.8529379E-19
  -2.851696        7.8529591E-19
  -2.724903        7.8529953E-19
  -2.598110        7.8530733E-19
  -2.471318        7.8532129E-19
  -2.344525        7.8534218E-19
  -2.217732        7.8537056E-19
  -2.090940        7.8540556E-19
  -1.964147        7.8544558E-19
  -1.837354        7.8548807E-19
  -1.710562        7.8553114E-19
  -1.583769        7.8557162E-19
  -1.456976        7.8560755E-19
  -1.330184        7.8563717E-19
  -1.203391        7.8565909E-19
  -1.076598        7.8567346E-19
 -0.9498057        7.8568158E-19
 -0.8230131        7.8568468E-19
 -0.6962205        7.8568505E-19
 -0.5694278        7.8568536E-19
 -0.4426351        7.8568784E-19
 -0.3158425        7.8569409E-19
 -0.1890498        7.8570614E-19
 -6.2257171E-02    7.8572522E-19
  6.4535484E-02    7.8575055E-19
  0.1913281        7.8578188E-19
  0.3181208        7.8581817E-19
  0.4449134        7.8585570E-19
  0.5717061        7.8589344E-19
  0.6984987        7.8592850E-19
  0.8252914        7.8595858E-19
  0.9520841        7.8598138E-19
   1.078877        7.8599669E-19
   1.205669        7.8600398E-19
   1.332462        7.8600516E-19
   1.459255        7.8600160E-19
   1.586047        7.8599617E-19
   1.712840        7.8599084E-19
   1.839633        7.8598909E-19
   1.966425        7.8599255E-19
   2.093218        7.8600335E-19
   2.220011        7.8602259E-19
   2.346803        7.8604900E-19
   2.473596        7.8608168E-19
   2.600389        7.8611864E-19
   2.727181        7.8615773E-19
   2.853974        7.8619547E-19
   2.980767        7.8622918E-19
   3.107559        7.8625725E-19
   3.234352        7.8627803E-19
   3.361145        7.8629127E-19
   3.487937        7.8629799E-19
   3.614730        7.8630016E-19
   3.741522        7.8629923E-19
   3.868315        7.8629855E-19
   3.995108        7.8630047E-19
   4.121901        7.8630636E-19
   4.248693        7.8631903E-19
   4.375485        7.8633919E-19
   4.502278        7.8636597E-19
   4.629071        7.8639859E-19
   4.755864        7.8643504E-19
   4.882656        7.8647237E-19
   5.009449        7.8650850E-19
   5.136241        7.8654051E-19
   5.263034        7.8656656E-19
   5.389827        7.8658605E-19
   5.516620        7.8659774E-19
   5.643412        7.8660296E-19
   5.770205        7.8660404E-19
   5.896997        7.8660285E-19
   6.023790        7.8660249E-19
   6.150583        7.8660632E-19
   6.277375        7.8661717E-19
   6.404168        7.8663718E-19
   6.530961        7.8666691E-19
   6.657753        7.8670568E-19
   6.784546        7.8675190E-19
   6.911339        7.8680365E-19
   7.038131        7.8685732E-19
   7.164924        7.8690912E-19
   7.291717        7.8695570E-19
   7.418509        7.8699427E-19
   7.545302        7.8702415E-19
   7.672095        7.8704395E-19
   7.798887        7.8705517E-19
   7.925680        7.8705879E-19
   8.052472        7.8705791E-19
   8.179265        7.8705537E-19
   8.306058        7.8705444E-19
   8.432851        7.8705817E-19
   8.559643        7.8706825E-19
   8.686436        7.8708696E-19
   8.813229        7.8711317E-19
   8.940022        7.8714642E-19
   9.066813        7.8718462E-19
   9.193606        7.8722593E-19
   9.320399        7.8726692E-19
   9.447192        7.8730570E-19
   9.573984        7.8733992E-19
   9.700777        7.8736815E-19
   9.827570        7.8738945E-19
   9.954362        7.8740450E-19
   10.08115        7.8741437E-19
   10.20795        7.8742094E-19
   10.33474        7.8742652E-19
   10.46153        7.8743360E-19
   10.58833        7.8744451E-19
   10.71512        7.8746100E-19
   10.84191        7.8748365E-19
   10.96870        7.8751286E-19
   11.09550        7.8754765E-19
   11.22229        7.8758539E-19
   11.34908        7.8762478E-19
   11.47587        7.8766273E-19
   11.60267        7.8769696E-19
   11.72946        7.8772518E-19
   11.85625        7.8774607E-19
   11.98304        7.8775936E-19
   12.10984        7.8776520E-19
   12.23663        7.8776463E-19
   12.36342        7.8776018E-19
   12.49022        7.8775419E-19
   12.61701        7.8774953E-19
   12.74380        7.8774829E-19
   12.87059        7.8775238E-19
   12.99739        7.8776303E-19
   13.12418        7.8778035E-19
   13.25097        7.8780439E-19
   13.37776        7.8783416E-19
   13.50456        7.8786766E-19
   13.63135        7.8790349E-19
   13.75814        7.8793963E-19
   13.88493        7.8797463E-19
   14.01173        7.8800684E-19
   14.13852        7.8803527E-19
   14.26531        7.8805905E-19
   14.39211        7.8807792E-19
   14.51890        7.8809204E-19
   14.64569        7.8810150E-19
   14.77248        7.8810708E-19
   14.89928        7.8810879E-19
   15.02607        7.8810781E-19
   15.15286        7.8810517E-19
   15.27965        7.8810258E-19
   15.40645        7.8810026E-19
   15.53324        7.8809979E-19
   15.66003        7.8810041E-19
   15.78682        7.8810222E-19
   15.91362        7.8810372E-19
   16.04041        7.8810445E-19
   16.16720        7.8810129E-19
   16.29399        7.8809255E-19
   16.42079        7.8807627E-19
   16.54758        7.8805063E-19
   16.67437        7.8801428E-19
   16.80116        7.8796729E-19
   16.92796        7.8790975E-19
   17.05475        7.8784347E-19
   17.18154        7.8777026E-19
   17.30834        7.8769282E-19
   17.43513        7.8761413E-19
   17.56192        7.8753659E-19
   17.68871        7.8746167E-19
   17.81551        7.8739033E-19
   17.94230        7.8732167E-19
   18.06909        7.8725431E-19
   18.19588        7.8718467E-19
   18.32268        7.8711007E-19
   18.44947        7.8702689E-19
   18.57626        7.8693254E-19
   18.70305        7.8682464E-19
   18.82985        7.8670243E-19
   18.95664        7.8656594E-19
   19.08343        7.8641627E-19
   19.21023        7.8625601E-19
   19.33702        7.8608840E-19
   19.46381        7.8591671E-19
   19.59060        7.8574465E-19
   19.71740        7.8557648E-19
   19.84419        7.8541456E-19
   19.97098        7.8526132E-19
   20.09777        7.8511677E-19
   20.22457        7.8498127E-19
   20.35136        7.8485332E-19
   20.47815        7.8473120E-19
   20.60494        7.8461359E-19
   20.73174        7.8449845E-19
   20.85853        7.8438477E-19
   20.98532        7.8427026E-19
   21.11212        7.8415507E-19
   21.23891        7.8404030E-19
   21.36570        7.8392605E-19
   21.49249        7.8381386E-19
   21.61929        7.8370493E-19
   21.74608        7.8360029E-19
   21.87287        7.8350041E-19
   21.99966        7.8340487E-19
   22.12646        7.8331145E-19
   22.25325        7.8321844E-19
   22.38004        7.8312203E-19
   22.50683        7.8301785E-19
   22.63363        7.8290065E-19
   22.76042        7.8276530E-19
   22.88721        7.8260705E-19
   23.01401        7.8242332E-19
   23.14080        7.8221166E-19
   23.26759        7.8197106E-19
   23.39438        7.8170274E-19
   23.52118        7.8140800E-19
   23.64797        7.8109032E-19
   23.77476        7.8075221E-19
   23.90155        7.8039595E-19
   24.02835        7.8002429E-19
   24.15514        7.7963789E-19
   24.28193        7.7923697E-19
   24.40872        7.7882053E-19
   24.53552        7.7838652E-19
   24.66231        7.7793204E-19
   24.78910        7.7745315E-19
   24.91590        7.7694655E-19
   25.04269        7.7640899E-19
   25.16948        7.7583927E-19
   25.29627        7.7523589E-19
   25.42307        7.7459912E-19
   25.54986        7.7393034E-19
   25.67665        7.7323153E-19
   25.80344        7.7250568E-19
   25.93024        7.7175574E-19
   26.05703        7.7098460E-19
   26.18382        7.7019428E-19
   26.31061        7.6938612E-19
   26.43741        7.6856070E-19
   26.56420        7.6771822E-19
   26.69099        7.6685624E-19
   26.81779        7.6597318E-19
   26.94458        7.6506602E-19
   27.07137        7.6413136E-19
   27.19816        7.6316614E-19
   27.32495        7.6216778E-19
   27.45175        7.6113474E-19
   27.57854        7.6006716E-19
   27.70533        7.5896670E-19
   27.83213        7.5783625E-19
   27.95892        7.5668006E-19
   28.08571        7.5550329E-19
   28.21250        7.5431081E-19
   28.33930        7.5310835E-19
   28.46609        7.5190097E-19
   28.59288        7.5069267E-19
   28.71968        7.4948602E-19
   28.84647        7.4828340E-19
   28.97326        7.4708394E-19
   29.10005        7.4588721E-19
   29.22684        7.4469080E-19
   29.35364        7.4349217E-19
   29.48043        7.4228831E-19
   29.60722        7.4107638E-19
   29.73402        7.3985562E-19
   29.86081        7.3862478E-19
   29.98760        7.3738463E-19
   30.11439        7.3613589E-19
   30.24119        7.3488127E-19
   30.36798        7.3362302E-19
   30.49477        7.3236338E-19
   30.62156        7.3110431E-19
   30.74836        7.2984803E-19
   30.87515        7.2859521E-19
   31.00194        7.2734446E-19
   31.12873        7.2609516E-19
   31.25553        7.2484415E-19
   31.38232        7.2358875E-19
   31.50911        7.2232503E-19
   31.63591        7.2104920E-19
   31.76270        7.1975854E-19
   31.88949        7.1845036E-19
   32.01628        7.1712315E-19
   32.14308        7.1577784E-19
   32.26987        7.1441387E-19
   32.39666        7.1303532E-19
   32.52345        7.1164447E-19
   32.65025        7.1024452E-19
   32.77704        7.0883997E-19
   32.90383        7.0743309E-19
   33.03062        7.0602688E-19
   33.15742        7.0462367E-19
   33.28421        7.0322346E-19
   33.41100        7.0182506E-19
   33.53780        7.0042806E-19
   33.66459        6.9903126E-19
   33.79138        6.9763296E-19
   33.91817        6.9623404E-19
   34.04497        6.9483564E-19
   34.17176        6.9344040E-19
   34.29855        6.9205301E-19
   34.42534        6.9067891E-19
   34.55214        6.8932398E-19
   34.67893        6.8799517E-19
   34.80572        6.8669763E-19
   34.93251        6.8543577E-19
   35.05931        6.8421221E-19
   35.18610        6.8302754E-19
   35.31289        6.8187957E-19
   35.43969        6.8076499E-19
   35.56648        6.7967870E-19
   35.69327        6.7861515E-19
   35.82006        6.7756871E-19
   35.94686        6.7653360E-19
   36.07365        6.7550448E-19
   36.20044        6.7448007E-19
   36.32723        6.7345783E-19
   36.45403        6.7243885E-19
   36.58082        6.7142524E-19
   36.70761        6.7041944E-19
   36.83440        6.6942466E-19
   36.96120        6.6844434E-19
   37.08799        6.6748130E-19
   37.21478        6.6653821E-19
   37.34158        6.6561714E-19
   37.46837        6.6471908E-19
   37.59516        6.6384408E-19
   37.72195        6.6299188E-19
   37.84875        6.6216263E-19
   37.97554        6.6135401E-19
   38.10233        6.6056503E-19
   38.22912        6.5979400E-19
   38.35592        6.5903982E-19
   38.48271        6.5830042E-19
   38.60950        6.5757462E-19
   38.73629        6.5686180E-19
   38.86309        6.5616169E-19
   38.98988        6.5547456E-19
   39.11667        6.5480212E-19
   39.24347        6.5414446E-19
   39.37026        6.5350277E-19
   39.49705        6.5287763E-19
   39.62384        6.5226914E-19
   39.75064        6.5167682E-19
   39.87743        6.5109924E-19
   40.00422        6.5053402E-19
   40.13101        6.4997795E-19
   40.25780        6.4942772E-19
   40.38460        6.4887904E-19
   40.51139        6.4832865E-19
   40.63818        6.4777274E-19
   40.76498        6.4720881E-19
   40.89177        6.4663593E-19
   41.01856        6.4605344E-19
   41.14536        6.4546309E-19
   41.27215        6.4486701E-19
   41.39894        6.4426875E-19
   41.52573        6.4367085E-19
   41.65253        6.4307751E-19
   41.77932        6.4249129E-19
   41.90611        6.4191480E-19
   42.03290        6.4135020E-19
   42.15969        6.4079769E-19
   42.28649        6.4025796E-19
   42.41328        6.3972954E-19
   42.54007        6.3921214E-19
   42.66687        6.3870389E-19
   42.79366        6.3820469E-19
   42.92045        6.3771339E-19
   43.04725        6.3723120E-19
   43.17404        6.3675857E-19
   43.30083        6.3629752E-19
   43.42762        6.3585126E-19
   43.55442        6.3542040E-19
   43.68121        6.3500738E-19
   43.80800        6.3461245E-19
   43.93479        6.3423525E-19
   44.06158        6.3387321E-19
   44.18838        6.3352378E-19
   44.31517        6.3318277E-19
   44.44196        6.3284549E-19
   44.56876        6.3250712E-19
   44.69555        6.3216275E-19
   44.82234        6.3180815E-19
   44.94913        6.3143944E-19
   45.07593        6.3105428E-19
   45.20272        6.3065041E-19
   45.32951        6.3022638E-19
   45.45631        6.2978213E-19
   45.58310        6.2931896E-19
   45.70989        6.2883707E-19
   45.83668        6.2833823E-19
   45.96347        6.2782321E-19
   46.09027        6.2729335E-19
   46.21706        6.2675072E-19
   46.34385        6.2619651E-19
   46.47065        6.2563149E-19
   46.59744        6.2505681E-19
   46.72423        6.2447225E-19
   46.85102        6.2387854E-19
   46.97782        6.2327620E-19
   47.10461        6.2266501E-19
   47.23140        6.2204556E-19
   47.35820        6.2141814E-19
   47.48499        6.2078432E-19
   47.61178        6.2014542E-19
   47.73857        6.1950451E-19
   47.86536        6.1886552E-19
   47.99216        6.1823158E-19
   48.11895        6.1760743E-19
   48.24574        6.1699805E-19
   48.37254        6.1640739E-19
   48.49933        6.1583943E-19
   48.62612        6.1529561E-19
   48.75291        6.1477640E-19
   48.87971        6.1428071E-19
   49.00650        6.1380565E-19
   49.13329        6.1334574E-19
   49.26009        6.1289513E-19
   49.38688        6.1244768E-19
   49.51367        6.1199588E-19
   49.64046        6.1153463E-19
   49.76725        6.1105843E-19
   49.89405        6.1056522E-19
   50.02084        6.1005366E-19
   50.14763        6.0952556E-19
   50.27443        6.0898241E-19
   50.40122        6.0842784E-19
   50.52801        6.0786618E-19
   50.65480        6.0729972E-19
   50.78160        6.0673129E-19
   50.90839        6.0616152E-19
   51.03518        6.0559077E-19
   51.16198        6.0501820E-19
   51.28877        6.0444078E-19
   51.41556        6.0385689E-19
   51.54235        6.0326432E-19
   51.66914        6.0266244E-19
   51.79594        6.0205193E-19
   51.92273        6.0143527E-19
   52.04952        6.0081690E-19
   52.17632        6.0020137E-19
   52.30311        5.9959417E-19
   52.42990        5.9900232E-19
   52.55669        5.9843069E-19
   52.68349        5.9788413E-19
   52.81028        5.9736435E-19
   52.93707        5.9687120E-19
   53.06387        5.9640244E-19
   53.19066        5.9595241E-19
   53.31745        5.9551369E-19
   53.44424        5.9507828E-19
   53.57103        5.9463574E-19
   53.69783        5.9417666E-19
   53.82462        5.9369120E-19
   53.95141        5.9317127E-19
   54.07821        5.9260987E-19
   54.20500        5.9200133E-19
   54.33179        5.9134299E-19
   54.45858        5.9063348E-19
   54.58538        5.8987392E-19
   54.71217        5.8906876E-19
   54.83896        5.8822468E-19
   54.96576        5.8735200E-19
   55.09255        5.8646382E-19
   55.21934        5.8557760E-19
   55.34613        5.8471335E-19
   55.47292        5.8389547E-19
   55.59972        5.8315044E-19
   55.72651        5.8250865E-19
   55.85330        5.8200076E-19
   55.98009        5.8165816E-19
   56.10689        5.8150988E-19
   56.23368        5.8158045E-19
   56.36047        5.8188703E-19
   56.48727        5.8243814E-19
   56.61406        5.8322980E-19
   56.74085        5.8424289E-19
   56.86765        5.8544235E-19
   56.99444        5.8677411E-19
   57.12123        5.8816714E-19
   57.24802        5.8953085E-19
   57.37481        5.9075926E-19
   57.50161        5.9173161E-19
   57.62840        5.9231891E-19
   57.75519        5.9238710E-19
   57.88198        5.9180492E-19
   58.00878        5.9045367E-19
   58.13557        5.8823393E-19
   58.26236        5.8507508E-19
   58.38916        5.8094569E-19
   58.51595        5.7586122E-19
   58.64274        5.6989146E-19
   58.76954        5.6316845E-19
   58.89633        5.5588662E-19
   59.02312        5.4830732E-19
   59.14991        5.4075320E-19
   59.27670        5.3360196E-19
   59.40350        5.2727739E-19
   59.53029        5.2223262E-19
   59.65708        5.1892881E-19
   59.78387        5.1781692E-19
   59.91067        5.1930740E-19
   60.03746        5.2374445E-19
   60.16425        5.3137374E-19
   60.29105        5.4231626E-19
   60.41784        5.5653973E-19
   60.54463        5.7383670E-19
   60.67142        5.9380380E-19
   60.79822        6.1583442E-19
   60.92501        6.3911438E-19
   61.05180        6.6263288E-19
   61.17859        6.8520225E-19
   61.30539        7.0549092E-19
   61.43218        7.2206938E-19
   61.55897        7.3346927E-19
   61.68576        7.3825130E-19
   61.81256        7.3508589E-19
   61.93935        7.2283850E-19
   62.06614        7.0065744E-19
   62.19294        6.6806436E-19
   62.31973        6.2503359E-19
   62.44652        5.7206627E-19
   62.57331        5.1024517E-19
   62.70011        4.4126689E-19
   62.82690        3.6744906E-19
   62.95369        2.9170659E-19
   63.08048        2.1749274E-19
   63.20728        1.4870239E-19
   63.33407        8.9540789E-20
   63.46086        4.4355812E-20
   63.58765        1.7438135E-20
   63.71445        1.2794645E-20
   63.84124        3.3905933E-20
   63.96803        8.3475326E-20
   64.09483        1.6318065E-19
   64.22162        2.7344376E-19
   64.34841        4.1323382E-19
   64.47520        5.7991224E-19
   64.60200        7.6914262E-19
   64.72879        9.7486864E-19
   64.85558        1.1893807E-18
   64.98238        1.4034712E-18
   65.10917        1.6066877E-18
   65.23596        1.7876831E-18
   65.36275        1.9346551E-18
   65.48955        2.0358712E-18
   65.61633        2.0802548E-18
   65.74313        2.0580206E-18
   65.86992        1.9613263E-18
   65.99671        1.7849145E-18
   66.12350        1.5267072E-18
   66.25030        1.1883235E-18
   66.37709        7.7547516E-19
   66.50388        2.9821487E-19
   66.63068       -2.2900459E-19
   66.75747       -7.8747780E-19
   66.88426       -1.3546241E-18
   67.01105       -1.9046059E-18
   67.13785       -2.4091834E-18
   67.26464       -2.8387927E-18
   67.39143       -3.1638277E-18
   67.51823       -3.3560744E-18
   67.64502       -3.3902566E-18
   67.77181       -3.2456208E-18
   67.89861       -2.9074913E-18
   68.02540       -2.3687130E-18
   68.15219       -1.6308926E-18
   68.27898       -7.0536033E-19
   68.40578        3.8623588E-19
   68.53257        1.6117713E-18
   68.65936        2.9289820E-18
   68.78616        4.2863387E-18
   68.91295        5.6244741E-18
   69.03974        6.8781615E-18
   69.16653        7.9788022E-18
   69.29333        8.8573640E-18
   69.42011        9.4476723E-18
   69.54691        9.6899295E-18
   69.67370        9.5343228E-18
   69.80049        8.9445372E-18
   69.92728        7.9010059E-18
   70.05408        6.4037043E-18
   70.18087        4.4742807E-18
   70.30766        2.1573764E-18
   70.43446       -4.7903741E-19
   70.56125       -3.3444308E-18
   70.68804       -6.3276666E-18
   70.81483       -9.3001744E-18
   70.94163       -1.2120312E-17
   71.06842       -1.4638830E-17
   71.19521       -1.6705298E-17
   71.32201       -1.8175261E-17
   71.44880       -1.8917867E-17
   71.57559       -1.8823633E-17
   71.70238       -1.7811968E-17
   71.82918       -1.5838097E-17
   71.95597       -1.2898935E-17
   72.08276       -9.0375446E-18
   72.20956       -4.3457964E-18
   72.33635        1.0350805E-18
   72.46314        6.9162866E-18
   72.58994        1.3065783E-17
   72.71673        1.9215139E-17
   72.84352        2.5068878E-17
   72.97031        3.0316093E-17
   73.09711        3.4644002E-17
   73.22389        3.7752950E-17
   73.35069        3.9372318E-17
   73.47748        3.9276597E-17
   73.60427        3.7300883E-17
   73.73106        3.3354999E-17
   73.85786        2.7435361E-17
   73.98465        1.9633861E-17
   74.11144        1.0142896E-17
   74.23824       -7.4385194E-19
   74.36503       -1.2635626E-17
   74.49182       -2.5053837E-17
   74.61861       -3.7446542E-17
   74.74541       -4.9207906E-17
   74.87220       -5.9702191E-17
   74.99899       -6.8291588E-17
   75.12579       -7.4366859E-17
   75.25258       -7.7379616E-17
   75.37937       -7.6874890E-17
   75.50616       -7.2522273E-17
   75.63296       -6.4144230E-17
   75.75975       -5.1739701E-17
   75.88654       -3.5501606E-17
   76.01334       -1.5826688E-17
   76.14013        6.6833745E-18
   76.26692        3.1230651E-17
   76.39371        5.6839795E-17
   76.52051        8.2387149E-17
   76.64730        1.0663973E-16
   76.77409        1.2830311E-16
   76.90089        1.4607683E-16
   77.02767        1.5871527E-16
   77.15446        1.6509182E-16
   77.28126        1.6426346E-16
   77.40805        1.5553271E-16
   77.53484        1.3850397E-16
   77.66164        1.1313098E-16
   77.78843        7.9752275E-17
   77.91522        3.9112090E-17
   78.04202       -7.6357423E-18
   78.16881       -5.8942627E-17
   78.29560       -1.1289947E-16
   78.42239       -1.6729090E-16
   78.54919       -2.1966847E-16
   78.67598       -2.6744118E-16
   78.80277       -3.0798068E-16
   78.92957       -3.3873742E-16
   79.05636       -3.5736368E-16
   79.18315       -3.6183813E-16
   79.30994       -3.5058635E-16
   79.43674       -3.2259186E-16
   79.56353       -2.7749120E-16
   79.69032       -2.1564773E-16
   79.81712       -1.3819926E-16
   79.94391       -4.7074637E-17
   80.07070        5.5023796E-17
   80.19749        1.6467337E-16
   80.32429        2.7782112E-16
   80.45108        3.8990917E-16
   80.57787        4.9603276E-16
   80.70466        5.9112640E-16
   80.83145        6.7017194E-16
   80.95824        7.2842086E-16
   81.08504        7.6162275E-16
   81.21183        7.6624882E-16
   81.33862        7.3970170E-16
   81.46542        6.8049971E-16
   81.59221        5.8842707E-16
   81.71900        4.6463897E-16
   81.84579        3.1171538E-16
   81.97259        1.3365668E-16
   82.09938       -6.4183419E-17
   82.22617       -2.7522816E-16
   82.35297       -4.9187050E-16
   82.47976       -7.0572419E-16
   82.60655       -9.0792583E-16
   82.73335       -1.0894791E-15
   82.86014       -1.2416270E-15
   82.98693       -1.3562393E-15
   83.11372       -1.4261986E-15
   83.24052       -1.4457677E-15
   83.36731       -1.4109209E-15
   83.49410       -1.3196214E-15
   83.62090       -1.1720322E-15
   83.74769       -9.7064258E-16
   83.87448       -7.2030194E-16
   84.00127       -4.2815279E-16
   84.12807       -1.0346020E-16
   84.25486        2.4266255E-16
   84.38165        5.9762484E-16
   84.50844        9.4781674E-16
   84.63523        1.2791375E-15
   84.76202        1.5775781E-15
   84.88882        1.8298305E-15
   85.01561        2.0239035E-15
   85.14240        2.1497110E-15
   85.26920        2.1996124E-15
   85.39599        2.1688692E-15
   85.52278        2.0559978E-15
   85.64957        1.8629956E-15
   85.77637        1.5954190E-15
   85.90316        1.2623020E-15
   86.02995        8.7591238E-16
   86.15675        4.5134204E-16
   86.28354        5.9418290E-18
   86.41033       -4.4138095E-16
   86.53712       -8.7098058E-16
   86.66392       -1.2633738E-15
   86.79071       -1.6001876E-15
   86.91750       -1.8651134E-15
   87.04430       -2.0448172E-15
   87.17109       -2.1297671E-15
   87.29788       -2.1149252E-15
   87.42467       -2.0002687E-15
   87.55147       -1.7910925E-15
   87.67826       -1.4980736E-15
   87.80505       -1.1370679E-15
   87.93185       -7.2863421E-16
   88.05864       -2.9727961E-16
   88.18543        1.2955014E-16
   88.31222        5.2271139E-16
   88.43901        8.5280066E-16
   88.56580        1.0917244E-15
   88.69260        1.2143438E-15
   88.81939        1.2001233E-15
   88.94618        1.0346930E-15
   89.07298        7.1126061E-16
   89.19977        2.3176841E-16
   89.32656       -3.9226376E-16
   89.45335       -1.1392936E-15
   89.58015       -1.9777586E-15
   89.70694       -2.8665751E-15
   89.83373       -3.7561604E-15
   89.96053       -4.5899754E-15
   90.08732       -5.3065754E-15
   90.21411       -5.8421150E-15
   90.34090       -6.1332512E-15
   90.46770       -6.1203412E-15
   90.59449       -5.7508243E-15
   90.72128       -4.9826535E-15
   90.84808       -3.7876260E-15
   90.97487       -2.1544480E-15
   91.10166       -9.1389157E-17
   91.22845        2.3716563E-15
   91.35525        5.1818503E-15
   91.48204        8.2629394E-15
   91.60883        1.1515791E-14
   91.73563        1.4819966E-14
   91.86242        1.8036410E-14
   91.98921        2.1011232E-14
   92.11600        2.3580549E-14
   92.24279        2.5576289E-14
   92.36958        2.6832796E-14
   92.49638        2.7194091E-14
   92.62317        2.6521482E-14
   92.74996        2.4701320E-14
   92.87675        2.1652551E-14
   93.00355        1.7333750E-14
   93.13034        1.1749306E-14
   93.25713        4.9544054E-15
   93.38393       -2.9414665E-15
   93.51072       -1.1772850E-14
   93.63751       -2.1318640E-14
   93.76431       -3.1304667E-14
   93.89110       -4.1408612E-14
   94.01789       -5.1267255E-14
   94.14468       -6.0486108E-14
   94.27148       -6.8651133E-14
   94.39827       -7.5342449E-14
   94.52506       -8.0149551E-14
   94.65186       -8.2687661E-14
   94.77865       -8.2614722E-14
   94.90544       -7.9648399E-14
   95.03223       -7.3582396E-14
   95.15903       -6.4301564E-14
   95.28582       -5.1794970E-14
   95.41261       -3.6166301E-14
   95.53941       -1.7641032E-14
   95.66620        3.4302721E-15
   95.79299        2.6572909E-14
   95.91978        5.1193682E-14
   96.04657        7.6591267E-14
   96.17336        1.0197146E-13
   96.30016        1.2646714E-13
   96.42695        1.4916249E-13
   96.55374        1.6912111E-13
   96.68053        1.8541712E-13
   96.80733        1.9716871E-13
   96.93412        2.0357251E-13
   97.06091        2.0393836E-13
   97.18771        1.9772255E-13
   97.31450        1.8455876E-13
   97.44129        1.6428506E-13
   97.56808        1.3696584E-13
   97.69488        1.0290745E-13
   97.82167        6.2666689E-14
   97.94846        1.7051000E-14
   98.07526       -3.2889934E-14
   98.20205       -8.5881687E-14
   98.32884       -1.4045163E-13
   98.45564       -1.9496427E-13
   98.58243       -2.4766471E-13
   98.70922       -2.9672922E-13
   98.83601       -3.4032174E-13
   98.96281       -3.7665449E-13
   99.08960       -4.0405125E-13
   99.21639       -4.2101069E-13
   99.34319       -4.2626791E-13
   99.46998       -4.1885207E-13
   99.59677       -3.9813741E-13
   99.72356       -3.6388565E-13
   99.85035       -3.1627801E-13
   99.97714       -2.5593481E-13
   100.1039       -1.8392125E-13
   100.2307       -1.0173880E-13
   100.3575       -1.1300975E-14
   100.4843        8.5105934E-14
   100.6111        1.8487680E-13
   100.7379        2.8515539E-13
   100.8647        3.8291397E-13
   100.9915        4.7504269E-13
   101.1183        5.5844646E-13
   101.2451        6.3014595E-13
   101.3719        6.8737941E-13
   101.4987        7.2770224E-13
   101.6255        7.4908059E-13
   101.7522        7.4997463E-13
   101.8790        7.2941002E-13
   102.0058        6.8703246E-13
   102.1326        6.2314455E-13
   102.2594        5.3872147E-13
   102.3862        4.3540543E-13
   102.5130        3.1547719E-13
   102.6398        1.8180528E-13
   102.7666        3.7774159E-14
   102.8934       -1.1280752E-13
   103.0202       -2.6581555E-13
   103.1470       -4.1693268E-13
   103.2738       -5.6178077E-13
   103.4006       -6.9605910E-13
   103.5273       -8.1568254E-13
   103.6541       -9.1691682E-13
   103.7809       -9.9650399E-13
   103.9077       -1.0517744E-12
   104.0345       -1.0807416E-12
   104.1613       -1.0821740E-12
   104.2881       -1.0556432E-12
   104.4149       -1.0015450E-12
   104.5417       -9.2109165E-13
   104.6685       -8.1627663E-13
   104.7953       -6.8981165E-13
   104.9221       -5.4503808E-13
   105.0489       -3.8581657E-13
   105.1756       -2.1639721E-13
   105.3024       -4.1277189E-14
   105.4292        1.3495109E-13
   105.5560        3.0775298E-13
   105.6828        4.7280279E-13
   105.8096        6.2612421E-13
   105.9364        7.6421595E-13
   106.0632        8.8415771E-13
   106.1900        9.8369056E-13
   106.3168        1.0612701E-12
   106.4436        1.1160889E-12
   106.5704        1.1480681E-12
   106.6972        1.1578180E-12
   106.8240        1.1465699E-12
   106.9507        1.1160816E-12
   107.0775        1.0685216E-12
   107.2043        1.0063374E-12
   107.3311        9.3211333E-13
   107.4579        8.4842620E-13
   107.5847        7.5770466E-13
   107.7115        6.6210075E-13
   107.8383        5.6337866E-13
   107.9651        4.6282959E-13
   108.0919        3.6121507E-13
   108.2187        2.5874458E-13
   108.3455        1.5508966E-13
   108.4723        4.9434117E-14
   108.5990       -5.9439785E-14
   108.7258       -1.7303166E-13
   108.8526       -2.9297623E-13
   108.9794       -4.2087400E-13
   109.1062       -5.5810895E-13
   109.2330       -7.0566030E-13
   109.3598       -8.6392021E-13
   109.4866       -1.0325260E-12
   109.6134       -1.2102174E-12
   109.7402       -1.3947290E-12
   109.8670       -1.5827258E-12
   109.9938       -1.7697883E-12
   110.1206       -1.9504533E-12
   110.2474       -2.1183125E-12
   110.3741       -2.2661686E-12
   110.5009       -2.3862498E-12
   110.6277       -2.4704717E-12
   110.7545       -2.5107451E-12
   110.8813       -2.4993139E-12
   111.0081       -2.4291155E-12
   111.1349       -2.2941464E-12
   111.2617       -2.0898175E-12
   111.3885       -1.8132848E-12
   111.5153       -1.4637416E-12
   111.6421       -1.0426493E-12
   111.7689       -5.5390284E-13
   111.8957       -3.9135019E-15
   112.0224        5.9839763E-13
   112.1492        1.2417025E-12
   112.2760        1.9124648E-12
   112.4028        2.5952324E-12
   112.5296        3.2730184E-12
   112.6564        3.9277605E-12
   112.7832        4.5408417E-12
   112.9100        5.0936568E-12
   113.0368        5.5682095E-12
   113.1636        5.9477050E-12
   113.2904        6.2171275E-12
   113.4172        6.3637767E-12
   113.5440        6.3777360E-12
   113.6708        6.2522570E-12
   113.7975        5.9840410E-12
   113.9243        5.5734059E-12
   114.0511        5.0243243E-12
   114.1779        4.3443378E-12
   114.3047        3.5443443E-12
   114.4315        2.6382614E-12
   114.5583        1.6425901E-12
   114.6851        5.7588472E-13
   114.8119       -5.4183296E-13
   114.9387       -1.6897144E-12
   115.0655       -2.8467114E-12
   115.1923       -3.9922089E-12
   115.3191       -5.1065853E-12
   115.4458       -6.1717111E-12
   115.5726       -7.1713438E-12
   115.6994       -8.0913852E-12
   115.8262       -8.9200210E-12
   115.9530       -9.6477045E-12
   116.0798       -1.0267004E-11
   116.2066       -1.0772304E-11
   116.3334       -1.1159397E-11
   116.4602       -1.1424981E-11
   116.5870       -1.1566082E-11
   116.7138       -1.1579473E-11
   116.8406       -1.1461080E-11
   116.9674       -1.1205480E-11
   117.0942       -1.0805483E-11
   117.2209       -1.0251871E-11
   117.3477       -9.5333255E-12
   117.4745       -8.6365819E-12
   117.6013       -7.5468121E-12
   117.7281       -6.2482797E-12
   117.8549       -4.7252436E-12
   117.9817       -2.9631048E-12
   118.1085       -9.4978094E-13
   118.2353        1.3227607E-12
   118.3621        3.8568432E-12
   118.4889        6.6473732E-12
   118.6157        9.6801690E-12
   118.7425        1.2930390E-11
   118.8692        1.6361195E-11
   118.9960        1.9922688E-11
   119.1228        2.3551263E-11
   119.2496        2.7169432E-11
   119.3764        3.0686179E-11
   119.5032        3.3997961E-11
   119.6300        3.6990296E-11
   119.7568        3.9540080E-11
   119.8836        4.1518476E-11
   120.0104        4.2794476E-11
   120.1372        4.3238996E-11
   120.2640        4.2729389E-11
   120.3908        4.1154372E-11
   120.5176        3.8419063E-11
   120.6443        3.4450123E-11
   120.7711        2.9200684E-11
   120.8979        2.2654973E-11
   121.0247        1.4832418E-11
   121.1515        5.7909762E-12
   121.2783       -4.3703942E-12
   121.4051       -1.5510352E-11
   121.5319       -2.7445029E-11
   121.6587       -3.9949176E-11
   121.7855       -5.2758731E-11
   121.9123       -6.5574803E-11
   122.0391       -7.8069079E-11
   122.1659       -8.9890602E-11
   122.2927       -1.0067375E-10
   122.4194       -1.1004735E-10
   122.5462       -1.1764464E-10
   122.6730       -1.2311394E-10
   122.7998       -1.2612954E-10
   122.9266       -1.2640280E-10
   123.0534       -1.2369290E-10
   123.1802       -1.1781702E-10
   123.3070       -1.0865944E-10
   123.4338       -9.6179627E-11
   123.5606       -8.0418554E-11
   123.6874       -6.1503226E-11
   123.8142       -3.9649187E-11
   123.9410       -1.5160749E-11
   124.0677        1.1571100E-11
   124.1945        4.0073271E-11
   124.3213        6.9797459E-11
   124.4481        1.0012941E-10
   124.5749        1.3040037E-10
   124.7017        1.5990047E-10
   124.8285        1.8789373E-10
   124.9553        2.1363468E-10
   125.0821        2.3638558E-10
   125.2089        2.5543467E-10
   125.3357        2.7011413E-10
   125.4625        2.7981820E-10
   125.5893        2.8402017E-10
   125.7161        2.8228839E-10
   125.8428        2.7430067E-10
   125.9696        2.5985677E-10
   126.0964        2.3888838E-10
   126.2232        2.1146677E-10
   126.3500        1.7780746E-10
   126.4768        1.3827188E-10
   126.6036        9.3365968E-11
   126.7304        4.3735782E-11
   126.8572       -9.8402181E-12
   126.9840       -6.6461725E-11
   127.1108       -1.2511996E-10
   127.2376       -1.8471380E-10
   127.3644       -2.4406813E-10
   127.4911       -3.0195427E-10
   127.6179       -3.5711217E-10
   127.7447       -4.0827391E-10
   127.8715       -4.5418816E-10
   127.9983       -4.9364490E-10
   128.1251       -5.2550087E-10
   128.2519       -5.4870408E-10
   128.3787       -5.6231791E-10
   128.5055       -5.6554411E-10
   128.6323       -5.5774407E-10
   128.7591       -5.3845833E-10
   128.8859       -5.0742388E-10
   129.0127       -4.6458834E-10
   129.1395       -4.1012174E-10
   129.2663       -3.4442474E-10
   129.3930       -2.6813307E-10
   129.5198       -1.8211851E-10
   129.6466       -8.7485665E-11
   129.7734        1.4435824E-11
   129.9002        1.2210283E-10
   130.0270        2.3377517E-10
   130.1538        3.4753658E-10
   130.2806        4.6131948E-10
   130.4074        5.7293509E-10
   130.5342        6.8010658E-10
   130.6610        7.8050683E-10
   130.7878        8.7179908E-10
   130.9146        9.5168062E-10
   131.0414        1.0179289E-09
   131.1681        1.0684490E-09
   131.2949        1.1013224E-09
   131.4217        1.1148545E-09
   131.5485        1.1076231E-09
   131.6753        1.0785218E-09
   131.8021        1.0268035E-09
   131.9289        9.5211683E-10
   132.0557        8.5453883E-10
   132.1825        7.3460016E-10
   132.3093        5.9330352E-10
   132.4361        4.3213311E-10
   132.5629        2.5305491E-10
   132.6897        5.8507109E-11
   132.8164       -1.4862001E-10
   132.9432       -3.6501474E-10
   133.0700       -5.8698552E-10
   133.1968       -8.1051271E-10
   133.3236       -1.0313108E-09
   133.4504       -1.2448995E-09
   133.5772       -1.4466837E-09
   133.7040       -1.6320395E-09
   133.8308       -1.7964074E-09
   133.9576       -1.9353872E-09
   134.0844       -2.0448372E-09
   134.2112       -2.1209707E-09
   134.3380       -2.1604531E-09
   134.4648       -2.1604929E-09
   134.5915       -2.1189250E-09
   134.7183       -2.0342887E-09
   134.8451       -1.9058921E-09
   134.9719       -1.7338634E-09
   135.0987       -1.5191912E-09
   135.2255       -1.2637462E-09
   135.3523       -9.7028663E-10
   135.4791       -6.4244665E-10
   135.6059       -2.8470640E-10
   135.7327        9.7655710E-11
   135.8595        4.9862886E-10
   135.9863        9.1155283E-10
   136.1131        1.3292161E-09
   136.2398        1.7439697E-09
   136.3666        2.1478526E-09
   136.4934        2.5327289E-09
   136.6202        2.8904319E-09
   136.7470        3.2129166E-09
   136.8738        3.4924128E-09
   137.0006        3.7215797E-09
   137.1274        3.8936587E-09
   137.2542        4.0026213E-09
   137.3810        4.0433070E-09
   137.5078        4.0115524E-09
   137.6346        3.9043089E-09
   137.7614        3.7197405E-09
   137.8882        3.4573093E-09
   138.0149        3.1178384E-09
   138.1417        2.7035545E-09
   138.2685        2.2181104E-09
   138.3953        1.6665815E-09
   138.5221        1.0554416E-09
   138.6489        3.9251227E-10
   138.7757       -3.1311034E-10
   138.9025       -1.0511522E-09
   139.0293       -1.8102819E-09
   139.1561       -2.5782525E-09
   139.2829       -3.3420642E-09
   139.4097       -4.0881454E-09
   139.5365       -4.8025526E-09
   139.6632       -5.4711813E-09
   139.7900       -6.0799956E-09
   139.9168       -6.6152590E-09
   140.0436       -7.0637793E-09
   140.1704       -7.4131501E-09
   140.2972       -7.6519964E-09
   140.4240       -7.7702120E-09
   140.5508       -7.7591924E-09
   140.6776       -7.6120523E-09
   140.8044       -7.3238282E-09
   140.9312       -6.8916579E-09
   141.0580       -6.3149388E-09
   141.1848       -5.5954548E-09
   141.3116       -4.7374709E-09
   141.4383       -3.7477945E-09
   141.5651       -2.6357938E-09
   141.6919       -1.4133771E-09
   141.8187       -9.4927191E-11
   141.9455        1.3028070E-09
   142.0723        2.7608682E-09
   142.1991        4.2582906E-09
   142.3259        5.7723457E-09
   142.4527        7.2788331E-09
   142.5795        8.7524050E-09
   142.7063        1.0166935E-08
   142.8331        1.1495912E-08
   142.9599        1.2712864E-08
   143.0867        1.3791801E-08
   143.2134        1.4707672E-08
   143.3402        1.5436823E-08
   143.4670        1.5957463E-08
   143.5938        1.6250102E-08
   143.7206        1.6297992E-08
   143.8474        1.6087524E-08
   143.9742        1.5608590E-08
   144.1010        1.4854908E-08
   144.2278        1.3824293E-08
   144.3546        1.2518868E-08
   144.4814        1.0945208E-08
   144.6082        9.1144221E-09
   144.7350        7.0421535E-09
   144.8617        4.7485131E-09
   144.9885        2.2579283E-09
   145.1153       -4.0108100E-10
   145.2421       -3.1962064E-09
   145.3689       -6.0917205E-09
   145.4957       -9.0489234E-09
   145.6225       -1.2026645E-08
   145.7493       -1.4981808E-08
   145.8761       -1.7870041E-08
   146.0029       -2.0646320E-08
   146.1297       -2.3265653E-08
   146.2565       -2.5683779E-08
   146.3833       -2.7857871E-08
   146.5101       -2.9747238E-08
   146.6368       -3.1314009E-08
   146.7636       -3.2523815E-08
   146.8904       -3.3346378E-08
   147.0172       -3.3756116E-08
   147.1440       -3.3732647E-08
   147.2708       -3.3261234E-08
   147.3976       -3.2333169E-08
   147.5244       -3.0946040E-08
   147.6512       -2.9103949E-08
   147.7780       -2.6817597E-08
   147.9048       -2.4104295E-08
   148.0316       -2.0987860E-08
   148.1584       -1.7498413E-08
   148.2851       -1.3672097E-08
   148.4119       -9.5506509E-09
   148.5387       -5.1809486E-09
   148.6655       -6.1440980E-10
   148.7923        4.0936494E-09
   148.9191        8.8847356E-09
   149.0459        1.3697960E-08
   149.1727        1.8470864E-08
   149.2995        2.3140268E-08
   149.4263        2.7643161E-08
   149.5531        3.1917562E-08
   149.6799        3.5903398E-08
   149.8067        3.9543323E-08
   149.9335        4.2783523E-08
   150.0602        4.5574421E-08
   150.1870        4.7871346E-08
   150.3138        4.9635055E-08
   150.4406        5.0832199E-08
   150.5674        5.1435634E-08
   150.6942        5.1424600E-08
   150.8210        5.0784774E-08
   150.9478        4.9508159E-08
   151.0746        4.7592813E-08
   151.2014        4.5042437E-08
   151.3282        4.1865800E-08
   151.4550        3.8075985E-08
   151.5818        3.3689552E-08
   151.7085        2.8725490E-08
   151.8353        2.3204100E-08
   151.9621        1.7145769E-08
   152.0889        1.0569640E-08
   152.2157        3.4922429E-09
   152.3425       -4.0739154E-09
   152.4693       -1.2121772E-08
   152.5961       -2.0651088E-08
   152.7229       -2.9669792E-08
   152.8497       -3.9195211E-08
   152.9765       -4.9255185E-08
   153.1033       -5.9889054E-08
   153.2301       -7.1148442E-08
   153.3569       -8.3097817E-08
   153.4836       -9.5814819E-08
   153.6104       -1.0939036E-07
   153.7372       -1.2392843E-07
   153.8640       -1.3954556E-07
   153.9908       -1.5637012E-07
   154.1176       -1.7454114E-07
   154.2444       -1.9420705E-07
   154.3712       -2.1552390E-07
   154.4980       -2.3865348E-07
   154.6248       -2.6376128E-07
   154.7516       -2.9101386E-07
   154.8784       -3.2057645E-07
   155.0052       -3.5261019E-07
   155.1319       -3.8726938E-07
   155.2587       -4.2469858E-07
   155.3855       -4.6502970E-07
   155.5123       -5.0837917E-07
   155.6391       -5.5484537E-07
   155.7659       -6.0450583E-07
   155.8927       -6.5741506E-07
   156.0195       -7.1360211E-07
   156.1463       -7.7306908E-07
   156.2731       -8.3578919E-07
   156.3999       -9.0170573E-07
   156.5267       -9.7073098E-07
   156.6535       -1.0427460E-06
   156.7803       -1.1176006E-06
   156.9070       -1.1951131E-06
   157.0338       -1.2750714E-06
   157.1606       -1.3572342E-06
   157.2874       -1.4413320E-06
   157.4142       -1.5270689E-06
   157.5410       -1.6141252E-06
   157.6678       -1.7021588E-06
   157.7946       -1.7908086E-06
   157.9214       -1.8796969E-06
   158.0482       -1.9684326E-06
   158.1750       -2.0566138E-06
   158.3018       -2.1438320E-06
   158.4286       -2.2296740E-06
   158.5553       -2.3137263E-06
   158.6821       -2.3955781E-06
   158.8089       -2.4748242E-06
   158.9357       -2.5510685E-06
   159.0625       -2.6239272E-06
   159.1893       -2.6930318E-06
   159.3161       -2.7580322E-06
   159.4429       -2.8185991E-06
   159.5697       -2.8744273E-06
   159.6965       -2.9252376E-06
   159.8233       -2.9707799E-06
   159.9501       -3.0108347E-06
   160.0769       -3.0452156E-06
   160.2037       -3.0737717E-06
