  -4.500000        1.5509633E-18
  -4.373208        1.5509677E-18
  -4.246415        1.5509753E-18
  -4.119622        1.5509861E-18
  -3.992829        1.5509984E-18
  -3.866037        1.5510108E-18
  -3.739244        1.5510225E-18
  -3.612452        1.5510324E-18
  -3.485659        1.5510396E-18
  -3.358866        1.5510442E-18
  -3.232074        1.5510462E-18
  -3.105281        1.5510463E-18
  -2.978488        1.5510451E-18
  -2.851696        1.5510430E-18
  -2.724903        1.5510414E-18
  -2.598110        1.5510408E-18
  -2.471318        1.5510417E-18
  -2.344525        1.5510444E-18
  -2.217732        1.5510487E-18
  -2.090940        1.5510536E-18
  -1.964147        1.5510586E-18
  -1.837354        1.5510622E-18
  -1.710562        1.5510630E-18
  -1.583769        1.5510596E-18
  -1.456976        1.5510506E-18
  -1.330184        1.5510369E-18
  -1.203391        1.5510180E-18
  -1.076598        1.5509959E-18
 -0.9498057        1.5509717E-18
 -0.8230131        1.5509463E-18
 -0.6962205        1.5509229E-18
 -0.5694278        1.5509023E-18
 -0.4426351        1.5508855E-18
 -0.3158425        1.5508727E-18
 -0.1890498        1.5508639E-18
 -6.2257171E-02    1.5508581E-18
  6.4535484E-02    1.5508532E-18
  0.1913281        1.5508482E-18
  0.3181208        1.5508410E-18
  0.4449134        1.5508299E-18
  0.5717061        1.5508135E-18
  0.6984987        1.5507932E-18
  0.8252914        1.5507686E-18
  0.9520841        1.5507419E-18
   1.078877        1.5507138E-18
   1.205669        1.5506870E-18
   1.332462        1.5506630E-18
   1.459255        1.5506435E-18
   1.586047        1.5506288E-18
   1.712840        1.5506191E-18
   1.839633        1.5506132E-18
   1.966425        1.5506090E-18
   2.093218        1.5506042E-18
   2.220011        1.5505977E-18
   2.346803        1.5505868E-18
   2.473596        1.5505705E-18
   2.600389        1.5505485E-18
   2.727181        1.5505216E-18
   2.853974        1.5504907E-18
   2.980767        1.5504584E-18
   3.107559        1.5504266E-18
   3.234352        1.5503971E-18
   3.361145        1.5503711E-18
   3.487937        1.5503504E-18
   3.614730        1.5503340E-18
   3.741522        1.5503219E-18
   3.868315        1.5503130E-18
   3.995108        1.5503057E-18
   4.121901        1.5502985E-18
   4.248693        1.5502887E-18
   4.375485        1.5502758E-18
   4.502278        1.5502588E-18
   4.629071        1.5502370E-18
   4.755864        1.5502112E-18
   4.882656        1.5501824E-18
   5.009449        1.5501518E-18
   5.136241        1.5501215E-18
   5.263034        1.5500919E-18
   5.389827        1.5500660E-18
   5.516620        1.5500438E-18
   5.643412        1.5500257E-18
   5.770205        1.5500116E-18
   5.896997        1.5500006E-18
   6.023790        1.5499914E-18
   6.150583        1.5499829E-18
   6.277375        1.5499741E-18
   6.404168        1.5499630E-18
   6.530961        1.5499486E-18
   6.657753        1.5499296E-18
   6.784546        1.5499053E-18
   6.911339        1.5498763E-18
   7.038131        1.5498429E-18
   7.164924        1.5498063E-18
   7.291717        1.5497682E-18
   7.418509        1.5497301E-18
   7.545302        1.5496938E-18
   7.672095        1.5496609E-18
   7.798887        1.5496326E-18
   7.925680        1.5496099E-18
   8.052472        1.5495925E-18
   8.179265        1.5495798E-18
   8.306058        1.5495711E-18
   8.432851        1.5495646E-18
   8.559643        1.5495584E-18
   8.686436        1.5495509E-18
   8.813229        1.5495412E-18
   8.940022        1.5495275E-18
   9.066813        1.5495098E-18
   9.193606        1.5494879E-18
   9.320399        1.5494625E-18
   9.447192        1.5494354E-18
   9.573984        1.5494074E-18
   9.700777        1.5493802E-18
   9.827570        1.5493554E-18
   9.954362        1.5493333E-18
   10.08115        1.5493141E-18
   10.20795        1.5492969E-18
   10.33474        1.5492805E-18
   10.46153        1.5492639E-18
   10.58833        1.5492446E-18
   10.71512        1.5492210E-18
   10.84191        1.5491929E-18
   10.96870        1.5491595E-18
   11.09550        1.5491219E-18
   11.22229        1.5490814E-18
   11.34908        1.5490404E-18
   11.47587        1.5490016E-18
   11.60267        1.5489675E-18
   11.72946        1.5489405E-18
   11.85625        1.5489235E-18
   11.98304        1.5489171E-18
   12.10984        1.5489222E-18
   12.23663        1.5489378E-18
   12.36342        1.5489632E-18
   12.49022        1.5489952E-18
   12.61701        1.5490301E-18
   12.74380        1.5490650E-18
   12.87059        1.5490946E-18
   12.99739        1.5491160E-18
   13.12418        1.5491255E-18
   13.25097        1.5491207E-18
   13.37776        1.5491004E-18
   13.50456        1.5490641E-18
   13.63135        1.5490126E-18
   13.75814        1.5489491E-18
   13.88493        1.5488756E-18
   14.01173        1.5487958E-18
   14.13852        1.5487143E-18
   14.26531        1.5486345E-18
   14.39211        1.5485610E-18
   14.51890        1.5484975E-18
   14.64569        1.5484467E-18
   14.77248        1.5484109E-18
   14.89928        1.5483912E-18
   15.02607        1.5483900E-18
   15.15286        1.5484080E-18
   15.27965        1.5484471E-18
   15.40645        1.5485089E-18
   15.53324        1.5485958E-18
   15.66003        1.5487111E-18
   15.78682        1.5488581E-18
   15.91362        1.5490407E-18
   16.04041        1.5492630E-18
   16.16720        1.5495287E-18
   16.29399        1.5498421E-18
   16.42079        1.5502054E-18
   16.54758        1.5506211E-18
   16.67437        1.5510897E-18
   16.80116        1.5516114E-18
   16.92796        1.5521839E-18
   17.05475        1.5528037E-18
   17.18154        1.5534675E-18
   17.30834        1.5541707E-18
   17.43513        1.5549086E-18
   17.56192        1.5556774E-18
   17.68871        1.5564735E-18
   17.81551        1.5572945E-18
   17.94230        1.5581387E-18
   18.06909        1.5590073E-18
   18.19588        1.5599010E-18
   18.32268        1.5608222E-18
   18.44947        1.5617739E-18
   18.57626        1.5627577E-18
   18.70305        1.5637757E-18
   18.82985        1.5648282E-18
   18.95664        1.5659149E-18
   19.08343        1.5670345E-18
   19.21023        1.5681839E-18
   19.33702        1.5693585E-18
   19.46381        1.5705536E-18
   19.59060        1.5717638E-18
   19.71740        1.5729841E-18
   19.84419        1.5742106E-18
   19.97098        1.5754410E-18
   20.09777        1.5766727E-18
   20.22457        1.5779074E-18
   20.35136        1.5791456E-18
   20.47815        1.5803913E-18
   20.60494        1.5816481E-18
   20.73174        1.5829199E-18
   20.85853        1.5842098E-18
   20.98532        1.5855199E-18
   21.11212        1.5868518E-18
   21.23891        1.5882039E-18
   21.36570        1.5895762E-18
   21.49249        1.5909657E-18
   21.61929        1.5923692E-18
   21.74608        1.5937833E-18
   21.87287        1.5952054E-18
   21.99966        1.5966340E-18
   22.12646        1.5980695E-18
   22.25325        1.5995132E-18
   22.38004        1.6009687E-18
   22.50683        1.6024400E-18
   22.63363        1.6039326E-18
   22.76042        1.6054517E-18
   22.88721        1.6070013E-18
   23.01401        1.6085846E-18
   23.14080        1.6102014E-18
   23.26759        1.6118485E-18
   23.39438        1.6135213E-18
   23.52118        1.6152118E-18
   23.64797        1.6169120E-18
   23.77476        1.6186110E-18
   23.90155        1.6202990E-18
   24.02835        1.6219660E-18
   24.15514        1.6236054E-18
   24.28193        1.6252099E-18
   24.40872        1.6267755E-18
   24.53552        1.6283006E-18
   24.66231        1.6297862E-18
   24.78910        1.6312334E-18
   24.91590        1.6326461E-18
   25.04269        1.6340276E-18
   25.16948        1.6353810E-18
   25.29627        1.6367090E-18
   25.42307        1.6380143E-18
   25.54986        1.6392963E-18
   25.67665        1.6405557E-18
   25.80344        1.6417913E-18
   25.93024        1.6430024E-18
   26.05703        1.6441881E-18
   26.18382        1.6453484E-18
   26.31061        1.6464842E-18
   26.43741        1.6475984E-18
   26.56420        1.6486931E-18
   26.69099        1.6497717E-18
   26.81779        1.6508392E-18
   26.94458        1.6518996E-18
   27.07137        1.6529579E-18
   27.19816        1.6540187E-18
   27.32495        1.6550848E-18
   27.45175        1.6561596E-18
   27.57854        1.6572435E-18
   27.70533        1.6583368E-18
   27.83213        1.6594383E-18
   27.95892        1.6605456E-18
   28.08571        1.6616551E-18
   28.21250        1.6627635E-18
   28.33930        1.6638671E-18
   28.46609        1.6649624E-18
   28.59288        1.6660463E-18
   28.71968        1.6671175E-18
   28.84647        1.6681756E-18
   28.97326        1.6692203E-18
   29.10005        1.6702526E-18
   29.22684        1.6712745E-18
   29.35364        1.6722883E-18
   29.48043        1.6732954E-18
   29.60722        1.6742983E-18
   29.73402        1.6752978E-18
   29.86081        1.6762941E-18
   29.98760        1.6772871E-18
   30.11439        1.6782740E-18
   30.24119        1.6792521E-18
   30.36798        1.6802183E-18
   30.49477        1.6811682E-18
   30.62156        1.6820979E-18
   30.74836        1.6830041E-18
   30.87515        1.6838856E-18
   31.00194        1.6847416E-18
   31.12873        1.6855733E-18
   31.25553        1.6863825E-18
   31.38232        1.6871735E-18
   31.50911        1.6879510E-18
   31.63591        1.6887209E-18
   31.76270        1.6894887E-18
   31.88949        1.6902599E-18
   32.01628        1.6910392E-18
   32.14308        1.6918292E-18
   32.26987        1.6926326E-18
   32.39666        1.6934491E-18
   32.52345        1.6942794E-18
   32.65025        1.6951208E-18
   32.77704        1.6959708E-18
   32.90383        1.6968268E-18
   33.03062        1.6976862E-18
   33.15742        1.6985480E-18
   33.28421        1.6994112E-18
   33.41100        1.7002756E-18
   33.53780        1.7011422E-18
   33.66459        1.7020120E-18
   33.79138        1.7028875E-18
   33.91817        1.7037689E-18
   34.04497        1.7046566E-18
   34.17176        1.7055494E-18
   34.29855        1.7064453E-18
   34.42534        1.7073401E-18
   34.55214        1.7082286E-18
   34.67893        1.7091053E-18
   34.80572        1.7099652E-18
   34.93251        1.7108030E-18
   35.05931        1.7116157E-18
   35.18610        1.7124020E-18
   35.31289        1.7131634E-18
   35.43969        1.7139029E-18
   35.56648        1.7146265E-18
   35.69327        1.7153418E-18
   35.82006        1.7160570E-18
   35.94686        1.7167794E-18
   36.07365        1.7175151E-18
   36.20044        1.7182678E-18
   36.32723        1.7190383E-18
   36.45403        1.7198246E-18
   36.58082        1.7206228E-18
   36.70761        1.7214265E-18
   36.83440        1.7222282E-18
   36.96120        1.7230204E-18
   37.08799        1.7237968E-18
   37.21478        1.7245527E-18
   37.34158        1.7252865E-18
   37.46837        1.7259994E-18
   37.59516        1.7266947E-18
   37.72195        1.7273799E-18
   37.84875        1.7280615E-18
   37.97554        1.7287485E-18
   38.10233        1.7294490E-18
   38.22912        1.7301689E-18
   38.35592        1.7309129E-18
   38.48271        1.7316829E-18
   38.60950        1.7324768E-18
   38.73629        1.7332911E-18
   38.86309        1.7341199E-18
   38.98988        1.7349576E-18
   39.11667        1.7357959E-18
   39.24347        1.7366274E-18
   39.37026        1.7374472E-18
   39.49705        1.7382506E-18
   39.62384        1.7390352E-18
   39.75064        1.7398007E-18
   39.87743        1.7405491E-18
   40.00422        1.7412830E-18
   40.13101        1.7420066E-18
   40.25780        1.7427244E-18
   40.38460        1.7434403E-18
   40.51139        1.7441581E-18
   40.63818        1.7448794E-18
   40.76498        1.7456061E-18
   40.89177        1.7463367E-18
   41.01856        1.7470698E-18
   41.14536        1.7478012E-18
   41.27215        1.7485264E-18
   41.39894        1.7492417E-18
   41.52573        1.7499424E-18
   41.65253        1.7506254E-18
   41.77932        1.7512890E-18
   41.90611        1.7519326E-18
   42.03290        1.7525575E-18
   42.15969        1.7531665E-18
   42.28649        1.7537635E-18
   42.41328        1.7543523E-18
   42.54007        1.7549373E-18
   42.66687        1.7555225E-18
   42.79366        1.7561102E-18
   42.92045        1.7567037E-18
   43.04725        1.7573034E-18
   43.17404        1.7579104E-18
   43.30083        1.7585242E-18
   43.42762        1.7591435E-18
   43.55442        1.7597668E-18
   43.68121        1.7603923E-18
   43.80800        1.7610179E-18
   43.93479        1.7616408E-18
   44.06158        1.7622585E-18
   44.18838        1.7628693E-18
   44.31517        1.7634715E-18
   44.44196        1.7640634E-18
   44.56876        1.7646445E-18
   44.69555        1.7652150E-18
   44.82234        1.7657773E-18
   44.94913        1.7663336E-18
   45.07593        1.7668878E-18
   45.20272        1.7674445E-18
   45.32951        1.7680090E-18
   45.45631        1.7685874E-18
   45.58310        1.7691844E-18
   45.70989        1.7698038E-18
   45.83668        1.7704484E-18
   45.96347        1.7711180E-18
   46.09027        1.7718105E-18
   46.21706        1.7725229E-18
   46.34385        1.7732484E-18
   46.47065        1.7739817E-18
   46.59744        1.7747168E-18
   46.72423        1.7754495E-18
   46.85102        1.7761762E-18
   46.97782        1.7768960E-18
   47.10461        1.7776087E-18
   47.23140        1.7783169E-18
   47.35820        1.7790227E-18
   47.48499        1.7797295E-18
   47.61178        1.7804389E-18
   47.73857        1.7811513E-18
   47.86536        1.7818657E-18
   47.99216        1.7825796E-18
   48.11895        1.7832901E-18
   48.24574        1.7839924E-18
   48.37254        1.7846833E-18
   48.49933        1.7853593E-18
   48.62612        1.7860192E-18
   48.75291        1.7866634E-18
   48.87971        1.7872945E-18
   49.00650        1.7879176E-18
   49.13329        1.7885386E-18
   49.26009        1.7891644E-18
   49.38688        1.7898011E-18
   49.51367        1.7904548E-18
   49.64046        1.7911300E-18
   49.76725        1.7918281E-18
   49.89405        1.7925504E-18
   50.02084        1.7932961E-18
   50.14763        1.7940636E-18
   50.27443        1.7948500E-18
   50.40122        1.7956524E-18
   50.52801        1.7964669E-18
   50.65480        1.7972906E-18
   50.78160        1.7981198E-18
   50.90839        1.7989512E-18
   51.03518        1.7997816E-18
   51.16198        1.8006082E-18
   51.28877        1.8014292E-18
   51.41556        1.8022427E-18
   51.54235        1.8030480E-18
   51.66914        1.8038439E-18
   51.79594        1.8046314E-18
   51.92273        1.8054116E-18
   52.04952        1.8061842E-18
   52.17632        1.8069508E-18
   52.30311        1.8077122E-18
   52.42990        1.8084687E-18
   52.55669        1.8092214E-18
   52.68349        1.8099706E-18
   52.81028        1.8107166E-18
   52.93707        1.8114598E-18
   53.06387        1.8122016E-18
   53.19066        1.8129435E-18
   53.31745        1.8136905E-18
   53.44424        1.8144463E-18
   53.57103        1.8152166E-18
   53.69783        1.8160068E-18
   53.82462        1.8168218E-18
   53.95141        1.8176634E-18
   54.07821        1.8185309E-18
   54.20500        1.8194199E-18
   54.33179        1.8203212E-18
   54.45858        1.8212236E-18
   54.58538        1.8221110E-18
   54.71217        1.8229671E-18
   54.83896        1.8237757E-18
   54.96576        1.8245197E-18
   55.09255        1.8251868E-18
   55.21934        1.8257675E-18
   55.34613        1.8262566E-18
   55.47292        1.8266551E-18
   55.59972        1.8269690E-18
   55.72651        1.8272095E-18
   55.85330        1.8273929E-18
   55.98009        1.8275396E-18
   56.10689        1.8276740E-18
   56.23368        1.8278235E-18
   56.36047        1.8280187E-18
   56.48727        1.8282902E-18
   56.61406        1.8286718E-18
   56.74085        1.8291972E-18
   56.86765        1.8298995E-18
   56.99444        1.8308115E-18
   57.12123        1.8319631E-18
   57.24802        1.8333794E-18
   57.37481        1.8350783E-18
   57.50161        1.8370683E-18
   57.62840        1.8393463E-18
   57.75519        1.8418936E-18
   57.88198        1.8446729E-18
   58.00878        1.8476305E-18
   58.13557        1.8506909E-18
   58.26236        1.8537589E-18
   58.38916        1.8567194E-18
   58.51595        1.8594408E-18
   58.64274        1.8617782E-18
   58.76954        1.8635804E-18
   58.89633        1.8646946E-18
   59.02312        1.8649767E-18
   59.14991        1.8643009E-18
   59.27670        1.8625684E-18
   59.40350        1.8597192E-18
   59.53029        1.8557423E-18
   59.65708        1.8506845E-18
   59.78387        1.8446556E-18
   59.91067        1.8378377E-18
   60.03746        1.8304856E-18
   60.16425        1.8229247E-18
   60.29105        1.8155500E-18
   60.41784        1.8088132E-18
   60.54463        1.8032118E-18
   60.67142        1.7992709E-18
   60.79822        1.7975203E-18
   60.92501        1.7984687E-18
   61.05180        1.8025734E-18
   61.17859        1.8102062E-18
   61.30539        1.8216231E-18
   61.43218        1.8369276E-18
   61.55897        1.8560394E-18
   61.68576        1.8786686E-18
   61.81256        1.9042924E-18
   61.93935        1.9321425E-18
   62.06614        1.9611997E-18
   62.19294        1.9902088E-18
   62.31973        2.0176995E-18
   62.44652        2.0420271E-18
   62.57331        2.0614311E-18
   62.70011        2.0741078E-18
   62.82690        2.0782987E-18
   62.95369        2.0723914E-18
   63.08048        2.0550326E-18
   63.20728        2.0252436E-18
   63.33407        1.9825354E-18
   63.46086        1.9270213E-18
   63.58765        1.8595088E-18
   63.71445        1.7815764E-18
   63.84124        1.6956159E-18
   63.96803        1.6048409E-18
   64.09483        1.5132517E-18
   64.22162        1.4255498E-18
   64.34841        1.3470018E-18
   64.47520        1.2832546E-18
   64.60200        1.2400913E-18
   64.72879        1.2231499E-18
   64.85558        1.2375986E-18
   64.98238        1.2877870E-18
   65.10917        1.3768850E-18
   65.23596        1.5065274E-18
   65.36275        1.6764858E-18
   65.48955        1.8843857E-18
   65.61633        2.1254944E-18
   65.74313        2.3926011E-18
   65.86992        2.6760101E-18
   65.99671        2.9636643E-18
   66.12350        3.2414119E-18
   66.25030        3.4934269E-18
   66.37709        3.7027801E-18
   66.50388        3.8521549E-18
   66.63068        3.9246953E-18
   66.75747        3.9049505E-18
   66.88426        3.7798978E-18
   67.01105        3.5399798E-18
   67.13785        3.1801217E-18
   67.26464        2.7006570E-18
   67.39143        2.1081132E-18
   67.51823        1.4157849E-18
   67.64502        6.4403703E-19
   67.77181       -1.7971599E-19
   67.89861       -1.0214014E-18
   68.02540       -1.8410824E-18
   68.15219       -2.5941679E-18
   68.27898       -3.2330394E-18
   68.40578       -3.7090572E-18
   68.53257       -3.9749122E-18
   68.65936       -3.9872260E-18
   68.78616       -3.7093194E-18
   68.91295       -3.1140128E-18
   69.03974       -2.1863262E-18
   69.16653       -9.2592065E-19
   69.29333        6.5087797E-19
   69.42011        2.5096364E-18
   69.54691        4.5971034E-18
   69.67370        6.8413668E-18
   69.80049        9.1529834E-18
   69.92728        1.1427154E-17
   70.05408        1.3546970E-17
   70.18087        1.5387690E-17
   70.30766        1.6821992E-17
   70.43446        1.7726019E-17
   70.56125        1.7986037E-17
   70.68804        1.7505435E-17
   70.81483        1.6211754E-17
   70.94163        1.4063372E-17
   71.06842        1.1055498E-17
   71.19521        7.2250413E-18
   71.32201        2.6539964E-18
   71.44880       -2.5290274E-18
   71.57559       -8.1494248E-18
   71.70238       -1.3989604E-17
   71.82918       -1.9794530E-17
   71.95597       -2.5279812E-17
   72.08276       -3.0142237E-17
   72.20956       -3.4072522E-17
   72.33635       -3.6769895E-17
   72.46314       -3.7957972E-17
   72.58994       -3.7401309E-17
   72.71673       -3.4921832E-17
   72.84352       -3.0414366E-17
   72.97031       -2.3860281E-17
   73.09711       -1.5338427E-17
   73.22389       -5.0324676E-18
   73.35069        6.7661902E-18
   73.47748        1.9660505E-17
   73.60427        3.3155401E-17
   73.73106        4.6671142E-17
   73.85786        5.9562411E-17
   73.98465        7.1142800E-17
   74.11144        8.0714087E-17
   74.23824        8.7599373E-17
   74.36503        9.1178776E-17
   74.49182        9.0926274E-17
   74.61861        8.6445860E-17
   74.74541        7.7505229E-17
   74.87220        6.4064933E-17
   74.99899        4.6301091E-17
   75.12579        2.4619873E-17
   75.25258       -3.3802273E-19
   75.37937       -2.7704009E-17
   75.50616       -5.6400377E-17
   75.63296       -8.5171486E-17
   75.75975       -1.1262717E-16
   75.88654       -1.3729738E-16
   76.01334       -1.5769680E-16
   76.14013       -1.7239685E-16
   76.26692       -1.8010264E-16
   76.39371       -1.7973126E-16
   76.52051       -1.7048772E-16
   76.64730       -1.5193470E-16
   76.77409       -1.2405147E-16
   76.90089       -8.7278520E-17
   77.02767       -4.2543537E-17
   77.15446        8.7339619E-18
   77.28126        6.4662257E-17
   77.40805        1.2292245E-16
   77.53484        1.8083968E-16
   77.66164        2.3547939E-16
   77.78843        2.8376668E-16
   77.91522        3.2262492E-16
   78.04202        3.4912933E-16
   78.16881        3.6066840E-16
   78.29560        3.5510726E-16
   78.42239        3.3094390E-16
   78.54919        2.8745066E-16
   78.67598        2.2479182E-16
   78.80277        1.4410963E-16
   78.92957        4.7570720E-17
   79.05636       -6.1633141E-17
   79.18315       -1.7933454E-16
   79.30994       -3.0049343E-16
   79.43674       -4.1935336E-16
   79.56353       -5.2964944E-16
   79.69032       -6.2486266E-16
   79.81712       -6.9851340E-16
   79.94391       -7.4448309E-16
   80.07070       -7.5735238E-16
   80.19749       -7.3274041E-16
   80.32429       -6.6762867E-16
   80.45108       -5.6065354E-16
   80.57787       -4.1234885E-16
   80.70466       -2.2532315E-16
   80.83145       -4.3555299E-18
   80.95824        2.4360178E-16
   81.08504        5.0952399E-16
   81.21183        7.8252297E-16
   81.33862        1.0501656E-15
   81.46542        1.2988978E-15
   81.59221        1.5145644E-15
   81.71900        1.6830091E-15
   81.84579        1.7907378E-15
   81.97259        1.8256141E-15
   82.09938        1.7775670E-15
   82.22617        1.6392707E-15
   82.35297        1.4067683E-15
   82.47976        1.0800034E-15
   82.60655        6.6322674E-16
   82.73335        1.6524710E-16
   82.86014       -4.0049722E-16
   82.98693       -1.0160698E-15
   83.11372       -1.6593813E-15
   83.24052       -2.3047525E-15
   83.36731       -2.9236918E-15
   83.49410       -3.4858713E-15
   83.62090       -3.9602763E-15
   83.74769       -4.3164947E-15
   83.87448       -4.5260981E-15
   84.00127       -4.5640710E-15
   84.12807       -4.4102189E-15
   84.25486       -4.0505027E-15
   84.38165       -3.4782281E-15
   84.50844       -2.6950323E-15
   84.63523       -1.7116007E-15
   84.76202       -5.4806865E-16
   84.88882        7.6594235E-16
   85.01561        2.1916836E-15
   85.14240        3.6820493E-15
   85.26920        5.1827642E-15
   85.39599        6.6339697E-15
   85.52278        7.9721741E-15
   85.64957        9.1325187E-15
   85.77637        1.0051290E-14
   85.90316        1.0668593E-14
   86.02995        1.0931090E-14
   86.15675        1.0794693E-14
   86.28354        1.0227112E-14
   86.41033        9.2101230E-15
   86.53712        7.7414568E-15
   86.66392        5.8362069E-15
   86.79071        3.5276548E-15
   86.91750        8.6744168E-16
   87.04430       -2.0749671E-15
   87.17109       -5.2135526E-15
   87.29788       -8.4477560E-15
   87.42467       -1.1665201E-14
   87.55147       -1.4745072E-14
   87.67826       -1.7562063E-14
   87.80505       -1.9990777E-14
   87.93185       -2.1910435E-14
   88.05864       -2.3209748E-14
   88.18543       -2.3791749E-14
   88.31222       -2.3578428E-14
   88.43901       -2.2514949E-14
   88.56580       -2.0573292E-14
   88.69260       -1.7755125E-14
   88.81939       -1.4093756E-14
   88.94618       -9.6550355E-15
   89.07298       -4.5371222E-15
   89.19977        1.1309686E-15
   89.32656        7.1920272E-15
   89.45335        1.3464509E-14
   89.58015        1.9747513E-14
   89.70694        2.5826743E-14
   89.83373        3.1481321E-14
   89.96053        3.6491206E-14
   90.08732        4.0645005E-14
   90.21411        4.3747907E-14
   90.34090        4.5629451E-14
   90.46770        4.6150831E-14
   90.59449        4.5211475E-14
   90.72128        4.2754578E-14
   90.84808        3.8771368E-14
   90.97487        3.3303906E-14
   91.10166        2.6446185E-14
   91.22845        1.8343469E-14
   91.35525        9.1898145E-15
   91.48204       -7.7629077E-16
   91.60883       -1.1277994E-14
   91.73563       -2.2007786E-14
   91.86242       -3.2636617E-14
   91.98921       -4.2824133E-14
   92.11600       -5.2229732E-14
   92.24279       -6.0524082E-14
   92.36958       -6.7400668E-14
   92.49638       -7.2586976E-14
   92.62317       -7.5854911E-14
   92.74996       -7.7029976E-14
   92.87675       -7.5998954E-14
   93.00355       -7.2715569E-14
   93.13034       -6.7204089E-14
   93.25713       -5.9560443E-14
   93.38393       -4.9950868E-14
   93.51072       -3.8608012E-14
   93.63751       -2.5824568E-14
   93.76431       -1.1944542E-14
   93.89110        2.6474474E-15
   94.01789        1.7538673E-14
   94.14468        3.2302001E-14
   94.27148        4.6510454E-14
   94.39827        5.9751967E-14
   94.52506        7.1643836E-14
   94.65186        8.1846253E-14
   94.77865        9.0074385E-14
   94.90544        9.6108451E-14
   95.03223        9.9801305E-14
   95.15903        1.0108322E-13
   95.28582        9.9963555E-14
   95.41261        9.6529162E-14
   95.53941        9.0939538E-14
   95.66620        8.3418807E-14
   95.79299        7.4244871E-14
   95.91978        6.3736119E-14
   96.04657        5.2236173E-14
   96.17336        4.0097449E-14
   96.30016        2.7664211E-14
   96.42695        1.5255904E-14
   96.55374        3.1516802E-15
   96.68053       -8.4231209E-15
   96.80733       -1.9307738E-14
   96.93412       -2.9413253E-14
   97.06091       -3.8725896E-14
   97.18771       -4.7305838E-14
   97.31450       -5.5281402E-14
   97.44129       -6.2838569E-14
   97.56808       -7.0206095E-14
   97.69488       -7.7636661E-14
   97.82167       -8.5384838E-14
   97.94846       -9.3682745E-14
   98.07526       -1.0271449E-13
   98.20205       -1.1259090E-13
   98.32884       -1.2332554E-13
   98.45564       -1.3481402E-13
   98.58243       -1.4681748E-13
   98.70922       -1.5895205E-13
   98.83601       -1.7068523E-13
   98.96281       -1.8134034E-13
   99.08960       -1.9010955E-13
   99.21639       -1.9607608E-13
   99.34319       -1.9824523E-13
   99.46998       -1.9558392E-13
   99.59677       -1.8706774E-13
   99.72356       -1.7173415E-13
   99.85035       -1.4873976E-13
   99.97714       -1.1741981E-13
   100.1039       -7.7347078E-14
   100.2307       -2.8387386E-14
   100.3575        2.9250945E-14
   100.4843        9.4976998E-14
   100.6111        1.6778900E-13
   100.7379        2.4626056E-13
   100.8647        3.2854362E-13
   100.9915        4.1238963E-13
   101.1183        4.9519010E-13
   101.2451        5.7403653E-13
   101.3719        6.4579901E-13
   101.4987        7.0722285E-13
   101.6255        7.5503937E-13
   101.7522        7.8608956E-13
   101.8790        7.9745450E-13
   102.0058        7.8658981E-13
   102.1326        7.5145760E-13
   102.2594        6.9065077E-13
   102.3862        6.0350428E-13
   102.5130        4.9018721E-13
   102.6398        3.5177032E-13
   102.7666        1.9026531E-13
   102.8934        8.6308896E-15
   103.0202       -1.8925662E-13
   103.1470       -3.9866965E-13
   103.2738       -6.1413282E-13
   103.4006       -8.2956211E-13
   103.5273       -1.0384364E-12
   103.6541       -1.2339972E-12
   103.7809       -1.4094699E-12
   103.9077       -1.5583005E-12
   104.0345       -1.6743961E-12
   104.1613       -1.7523652E-12
   104.2881       -1.7877422E-12
   104.4149       -1.7771903E-12
   104.5417       -1.7186729E-12
   104.6685       -1.6115824E-12
   104.7953       -1.4568226E-12
   104.9221       -1.2568359E-12
   105.0489       -1.0155739E-12
   105.1756       -7.3840738E-13
   105.3024       -4.3197951E-13
   105.4292       -1.0400292E-13
   105.5560        2.3699068E-13
   105.6828        5.8194172E-13
   105.8096        9.2158323E-13
   105.9364        1.2467777E-12
   106.0632        1.5488571E-12
   106.1900        1.8199498E-12
   106.3168        2.0532816E-12
   106.4436        2.2434335E-12
   106.5704        2.3865450E-12
   106.6972        2.4804492E-12
   106.8240        2.5247343E-12
   106.9507        2.5207202E-12
   107.0775        2.4713525E-12
   107.2043        2.3810147E-12
   107.3311        2.2552591E-12
   107.4579        2.1004763E-12
   107.5847        1.9235061E-12
   107.7115        1.7312145E-12
   107.8383        1.5300542E-12
   107.9651        1.3256303E-12
   108.0919        1.1222978E-12
   108.2187        9.2281131E-13
   108.3455        7.2805200E-13
   108.4723        5.3685322E-13
   108.5990        3.4594100E-13
   108.7258        1.5000350E-13
   108.8526       -5.8101493E-14
   108.9794       -2.8700081E-13
   109.1062       -5.4632601E-13
   109.2330       -8.4610975E-13
   109.3598       -1.1960801E-12
   109.4866       -1.6048762E-12
   109.6134       -2.0792183E-12
   109.7402       -2.6230695E-12
   109.8670       -3.2368303E-12
   109.9938       -3.9166097E-12
   110.1206       -4.6536169E-12
   110.2474       -5.4337155E-12
   110.3741       -6.2371874E-12
   110.5009       -7.0387259E-12
   110.6277       -7.8077033E-12
   110.7545       -8.5087154E-12
   110.8813       -9.1024228E-12
   111.0081       -9.5466716E-12
   111.1349       -9.7978856E-12
   111.2617       -9.8127036E-12
   111.3885       -9.5497950E-12
   111.5153       -8.9718320E-12
   111.6421       -8.0475184E-12
   111.7689       -6.7536254E-12
   111.8957       -5.0769341E-12
   112.0224       -3.0160098E-12
   112.1492       -5.8271416E-13
   112.2760        2.1966246E-12
   112.4028        5.2804644E-12
   112.5296        8.6117910E-12
   112.6564        1.2118402E-11
   112.7832        1.5713781E-11
   112.9100        1.9298563E-11
   113.0368        2.2762606E-11
   113.1636        2.5987641E-11
   113.2904        2.8850445E-11
   113.4172        3.1226459E-11
   113.5440        3.2993809E-11
   113.6708        3.4037516E-11
   113.7975        3.4253891E-11
   113.9243        3.3554871E-11
   114.0511        3.1872182E-11
   114.1779        2.9161187E-11
   114.3047        2.5404248E-11
   114.4315        2.0613443E-11
   114.5583        1.4832536E-11
   114.6851        8.1380640E-12
   114.8119        6.3944087E-13
   114.9387       -7.5219674E-12
   115.0655       -1.6174825E-11
   115.1923       -2.5120891E-11
   115.3191       -3.4139101E-11
   115.4458       -4.2990597E-11
   115.5726       -5.1424611E-11
   115.6994       -5.9185039E-11
   115.8262       -6.6017539E-11
   115.9530       -7.1676963E-11
   116.0798       -7.5934870E-11
   116.2066       -7.8586977E-11
   116.3334       -7.9460209E-11
   116.4602       -7.8419174E-11
   116.5870       -7.5371827E-11
   116.7138       -7.0274134E-11
   116.8406       -6.3133561E-11
   116.9674       -5.4011205E-11
   117.0942       -4.3022492E-11
   117.2209       -3.0336390E-11
   117.3477       -1.6173091E-11
   117.4745       -8.0020165E-13
   117.6013        1.5472490E-11
   117.7281        3.2299538E-11
   117.8549        4.9307482E-11
   117.9817        6.6103477E-11
   118.1085        8.2284561E-11
   118.2353        9.7447439E-11
   118.3621        1.1119841E-10
   118.4889        1.2316323E-10
   118.6157        1.3299657E-10
   118.7425        1.4039098E-10
   118.8692        1.4508478E-10
   118.9960        1.4686911E-10
   119.1228        1.4559354E-10
   119.2496        1.4117041E-10
   119.3764        1.3357762E-10
   119.5032        1.2285994E-10
   119.6300        1.0912876E-10
   119.7568        9.2560300E-11
   119.8836        7.3392493E-11
   120.0104        5.1920555E-11
   120.1372        2.8491359E-11
   120.2640        3.4969419E-12
   120.3908       -2.2632824E-11
   120.5176       -4.9438075E-11
   120.6443       -7.6437211E-11
   120.7711       -1.0313525E-10
   120.8979       -1.2903224E-10
   121.0247       -1.5363144E-10
   121.1515       -1.7644720E-10
   121.2783       -1.9701248E-10
   121.4051       -2.1488573E-10
   121.5319       -2.2965750E-10
   121.6587       -2.4095617E-10
   121.7855       -2.4845342E-10
   121.9123       -2.5186903E-10
   122.0391       -2.5097532E-10
   122.1659       -2.4560101E-10
   122.2927       -2.3563493E-10
   122.4194       -2.2102931E-10
   122.5462       -2.0180273E-10
   122.6730       -1.7804287E-10
   122.7998       -1.4990897E-10
   122.9266       -1.1763383E-10
   123.0534       -8.1525460E-11
   123.1802       -4.1968113E-11
   123.3070        5.7732080E-13
   123.4338        4.5573881E-11
   123.5606        9.2410135E-11
   123.6874        1.4040312E-10
   123.8142        1.8880278E-10
   123.9410        2.3679800E-10
   124.0677        2.8352473E-10
   124.1945        3.2807587E-10
   124.3213        3.6951350E-10
   124.4481        4.0688300E-10
   124.5749        4.3922935E-10
   124.7017        4.6561546E-10
   124.8285        4.8514209E-10
   124.9553        4.9696913E-10
   125.0821        5.0033827E-10
   125.2089        4.9459553E-10
   125.3357        4.7921456E-10
   125.4625        4.5381854E-10
   125.5893        4.1820139E-10
   125.7161        3.7234646E-10
   125.8428        3.1644276E-10
   125.9696        2.5089761E-10
   126.0964        1.7634516E-10
   126.2232        9.3650358E-11
   126.3500        3.9075579E-12
   126.4768       -9.1566532E-11
   126.6036       -1.9124564E-10
   126.7304       -2.9341279E-10
   126.8572       -3.9618520E-10
   126.9840       -4.9754462E-10
   127.1108       -5.9537336E-10
   127.2376       -6.8749462E-10
   127.3644       -7.7171725E-10
   127.4911       -8.4588320E-10
   127.6179       -9.0791724E-10
   127.7447       -9.5587760E-10
   127.8715       -9.8800612E-10
   127.9983       -1.0027765E-09
   128.1251       -9.9894093E-10
   128.2519       -9.7557062E-10
   128.3787       -9.3209229E-10
   128.5055       -8.6831797E-10
   128.6323       -7.8446716E-10
   128.7591       -6.8118039E-10
   128.8859       -5.5952459E-10
   129.0127       -4.2098827E-10
   129.1395       -2.6746791E-10
   129.2663       -1.0124440E-10
   129.3930        7.5049376E-11
   129.5198        2.5847013E-10
   129.6466        4.4581303E-10
   129.7734        6.3366828E-10
   129.9002        8.1848284E-10
   130.0270        9.9662734E-10
   130.1538        1.1644657E-09
   130.2806        1.3184270E-09
   130.4074        1.4550768E-09
   130.5342        1.5711880E-09
   130.6610        1.6638080E-09
   130.7878        1.7303227E-09
   130.9146        1.7685138E-09
   131.0414        1.7766101E-09
   131.1681        1.7533313E-09
   131.2949        1.6979227E-09
   131.4217        1.6101807E-09
   131.5485        1.4904692E-09
   131.6753        1.3397253E-09
   131.8021        1.1594562E-09
   131.9289        9.5172459E-10
   132.0557        7.1912620E-10
   132.1825        4.6475709E-10
   132.3093        1.9217324E-10
   132.4361       -9.4658302E-11
   132.5629       -3.9141501E-10
   132.6897       -6.9348027E-10
   132.8164       -9.9601083E-10
   132.9432       -1.2940076E-09
   133.0700       -1.5823900E-09
   133.1968       -1.8560736E-09
   133.3236       -2.1100477E-09
   133.4504       -2.3394540E-09
   133.5772       -2.5396649E-09
   133.7040       -2.7063607E-09
   133.8308       -2.8356026E-09
   133.9576       -2.9239056E-09
   134.0844       -2.9683034E-09
   134.2112       -2.9664118E-09
   134.3380       -2.9164839E-09
   134.4648       -2.8174589E-09
   134.5915       -2.6690030E-09
   134.7183       -2.4715434E-09
   134.8451       -2.2262892E-09
   134.9719       -1.9352453E-09
   135.0987       -1.6012136E-09
   135.2255       -1.2277830E-09
   135.3523       -8.1930673E-10
   135.4791       -3.8086623E-10
   135.6059        8.1776363E-11
   135.7327        5.6224042E-10
   135.8595        1.0536017E-09
   135.9863        1.5484789E-09
   136.1131        2.0391335E-09
   136.2398        2.5175795E-09
   136.3666        2.9757041E-09
   136.4934        3.4053946E-09
   136.6202        3.7986743E-09
   136.7470        4.1478403E-09
   136.8738        4.4456052E-09
   137.0006        4.6852358E-09
   137.1274        4.8606918E-09
   137.2542        4.9667568E-09
   137.3810        4.9991571E-09
   137.5078        4.9546753E-09
   137.6346        4.8312452E-09
   137.7614        4.6280295E-09
   137.8882        4.3454804E-09
   138.0149        3.9853774E-09
   138.1417        3.5508412E-09
   138.2685        3.0463279E-09
   138.3953        2.4775915E-09
   138.5221        1.8516279E-09
   138.6489        1.1765894E-09
   138.7757        4.6167781E-10
   138.9025       -2.8298539E-10
   139.0293       -1.0465108E-09
   139.1561       -1.8174086E-09
   139.2829       -2.5837739E-09
   139.4097       -3.3334828E-09
   139.5365       -4.0543973E-09
   139.6632       -4.7345750E-09
   139.7900       -5.3624793E-09
   139.9168       -5.9271872E-09
   140.0436       -6.4185897E-09
   140.1704       -6.8275807E-09
   140.2972       -7.1462312E-09
   140.4240       -7.3679445E-09
   140.5508       -7.4875945E-09
   140.6776       -7.5016313E-09
   140.8044       -7.4081705E-09
   140.9312       -7.2070478E-09
   141.0580       -6.8998447E-09
   141.1848       -6.4898873E-09
   141.3116       -5.9822125E-09
   141.4383       -5.3835039E-09
   141.5651       -4.7020001E-09
   141.6919       -3.9473740E-09
   141.8187       -3.1305858E-09
   141.9455       -2.2637130E-09
   142.0723       -1.3597594E-09
   142.1991       -4.3244405E-10
   142.3259        5.0402421E-10
   142.4527        1.4351825E-09
   142.5795        2.3465614E-09
   142.7063        3.2239325E-09
   142.8331        4.0535602E-09
   142.9599        4.8224478E-09
   143.0867        5.5185749E-09
   143.2134        6.1311276E-09
   143.3402        6.6507089E-09
   143.4670        7.0695303E-09
   143.5938        7.3815829E-09
   143.7206        7.5827780E-09
   143.8474        7.6710629E-09
   143.9742        7.6464959E-09
   144.1010        7.5112938E-09
   144.2278        7.2698376E-09
   144.3546        6.9286394E-09
   144.4814        6.4962680E-09
   144.6082        5.9832339E-09
   144.7350        5.4018345E-09
   144.8617        4.7659618E-09
   144.9885        4.0908650E-09
   145.1153        3.3928855E-09
   145.2421        2.6891547E-09
   145.3689        1.9972701E-09
   145.4957        1.3349450E-09
   145.6225        7.1964268E-10
   145.7493        1.6820020E-10
   145.8761       -3.0354422E-10
   146.0029       -6.8112277E-10
   146.1297       -9.5179875E-10
   146.2565       -1.1049003E-09
   146.3833       -1.1321247E-09
   146.5101       -1.0278068E-09
   146.6368       -7.8914575E-10
   146.7636       -4.1637274E-10
   146.8904        8.7133106E-11
   147.0172        7.1478629E-10
   147.1440        1.4568176E-09
   147.2708        2.3003426E-09
   147.3976        3.2295076E-09
   147.5244        4.2257016E-09
   147.6512        5.2678213E-09
   147.7780        6.3326104E-09
   147.9048        7.3950304E-09
   148.0316        8.4286889E-09
   148.1584        9.4062971E-09
   148.2851        1.0300158E-08
   148.4119        1.1082657E-08
   148.5387        1.1726788E-08
   148.6655        1.2206635E-08
   148.7923        1.2497878E-08
   148.9191        1.2578250E-08
   149.0459        1.2427974E-08
   149.1727        1.2030168E-08
   149.2995        1.1371199E-08
   149.4263        1.0441004E-08
   149.5531        9.2333590E-09
   149.6799        7.7461104E-09
   149.8067        5.9813772E-09
   149.9335        3.9457015E-09
   150.0602        1.6501940E-09
   150.1870       -8.8934676E-10
   150.3138       -3.6523202E-09
   150.4406       -6.6132082E-09
   150.5674       -9.7414263E-09
   150.6942       -1.3001181E-08
   150.8210       -1.6351278E-08
   150.9478       -1.9744887E-08
   151.0746       -2.3129262E-08
   151.2014       -2.6445441E-08
   151.3282       -2.9627873E-08
   151.4550       -3.2604014E-08
   151.5818       -3.5293898E-08
   151.7085       -3.7609684E-08
   151.8353       -3.9455212E-08
   151.9621       -4.0725574E-08
   152.0889       -4.1306727E-08
   152.2157       -4.1075154E-08
   152.3425       -3.9897682E-08
   152.4693       -3.7631331E-08
   152.5961       -3.4123413E-08
   152.7229       -2.9211753E-08
   152.8497       -2.2725152E-08
   152.9765       -1.4484073E-08
   153.1033       -4.3015675E-09
   153.2301        8.0155029E-09
   153.3569        2.2664956E-08
   153.4836        3.9847503E-08
   153.6104        5.9764716E-08
   153.7372        8.2616708E-08
   153.8640        1.0859949E-07
   153.9908        1.3790235E-07
   154.1176        1.7070458E-07
   154.2444        2.0717269E-07
   154.3712        2.4745697E-07
   154.4980        2.9168834E-07
   154.6248        3.3997517E-07
   154.7516        3.9240012E-07
   154.8784        4.4901711E-07
   155.0052        5.0984875E-07
   155.1319        5.7488364E-07
   155.2587        6.4407448E-07
   155.3855        7.1733643E-07
   155.5123        7.9454554E-07
   155.6391        8.7553815E-07
   155.7659        9.6011104E-07
   155.8927        1.0480215E-06
   156.0195        1.1389878E-06
   156.1463        1.2326918E-06
   156.2731        1.3287799E-06
   156.3999        1.4268664E-06
   156.5267        1.5265360E-06
   156.6535        1.6273482E-06
   156.7803        1.7288402E-06
   156.9070        1.8305320E-06
   157.0338        1.9319311E-06
   157.1606        2.0325365E-06
   157.2874        2.1318442E-06
   157.4142        2.2293523E-06
   157.5410        2.3245652E-06
   157.6678        2.4169992E-06
   157.7946        2.5061861E-06
   157.9214        2.5916781E-06
   158.0482        2.6730522E-06
   158.1750        2.7499132E-06
   158.3018        2.8218963E-06
   158.4286        2.8886709E-06
   158.5553        2.9499422E-06
   158.6821        3.0054523E-06
   158.8089        3.0549827E-06
   158.9357        3.0983531E-06
   159.0625        3.1354234E-06
   159.1893        3.1660920E-06
   159.3161        3.1902960E-06
   159.4429        3.2080100E-06
   159.5697        3.2192434E-06
   159.6965        3.2240403E-06
   159.8233        3.2224764E-06
   159.9501        3.2146568E-06
   160.0769        3.2007144E-06
   160.2037        3.1808074E-06
