  -4.500000        1.0897116E-17
  -4.373208        1.0897114E-17
  -4.246415        1.0897113E-17
  -4.119622        1.0897109E-17
  -3.992829        1.0897108E-17
  -3.866037        1.0897106E-17
  -3.739244        1.0897105E-17
  -3.612452        1.0897106E-17
  -3.485659        1.0897106E-17
  -3.358866        1.0897106E-17
  -3.232074        1.0897107E-17
  -3.105281        1.0897108E-17
  -2.978488        1.0897109E-17
  -2.851696        1.0897109E-17
  -2.724903        1.0897109E-17
  -2.598110        1.0897109E-17
  -2.471318        1.0897108E-17
  -2.344525        1.0897108E-17
  -2.217732        1.0897107E-17
  -2.090940        1.0897106E-17
  -1.964147        1.0897106E-17
  -1.837354        1.0897106E-17
  -1.710562        1.0897107E-17
  -1.583769        1.0897109E-17
  -1.456976        1.0897114E-17
  -1.330184        1.0897119E-17
  -1.203391        1.0897124E-17
  -1.076598        1.0897131E-17
 -0.9498057        1.0897138E-17
 -0.8230131        1.0897143E-17
 -0.6962205        1.0897148E-17
 -0.5694278        1.0897152E-17
 -0.4426351        1.0897157E-17
 -0.3158425        1.0897161E-17
 -0.1890498        1.0897166E-17
 -6.2257171E-02    1.0897171E-17
  6.4535484E-02    1.0897176E-17
  0.1913281        1.0897180E-17
  0.3181208        1.0897183E-17
  0.4449134        1.0897187E-17
  0.5717061        1.0897190E-17
  0.6984987        1.0897192E-17
  0.8252914        1.0897194E-17
  0.9520841        1.0897195E-17
   1.078877        1.0897194E-17
   1.205669        1.0897191E-17
   1.332462        1.0897188E-17
   1.459255        1.0897181E-17
   1.586047        1.0897174E-17
   1.712840        1.0897166E-17
   1.839633        1.0897157E-17
   1.966425        1.0897149E-17
   2.093218        1.0897142E-17
   2.220011        1.0897136E-17
   2.346803        1.0897130E-17
   2.473596        1.0897126E-17
   2.600389        1.0897122E-17
   2.727181        1.0897119E-17
   2.853974        1.0897118E-17
   2.980767        1.0897119E-17
   3.107559        1.0897123E-17
   3.234352        1.0897128E-17
   3.361145        1.0897134E-17
   3.487937        1.0897142E-17
   3.614730        1.0897148E-17
   3.741522        1.0897154E-17
   3.868315        1.0897160E-17
   3.995108        1.0897167E-17
   4.121901        1.0897172E-17
   4.248693        1.0897179E-17
   4.375485        1.0897186E-17
   4.502278        1.0897192E-17
   4.629071        1.0897197E-17
   4.755864        1.0897200E-17
   4.882656        1.0897200E-17
   5.009449        1.0897201E-17
   5.136241        1.0897202E-17
   5.263034        1.0897205E-17
   5.389827        1.0897208E-17
   5.516620        1.0897211E-17
   5.643412        1.0897214E-17
   5.770205        1.0897215E-17
   5.896997        1.0897214E-17
   6.023790        1.0897213E-17
   6.150583        1.0897214E-17
   6.277375        1.0897217E-17
   6.404168        1.0897225E-17
   6.530961        1.0897236E-17
   6.657753        1.0897250E-17
   6.784546        1.0897264E-17
   6.911339        1.0897280E-17
   7.038131        1.0897294E-17
   7.164924        1.0897309E-17
   7.291717        1.0897323E-17
   7.418509        1.0897340E-17
   7.545302        1.0897358E-17
   7.672095        1.0897380E-17
   7.798887        1.0897401E-17
   7.925680        1.0897424E-17
   8.052472        1.0897443E-17
   8.179265        1.0897458E-17
   8.306058        1.0897471E-17
   8.432851        1.0897483E-17
   8.559643        1.0897497E-17
   8.686436        1.0897512E-17
   8.813229        1.0897532E-17
   8.940022        1.0897554E-17
   9.066813        1.0897576E-17
   9.193606        1.0897597E-17
   9.320399        1.0897616E-17
   9.447192        1.0897631E-17
   9.573984        1.0897645E-17
   9.700777        1.0897658E-17
   9.827570        1.0897673E-17
   9.954362        1.0897690E-17
   10.08115        1.0897712E-17
   10.20795        1.0897735E-17
   10.33474        1.0897759E-17
   10.46153        1.0897783E-17
   10.58833        1.0897806E-17
   10.71512        1.0897828E-17
   10.84191        1.0897851E-17
   10.96870        1.0897880E-17
   11.09550        1.0897911E-17
   11.22229        1.0897947E-17
   11.34908        1.0897986E-17
   11.47587        1.0898027E-17
   11.60267        1.0898064E-17
   11.72946        1.0898098E-17
   11.85625        1.0898126E-17
   11.98304        1.0898148E-17
   12.10984        1.0898165E-17
   12.23663        1.0898176E-17
   12.36342        1.0898180E-17
   12.49022        1.0898177E-17
   12.61701        1.0898163E-17
   12.74380        1.0898140E-17
   12.87059        1.0898109E-17
   12.99739        1.0898068E-17
   13.12418        1.0898024E-17
   13.25097        1.0897980E-17
   13.37776        1.0897941E-17
   13.50456        1.0897911E-17
   13.63135        1.0897894E-17
   13.75814        1.0897891E-17
   13.88493        1.0897906E-17
   14.01173        1.0897937E-17
   14.13852        1.0897985E-17
   14.26531        1.0898050E-17
   14.39211        1.0898131E-17
   14.51890        1.0898229E-17
   14.64569        1.0898338E-17
   14.77248        1.0898454E-17
   14.89928        1.0898568E-17
   15.02607        1.0898671E-17
   15.15286        1.0898755E-17
   15.27965        1.0898811E-17
   15.40645        1.0898831E-17
   15.53324        1.0898810E-17
   15.66003        1.0898743E-17
   15.78682        1.0898627E-17
   15.91362        1.0898459E-17
   16.04041        1.0898234E-17
   16.16720        1.0897950E-17
   16.29399        1.0897602E-17
   16.42079        1.0897189E-17
   16.54758        1.0896716E-17
   16.67437        1.0896186E-17
   16.80116        1.0895606E-17
   16.92796        1.0894982E-17
   17.05475        1.0894319E-17
   17.18154        1.0893621E-17
   17.30834        1.0892894E-17
   17.43513        1.0892142E-17
   17.56192        1.0891369E-17
   17.68871        1.0890582E-17
   17.81551        1.0889787E-17
   17.94230        1.0888993E-17
   18.06909        1.0888206E-17
   18.19588        1.0887428E-17
   18.32268        1.0886665E-17
   18.44947        1.0885914E-17
   18.57626        1.0885173E-17
   18.70305        1.0884440E-17
   18.82985        1.0883716E-17
   18.95664        1.0882996E-17
   19.08343        1.0882284E-17
   19.21023        1.0881578E-17
   19.33702        1.0880879E-17
   19.46381        1.0880185E-17
   19.59060        1.0879495E-17
   19.71740        1.0878807E-17
   19.84419        1.0878121E-17
   19.97098        1.0877435E-17
   20.09777        1.0876752E-17
   20.22457        1.0876075E-17
   20.35136        1.0875407E-17
   20.47815        1.0874749E-17
   20.60494        1.0874103E-17
   20.73174        1.0873469E-17
   20.85853        1.0872844E-17
   20.98532        1.0872230E-17
   21.11212        1.0871625E-17
   21.23891        1.0871029E-17
   21.36570        1.0870446E-17
   21.49249        1.0869875E-17
   21.61929        1.0869319E-17
   21.74608        1.0868774E-17
   21.87287        1.0868241E-17
   21.99966        1.0867715E-17
   22.12646        1.0867194E-17
   22.25325        1.0866673E-17
   22.38004        1.0866151E-17
   22.50683        1.0865628E-17
   22.63363        1.0865100E-17
   22.76042        1.0864567E-17
   22.88721        1.0864026E-17
   23.01401        1.0863476E-17
   23.14080        1.0862912E-17
   23.26759        1.0862331E-17
   23.39438        1.0861732E-17
   23.52118        1.0861112E-17
   23.64797        1.0860470E-17
   23.77476        1.0859808E-17
   23.90155        1.0859124E-17
   24.02835        1.0858418E-17
   24.15514        1.0857692E-17
   24.28193        1.0856942E-17
   24.40872        1.0856170E-17
   24.53552        1.0855376E-17
   24.66231        1.0854562E-17
   24.78910        1.0853729E-17
   24.91590        1.0852881E-17
   25.04269        1.0852020E-17
   25.16948        1.0851147E-17
   25.29627        1.0850266E-17
   25.42307        1.0849379E-17
   25.54986        1.0848484E-17
   25.67665        1.0847587E-17
   25.80344        1.0846686E-17
   25.93024        1.0845786E-17
   26.05703        1.0844890E-17
   26.18382        1.0843997E-17
   26.31061        1.0843109E-17
   26.43741        1.0842228E-17
   26.56420        1.0841353E-17
   26.69099        1.0840483E-17
   26.81779        1.0839620E-17
   26.94458        1.0838766E-17
   27.07137        1.0837921E-17
   27.19816        1.0837083E-17
   27.32495        1.0836254E-17
   27.45175        1.0835431E-17
   27.57854        1.0834611E-17
   27.70533        1.0833794E-17
   27.83213        1.0832977E-17
   27.95892        1.0832161E-17
   28.08571        1.0831345E-17
   28.21250        1.0830531E-17
   28.33930        1.0829720E-17
   28.46609        1.0828908E-17
   28.59288        1.0828099E-17
   28.71968        1.0827289E-17
   28.84647        1.0826482E-17
   28.97326        1.0825682E-17
   29.10005        1.0824892E-17
   29.22684        1.0824117E-17
   29.35364        1.0823363E-17
   29.48043        1.0822633E-17
   29.60722        1.0821926E-17
   29.73402        1.0821245E-17
   29.86081        1.0820588E-17
   29.98760        1.0819953E-17
   30.11439        1.0819339E-17
   30.24119        1.0818747E-17
   30.36798        1.0818177E-17
   30.49477        1.0817628E-17
   30.62156        1.0817098E-17
   30.74836        1.0816583E-17
   30.87515        1.0816077E-17
   31.00194        1.0815575E-17
   31.12873        1.0815073E-17
   31.25553        1.0814567E-17
   31.38232        1.0814056E-17
   31.50911        1.0813539E-17
   31.63591        1.0813017E-17
   31.76270        1.0812486E-17
   31.88949        1.0811944E-17
   32.01628        1.0811385E-17
   32.14308        1.0810806E-17
   32.26987        1.0810204E-17
   32.39666        1.0809576E-17
   32.52345        1.0808925E-17
   32.65025        1.0808250E-17
   32.77704        1.0807556E-17
   32.90383        1.0806845E-17
   33.03062        1.0806116E-17
   33.15742        1.0805370E-17
   33.28421        1.0804606E-17
   33.41100        1.0803825E-17
   33.53780        1.0803028E-17
   33.66459        1.0802219E-17
   33.79138        1.0801404E-17
   33.91817        1.0800585E-17
   34.04497        1.0799768E-17
   34.17176        1.0798955E-17
   34.29855        1.0798147E-17
   34.42534        1.0797346E-17
   34.55214        1.0796552E-17
   34.67893        1.0795769E-17
   34.80572        1.0794998E-17
   34.93251        1.0794246E-17
   35.05931        1.0793517E-17
   35.18610        1.0792814E-17
   35.31289        1.0792139E-17
   35.43969        1.0791488E-17
   35.56648        1.0790861E-17
   35.69327        1.0790250E-17
   35.82006        1.0789653E-17
   35.94686        1.0789064E-17
   36.07365        1.0788482E-17
   36.20044        1.0787903E-17
   36.32723        1.0787328E-17
   36.45403        1.0786753E-17
   36.58082        1.0786173E-17
   36.70761        1.0785587E-17
   36.83440        1.0784988E-17
   36.96120        1.0784373E-17
   37.08799        1.0783742E-17
   37.21478        1.0783096E-17
   37.34158        1.0782435E-17
   37.46837        1.0781765E-17
   37.59516        1.0781086E-17
   37.72195        1.0780402E-17
   37.84875        1.0779710E-17
   37.97554        1.0779014E-17
   38.10233        1.0778311E-17
   38.22912        1.0777602E-17
   38.35592        1.0776890E-17
   38.48271        1.0776176E-17
   38.60950        1.0775462E-17
   38.73629        1.0774751E-17
   38.86309        1.0774042E-17
   38.98988        1.0773338E-17
   39.11667        1.0772634E-17
   39.24347        1.0771931E-17
   39.37026        1.0771228E-17
   39.49705        1.0770525E-17
   39.62384        1.0769822E-17
   39.75064        1.0769120E-17
   39.87743        1.0768420E-17
   40.00422        1.0767725E-17
   40.13101        1.0767036E-17
   40.25780        1.0766355E-17
   40.38460        1.0765681E-17
   40.51139        1.0765015E-17
   40.63818        1.0764355E-17
   40.76498        1.0763703E-17
   40.89177        1.0763057E-17
   41.01856        1.0762420E-17
   41.14536        1.0761788E-17
   41.27215        1.0761160E-17
   41.39894        1.0760539E-17
   41.52573        1.0759922E-17
   41.65253        1.0759307E-17
   41.77932        1.0758695E-17
   41.90611        1.0758084E-17
   42.03290        1.0757475E-17
   42.15969        1.0756868E-17
   42.28649        1.0756262E-17
   42.41328        1.0755659E-17
   42.54007        1.0755060E-17
   42.66687        1.0754465E-17
   42.79366        1.0753870E-17
   42.92045        1.0753274E-17
   43.04725        1.0752675E-17
   43.17404        1.0752070E-17
   43.30083        1.0751455E-17
   43.42762        1.0750829E-17
   43.55442        1.0750190E-17
   43.68121        1.0749535E-17
   43.80800        1.0748861E-17
   43.93479        1.0748171E-17
   44.06158        1.0747461E-17
   44.18838        1.0746731E-17
   44.31517        1.0745984E-17
   44.44196        1.0745218E-17
   44.56876        1.0744438E-17
   44.69555        1.0743648E-17
   44.82234        1.0742851E-17
   44.94913        1.0742053E-17
   45.07593        1.0741259E-17
   45.20272        1.0740470E-17
   45.32951        1.0739691E-17
   45.45631        1.0738923E-17
   45.58310        1.0738169E-17
   45.70989        1.0737431E-17
   45.83668        1.0736715E-17
   45.96347        1.0736020E-17
   46.09027        1.0735350E-17
   46.21706        1.0734705E-17
   46.34385        1.0734084E-17
   46.47065        1.0733482E-17
   46.59744        1.0732896E-17
   46.72423        1.0732321E-17
   46.85102        1.0731752E-17
   46.97782        1.0731187E-17
   47.10461        1.0730622E-17
   47.23140        1.0730054E-17
   47.35820        1.0729480E-17
   47.48499        1.0728894E-17
   47.61178        1.0728293E-17
   47.73857        1.0727671E-17
   47.86536        1.0727028E-17
   47.99216        1.0726363E-17
   48.11895        1.0725678E-17
   48.24574        1.0724980E-17
   48.37254        1.0724273E-17
   48.49933        1.0723565E-17
   48.62612        1.0722860E-17
   48.75291        1.0722162E-17
   48.87971        1.0721473E-17
   49.00650        1.0720798E-17
   49.13329        1.0720136E-17
   49.26009        1.0719492E-17
   49.38688        1.0718867E-17
   49.51367        1.0718261E-17
   49.64046        1.0717670E-17
   49.76725        1.0717090E-17
   49.89405        1.0716513E-17
   50.02084        1.0715930E-17
   50.14763        1.0715331E-17
   50.27443        1.0714710E-17
   50.40122        1.0714059E-17
   50.52801        1.0713376E-17
   50.65480        1.0712658E-17
   50.78160        1.0711904E-17
   50.90839        1.0711112E-17
   51.03518        1.0710281E-17
   51.16198        1.0709411E-17
   51.28877        1.0708502E-17
   51.41556        1.0707558E-17
   51.54235        1.0706587E-17
   51.66914        1.0705598E-17
   51.79594        1.0704605E-17
   51.92273        1.0703620E-17
   52.04952        1.0702659E-17
   52.17632        1.0701733E-17
   52.30311        1.0700853E-17
   52.42990        1.0700028E-17
   52.55669        1.0699269E-17
   52.68349        1.0698583E-17
   52.81028        1.0697976E-17
   52.93707        1.0697452E-17
   53.06387        1.0697011E-17
   53.19066        1.0696647E-17
   53.31745        1.0696349E-17
   53.44424        1.0696100E-17
   53.57103        1.0695875E-17
   53.69783        1.0695650E-17
   53.82462        1.0695396E-17
   53.95141        1.0695085E-17
   54.07821        1.0694688E-17
   54.20500        1.0694179E-17
   54.33179        1.0693530E-17
   54.45858        1.0692717E-17
   54.58538        1.0691721E-17
   54.71217        1.0690527E-17
   54.83896        1.0689131E-17
   54.96576        1.0687540E-17
   55.09255        1.0685775E-17
   55.21934        1.0683869E-17
   55.34613        1.0681872E-17
   55.47292        1.0679846E-17
   55.59972        1.0677861E-17
   55.72651        1.0676002E-17
   55.85330        1.0674353E-17
   55.98009        1.0673010E-17
   56.10689        1.0672063E-17
   56.23368        1.0671605E-17
   56.36047        1.0671718E-17
   56.48727        1.0672473E-17
   56.61406        1.0673919E-17
   56.74085        1.0676078E-17
   56.86765        1.0678943E-17
   56.99444        1.0682465E-17
   57.12123        1.0686557E-17
   57.24802        1.0691089E-17
   57.37481        1.0695885E-17
   57.50161        1.0700733E-17
   57.62840        1.0705381E-17
   57.75519        1.0709545E-17
   57.88198        1.0712919E-17
   58.00878        1.0715184E-17
   58.13557        1.0716025E-17
   58.26236        1.0715140E-17
   58.38916        1.0712272E-17
   58.51595        1.0707214E-17
   58.64274        1.0699843E-17
   58.76954        1.0690136E-17
   58.89633        1.0678185E-17
   59.02312        1.0664208E-17
   59.14991        1.0648567E-17
   59.27670        1.0631762E-17
   59.40350        1.0614433E-17
   59.53029        1.0597356E-17
   59.65708        1.0581416E-17
   59.78387        1.0567587E-17
   59.91067        1.0556897E-17
   60.03746        1.0550379E-17
   60.16425        1.0549019E-17
   60.29105        1.0553700E-17
   60.41784        1.0565141E-17
   60.54463        1.0583825E-17
   60.67142        1.0609945E-17
   60.79822        1.0643346E-17
   60.92501        1.0683478E-17
   61.05180        1.0729361E-17
   61.17859        1.0779570E-17
   61.30539        1.0832233E-17
   61.43218        1.0885063E-17
   61.55897        1.0935403E-17
   61.68576        1.0980304E-17
   61.81256        1.1016639E-17
   61.93935        1.1041232E-17
   62.06614        1.1051015E-17
   62.19294        1.1043202E-17
   62.31973        1.1015481E-17
   62.44652        1.0966194E-17
   62.57331        1.0894530E-17
   62.70011        1.0800689E-17
   62.82690        1.0686025E-17
   62.95369        1.0553145E-17
   63.08048        1.0405978E-17
   63.20728        1.0249757E-17
   63.33407        1.0090957E-17
   63.46086        9.9371432E-18
   63.58765        9.7967450E-18
   63.71445        9.6787593E-18
   63.84124        9.5923644E-18
   63.96803        9.5464881E-18
   64.09483        9.5493138E-18
   64.22162        9.6077591E-18
   64.34841        9.7269442E-18
   64.47520        9.9096725E-18
   64.60200        1.0155962E-17
   64.72879        1.0462641E-17
   64.85558        1.0823062E-17
   64.98238        1.1226935E-17
   65.10917        1.1660341E-17
   65.23596        1.2105921E-17
   65.36275        1.2543267E-17
   65.48955        1.2949530E-17
   65.61633        1.3300229E-17
   65.74313        1.3570255E-17
   65.86992        1.3735048E-17
   65.99671        1.3771895E-17
   66.12350        1.3661330E-17
   66.25030        1.3388534E-17
   66.37709        1.2944714E-17
   66.50388        1.2328353E-17
   66.63068        1.1546262E-17
   66.75747        1.0614358E-17
   66.88426        9.5580836E-18
   67.01105        8.4124086E-18
   67.13785        7.2213513E-18
   67.26464        6.0369850E-18
   67.39143        4.9179200E-18
   67.51823        3.9272501E-18
   67.64502        3.1300262E-18
   67.77181        2.5903008E-18
   67.89861        2.3678473E-18
   68.02540        2.5146760E-18
   68.15219        3.0714893E-18
   68.27898        4.0642519E-18
   68.40578        5.5010571E-18
   68.53257        7.3694861E-18
   68.65936        9.6346449E-18
   68.78616        1.2238075E-17
   68.91295        1.5097679E-17
   69.03974        1.8108798E-17
   69.16653        2.1146533E-17
   69.29333        2.4069333E-17
   69.42011        2.6723818E-17
   69.54691        2.8950776E-17
   69.67370        3.0592137E-17
   69.80049        3.1498733E-17
   69.92728        3.1538531E-17
   70.05408        3.0604998E-17
   70.18087        2.8625217E-17
   70.30766        2.5567302E-17
   70.43446        2.1446691E-17
   70.56125        1.6330873E-17
   70.68804        1.0342145E-17
   70.81483        3.6580408E-18
   70.94163       -3.4908449E-18
   71.06842       -1.0825816E-17
   71.19521       -1.8027894E-17
   71.32201       -2.4748427E-17
   71.44880       -3.0622273E-17
   71.57559       -3.5283210E-17
   71.70238       -3.8381075E-17
   71.82918       -3.9599955E-17
   71.95597       -3.8676722E-17
   72.08276       -3.5419020E-17
   72.20956       -2.9721757E-17
   72.33635       -2.1581250E-17
   72.46314       -1.1105977E-17
   72.58994        1.4767965E-18
   72.71673        1.5819376E-17
   72.84352        3.1457457E-17
   72.97031        4.7819834E-17
   73.09711        6.4244107E-17
   73.22389        7.9998238E-17
   73.35069        9.4307451E-17
   73.47748        1.0638583E-16
   73.60427        1.1547146E-16
   73.73106        1.2086382E-16
   73.85786        1.2196187E-16
   73.98465        1.1830111E-16
   74.11144        1.0958781E-16
   74.23824        9.5728242E-17
   74.36503        7.6851610E-17
   74.49182        5.3324380E-17
   74.61861        2.5755134E-17
   74.74541       -5.0115478E-18
   74.87220       -3.7912659E-17
   74.99899       -7.1696019E-17
   75.12579       -1.0496089E-16
   75.25258       -1.3620897E-16
   75.37937       -1.6390422E-16
   75.50616       -1.8653966E-16
   75.63296       -2.0270825E-16
   75.75975       -2.1117513E-16
   75.88654       -2.1094782E-16
   76.01334       -2.0134083E-16
   76.14013       -1.8203122E-16
   76.26692       -1.5310180E-16
   76.39371       -1.1506899E-16
   76.52051       -6.8892426E-17
   76.64730       -1.5964994E-17
   76.77409        4.1918231E-17
   76.90089        1.0261213E-16
   77.02767        1.6369386E-16
   77.15446        2.2255362E-16
   77.28126        2.7650075E-16
   77.40805        3.2288144E-16
   77.53484        3.5920296E-16
   77.66164        3.8325962E-16
   77.78843        3.9325368E-16
   77.91522        3.8790565E-16
   78.04202        3.6654763E-16
   78.16881        3.2919433E-16
   78.29560        2.7658598E-16
   78.42239        2.1019997E-16
   78.54919        1.3222773E-16
   78.67598        4.5515772E-17
   78.80277       -4.6528595E-17
   78.92957       -1.4006521E-16
   79.05636       -2.3097813E-16
   79.18315       -3.1505679E-16
   79.30994       -3.8819340E-16
   79.43674       -4.4658843E-16
   79.56353       -4.8695421E-16
   79.69032       -5.0670644E-16
   79.81712       -5.0413347E-16
   79.94391       -4.7853280E-16
   80.07070       -4.3030626E-16
   80.19749       -3.6100536E-16
   80.32429       -2.7332170E-16
   80.45108       -1.7101853E-16
   80.57787       -5.8802840E-17
   80.70466        5.7859868E-17
   80.83145        1.7298286E-16
   80.95824        2.8033948E-16
   81.08504        3.7377693E-16
   81.21183        4.4754913E-16
   81.33862        4.9665285E-16
   81.46542        5.1715030E-16
   81.59221        5.0646011E-16
   81.71900        4.6359982E-16
   81.84579        3.8936246E-16
   81.97259        2.8641408E-16
   82.09938        1.5929982E-16
   82.22617        1.4350747E-17
   82.35297       -1.4051089E-16
   82.47976       -2.9606835E-16
   82.60655       -4.4220070E-16
   82.73335       -5.6835577E-16
   82.86014       -6.6408802E-16
   82.98693       -7.1964078E-16
   83.11372       -7.2654452E-16
   83.24052       -6.7820541E-16
   83.36731       -5.7045165E-16
   83.49410       -4.0200575E-16
   83.62090       -1.7485513E-16
   83.74769        1.0551016E-16
   83.87448        4.3001295E-16
   84.00127        7.8607802E-16
   84.12807        1.1579059E-15
   84.25486        1.5269330E-15
   84.38165        1.8724760E-15
   84.50844        2.1725427E-15
   84.63523        2.4047873E-15
   84.76202        2.5475757E-15
   84.88882        2.5811239E-15
   85.01561        2.4886563E-15
   85.14240        2.2575389E-15
   85.26920        1.8803236E-15
   85.39599        1.3556545E-15
   85.52278        6.8897708E-16
   85.64957       -1.0699677E-16
   85.77637       -1.0121126E-15
   85.90316       -1.9989179E-15
   86.02995       -3.0331528E-15
   86.15675       -4.0745872E-15
   86.28354       -5.0782060E-15
   86.41033       -5.9957117E-15
   86.53712       -6.7773118E-15
   86.66392       -7.3737361E-15
   86.79071       -7.7384058E-15
   86.91750       -7.8296905E-15
   87.04430       -7.6131491E-15
   87.17109       -7.0636602E-15
   87.29788       -6.1673507E-15
   87.42467       -4.9232160E-15
   87.55147       -3.3443410E-15
   87.67826       -1.4586466E-15
   87.80505        6.9092070E-16
   87.93185        3.0467923E-15
   88.05864        5.5378061E-15
   88.18543        8.0808747E-15
   88.31222        1.0583269E-14
   88.43901        1.2945456E-14
   88.56580        1.5064445E-14
   88.69260        1.6837517E-14
   88.81939        1.8166248E-14
   88.94618        1.8960646E-14
   89.07298        1.9143300E-14
   89.19977        1.8653324E-14
   89.32656        1.7449968E-14
   89.45335        1.5515719E-14
   89.58015        1.2858740E-14
   89.70694        9.5144941E-15
   89.83373        5.5464564E-15
   89.96053        1.0458311E-15
   90.08732       -3.8698081E-15
   90.21411       -9.0589496E-15
   90.34090       -1.4359629E-14
   90.46770       -1.9593912E-14
   90.59449       -2.4573259E-14
   90.72128       -2.9104642E-14
   90.84808       -3.2997202E-14
   90.97487       -3.6069299E-14
   91.10166       -3.8155622E-14
   91.22845       -3.9114206E-14
   91.35525       -3.8833032E-14
   91.48204       -3.7235921E-14
   91.60883       -3.4287562E-14
   91.73563       -2.9997323E-14
   91.86242       -2.4421735E-14
   91.98921       -1.7665421E-14
   92.11600       -9.8803564E-15
   92.24279       -1.2634309E-15
   92.36958        7.9477584E-15
   92.49638        1.7480793E-14
   92.62317        2.7035903E-14
   92.74996        3.6294823E-14
   92.87675        4.4930849E-14
   93.00355        5.2619716E-14
   93.13034        5.9051065E-14
   93.25713        6.3940024E-14
   93.38393        6.7038558E-14
   93.51072        6.8146193E-14
   93.63751        6.7119589E-14
   93.76431        6.3880691E-14
   93.89110        5.8422979E-14
   94.01789        5.0815587E-14
   94.14468        4.1204890E-14
   94.27148        2.9813507E-14
   94.39827        1.6936503E-14
   94.52506        2.9347921E-15
   94.65186       -1.1774142E-14
   94.77865       -2.6728096E-14
   94.90544       -4.1434236E-14
   95.03223       -5.5385052E-14
   95.15903       -6.8075719E-14
   95.28582       -7.9022326E-14
   95.41261       -8.7780315E-14
   95.53941       -9.3962510E-14
   95.66620       -9.7256072E-14
   95.79299       -9.7437554E-14
   95.91978       -9.4385566E-14
   96.04657       -8.8090363E-14
   96.17336       -7.8659715E-14
   96.30016       -6.6320796E-14
   96.42695       -5.1417658E-14
   96.55374       -3.4404120E-14
   96.68053       -1.5832142E-14
   96.80733        3.6642705E-15
   96.93412        2.3389194E-14
   97.06091        4.2608464E-14
   97.18771        6.0576164E-14
   97.31450        7.6563166E-14
   97.44129        8.9886648E-14
   97.56808        9.9939554E-14
   97.69488        1.0621883E-13
   97.82167        1.0835120E-13
   97.94846        1.0611540E-13
   98.07526        9.9459557E-14
   98.20205        8.8512964E-14
   98.32884        7.3591225E-14
   98.45564        5.5194080E-14
   98.58243        3.3995735E-14
   98.70922        1.0827292E-14
   98.83601       -1.3348276E-14
   98.96281       -3.7468340E-14
   99.08960       -6.0409055E-14
   99.21639       -8.1028886E-14
   99.34319       -9.8215937E-14
   99.46998       -1.1093723E-13
   99.59677       -1.1828827E-13
   99.72356       -1.1954069E-13
   99.85035       -1.1418583E-13
   99.97714       -1.0197255E-13
   100.1039       -8.2936946E-14
   100.2307       -5.7422132E-14
   100.3575       -2.6086943E-14
   100.4843        1.0097891E-14
   100.6111        4.9866754E-14
   100.7379        9.1689724E-14
   100.8647        1.3381612E-13
   100.9915        1.7433056E-13
   101.1183        2.1121988E-13
   101.2451        2.4244896E-13
   101.3719        2.6604340E-13
   101.4987        2.8017538E-13
   101.6255        2.8325034E-13
   101.7522        2.7399047E-13
   101.8790        2.5151154E-13
   102.0058        2.1538972E-13
   102.1326        1.6571477E-13
   102.2594        1.0312675E-13
   102.3862        2.8833469E-14
   102.5130       -5.5392787E-14
   102.6398       -1.4724151E-13
   102.7666       -2.4391256E-13
   102.8934       -3.4218722E-13
   103.0202       -4.3852034E-13
   103.1470       -5.2915083E-13
   103.2738       -6.1022796E-13
   103.4006       -6.7794907E-13
   103.5273       -7.2870399E-13
   103.6541       -7.5922141E-13
   103.7809       -7.6671118E-13
   103.9077       -7.4899727E-13
   104.0345       -7.0463535E-13
   104.1613       -6.3301063E-13
   104.2881       -5.3440965E-13
   104.4149       -4.1006318E-13
   104.5417       -2.6215727E-13
   104.6685       -9.3809726E-14
   104.7953        9.0988272E-14
   104.9221        2.8746414E-13
   105.0489        4.9018867E-13
   105.1756        6.9322873E-13
   105.3024        8.9032503E-13
   105.4292        1.0750872E-12
   105.5560        1.2412020E-12
   105.6828        1.3826448E-12
   105.8096        1.4938879E-12
   105.9364        1.5700988E-12
   106.0632        1.6073178E-12
   106.1900        1.6026120E-12
   106.3168        1.5541952E-12
   106.4436        1.4615120E-12
   106.5704        1.3252801E-12
   106.6972        1.1474907E-12
   106.8240        9.3136523E-13
   106.9507        6.8126857E-13
   107.0775        4.0258609E-13
   107.2043        1.0156401E-13
   107.3311       -2.1487742E-13
   107.4579       -5.3935117E-13
   107.5847       -8.6422395E-13
   107.7115       -1.1818395E-12
   107.8383       -1.4847370E-12
   107.9651       -1.7658550E-12
   108.0919       -2.0187138E-12
   108.2187       -2.2375680E-12
   108.3455       -2.4175252E-12
   108.4723       -2.5546258E-12
   108.5990       -2.6458829E-12
   108.7258       -2.6892824E-12
   108.8526       -2.6837445E-12
   108.9794       -2.6290543E-12
   109.1062       -2.5257613E-12
   109.2330       -2.3750630E-12
   109.3598       -2.1786782E-12
   109.4866       -1.9387168E-12
   109.6134       -1.6575613E-12
   109.7402       -1.3377680E-12
   109.8670       -9.8199183E-13
   109.9938       -5.9294990E-13
   110.1206       -1.7342106E-13
   110.2474        2.7370903E-13
   110.3741        7.4536205E-13
   110.5009        1.2381420E-12
   110.6277        1.7481744E-12
   110.7545        2.2709243E-12
   110.8813        2.8009999E-12
   111.0081        3.3319545E-12
   111.1349        3.8561112E-12
   111.2617        4.3644146E-12
   111.3885        4.8463386E-12
   111.5153        5.2898575E-12
   111.6421        5.6814991E-12
   111.7689        6.0064926E-12
   111.8957        6.2490161E-12
   112.0224        6.3925566E-12
   112.1492        6.4203703E-12
   112.2760        6.3160497E-12
   112.4028        6.0641787E-12
   112.5296        5.6510630E-12
   112.6564        5.0655083E-12
   112.7832        4.2996249E-12
   112.9100        3.3496259E-12
   113.0368        2.2165752E-12
   113.1636        9.0706533E-13
   113.2904       -5.6622556E-13
   113.4172       -2.1841335E-12
   113.5440       -3.9207951E-12
   113.6708       -5.7436503E-12
   113.7975       -7.6136866E-12
   113.9243       -9.4859485E-12
   114.0511       -1.1310303E-11
   114.1779       -1.3032482E-11
   114.3047       -1.4595375E-11
   114.4315       -1.5940546E-11
   114.5583       -1.7009956E-11
   114.6851       -1.7747831E-11
   114.8119       -1.8102646E-11
   114.9387       -1.8029118E-11
   115.0655       -1.7490218E-11
   115.1923       -1.6459027E-11
   115.3191       -1.4920469E-11
   115.4458       -1.2872771E-11
   115.5726       -1.0328608E-11
   115.6994       -7.3158901E-12
   115.8262       -3.8781057E-12
   115.9530       -7.4197125E-14
   116.0798        4.0220678E-12
   116.2066        8.3232171E-12
   116.3334        1.2729730E-11
   116.4602        1.7132153E-11
   116.5870        2.1413673E-11
   116.7138        2.5453070E-11
   116.8406        2.9127985E-11
   116.9674        3.2318408E-11
   117.0942        3.4910300E-11
   117.2209        3.6799203E-11
   117.3477        3.7893778E-11
   117.4745        3.8119119E-11
   117.6013        3.7419720E-11
   117.7281        3.5762011E-11
   117.8549        3.3136355E-11
   117.9817        2.9558418E-11
   118.1085        2.5069870E-11
   118.2353        1.9738312E-11
   118.3621        1.3656475E-11
   118.4889        6.9406455E-12
   118.6157       -2.7165829E-13
   118.7425       -7.8246593E-12
   118.8692       -1.5547941E-11
   118.9960       -2.3260577E-11
   119.1228       -3.0775663E-11
   119.2496       -3.7905130E-11
   119.3764       -4.4464689E-11
   119.5032       -5.0278788E-11
   119.6300       -5.5185367E-11
   119.7568       -5.9040356E-11
   119.8836       -6.1721690E-11
   120.0104       -6.3132811E-11
   120.1372       -6.3205441E-11
   120.2640       -6.1901637E-11
   120.3908       -5.9215050E-11
   120.5176       -5.5171267E-11
   120.6443       -4.9827371E-11
   120.7711       -4.3270606E-11
   120.8979       -3.5616260E-11
   121.0247       -2.7004878E-11
   121.1515       -1.7598811E-11
   121.2783       -7.5782922E-12
   121.4051        2.8628538E-12
   121.5319        1.3521775E-11
   121.6587        2.4191215E-11
   121.7855        3.4664077E-11
   121.9123        4.4737884E-11
   122.0391        5.4218772E-11
   122.1659        6.2925269E-11
   122.2927        7.0691411E-11
   122.4194        7.7369389E-11
   122.5462        8.2831533E-11
   122.6730        8.6971763E-11
   122.7998        8.9706367E-11
   122.9266        9.0974304E-11
   123.0534        9.0736925E-11
   123.1802        8.8977416E-11
   123.3070        8.5699739E-11
   123.4338        8.0927536E-11
   123.5606        7.4702737E-11
   123.6874        6.7084366E-11
   123.8142        5.8147230E-11
   123.9410        4.7980921E-11
   124.0677        3.6688992E-11
   124.1945        2.4388391E-11
   124.3213        1.1209177E-11
   124.4481       -2.7054754E-12
   124.5749       -1.7199136E-11
   124.7017       -3.2101731E-11
   124.8285       -4.7229123E-11
   124.9553       -6.2382856E-11
   125.0821       -7.7349953E-11
   125.2089       -9.1903152E-11
   125.3357       -1.0580160E-10
   125.4625       -1.1879210E-10
   125.5893       -1.3061117E-10
   125.7161       -1.4098799E-10
   125.8428       -1.4964803E-10
   125.9696       -1.5631794E-10
   126.0964       -1.6073114E-10
   126.2232       -1.6263445E-10
   126.3500       -1.6179541E-10
   126.4768       -1.5801020E-10
   126.6036       -1.5111207E-10
   126.7304       -1.4097991E-10
   126.8572       -1.2754671E-10
   126.9840       -1.1080772E-10
   127.1108       -9.0827776E-11
   127.2376       -6.7747440E-11
   127.3644       -4.1787875E-11
   127.4911       -1.3253799E-11
   127.6179        1.7465513E-11
   127.7447        4.9897642E-11
   127.8715        8.3490756E-11
   127.9983        1.1762015E-10
   128.1251        1.5159735E-10
   128.2519        1.8468213E-10
   128.3787        2.1609654E-10
   128.5055        2.4504179E-10
   128.6323        2.7071692E-10
   128.7591        2.9233876E-10
   128.8859        3.0916364E-10
   129.0127        3.2050892E-10
   129.1395        3.2577530E-10
   129.2663        3.2446759E-10
   129.3930        3.1621497E-10
   129.5198        3.0078842E-10
   129.6466        2.7811611E-10
   129.7734        2.4829519E-10
   129.9002        2.1160004E-10
   130.0270        1.6848614E-10
   130.1538        1.1958894E-10
   130.2806        6.5718680E-11
   130.4074        7.8491744E-12
   130.5342       -5.2897547E-11
   130.6610       -1.1527181E-10
   130.7878       -1.7792093E-10
   130.9146       -2.3941840E-10
   131.0414       -2.9829583E-10
   131.1681       -3.5307857E-10
   131.2949       -4.0232181E-10
   131.4217       -4.4464901E-10
   131.5485       -4.7878940E-10
   131.6753       -5.0361459E-10
   131.8021       -5.1817400E-10
   131.9289       -5.2172544E-10
   132.0557       -5.1376342E-10
   132.1825       -4.9404136E-10
   132.3093       -4.6258841E-10
   132.4361       -4.1972034E-10
   132.5629       -3.6604239E-10
   132.6897       -3.0244618E-10
   132.8164       -2.3009813E-10
   132.9432       -1.5042090E-10
   133.0700       -6.5067958E-11
   133.1968        2.4109117E-11
   133.3236        1.1509962E-10
   133.4504        2.0577751E-10
   133.5772        2.9394981E-10
   133.7040        3.7740908E-10
   133.8308        4.5398743E-10
   133.9576        5.2161137E-10
   134.0844        5.7835586E-10
   134.2112        6.2249816E-10
   134.3380        6.5256600E-10
   134.4648        6.6738298E-10
   134.5915        6.6610756E-10
   134.7183        6.4826505E-10
   134.8451        6.1377214E-10
   134.9719        5.6295169E-10
   135.0987        4.9653914E-10
   135.2255        4.1567944E-10
   135.3523        3.2191255E-10
   135.4791        2.1714917E-10
   135.6059        1.0363813E-10
   135.7327       -1.6076368E-11
   135.8595       -1.3920583E-10
   135.9863       -2.6277522E-10
   136.1131       -3.8368747E-10
   136.2398       -4.9879278E-10
   136.3666       -6.0496025E-10
   136.4934       -6.9915257E-10
   136.6202       -7.7849971E-10
   136.7470       -8.4037127E-10
   136.8738       -8.8244495E-10
   137.0006       -9.0276997E-10
   137.1274       -8.9982405E-10
   137.2542       -8.7256086E-10
   137.3810       -8.2044849E-10
   137.5078       -7.4349854E-10
   137.6346       -6.4228184E-10
   137.7614       -5.1793447E-10
   137.8882       -3.7214914E-10
   138.0149       -2.0715601E-10
   138.1417       -2.5690484E-11
   138.2685        1.6905058E-10
   138.3953        3.7346132E-10
   138.5221        5.8359129E-10
   138.6489        7.9521595E-10
   138.7757        1.0039141E-09
   138.9025        1.2051501E-09
   139.0293        1.3943601E-09
   139.1561        1.5670368E-09
   139.2829        1.7188165E-09
   139.4097        1.8455610E-09
   139.5365        1.9434361E-09
   139.6632        2.0089850E-09
   139.7900        2.0391921E-09
   139.9168        2.0315409E-09
   140.0436        1.9840585E-09
   140.1704        1.8953543E-09
   140.2972        1.7646457E-09
   140.4240        1.5917718E-09
   140.5508        1.3772009E-09
   140.6776        1.1220239E-09
   140.8044        8.2794144E-10
   140.9312        4.9724230E-10
   141.0580        1.3277358E-10
   141.1848       -2.6209401E-10
   141.3116       -6.8350370E-10
   141.4383       -1.1271559E-09
   141.5651       -1.5883493E-09
   141.6919       -2.0620294E-09
   141.8187       -2.5428257E-09
   141.9455       -3.0250975E-09
   142.0723       -3.5029712E-09
   142.1991       -3.9703782E-09
   142.3259       -4.4210875E-09
   142.4527       -4.8487383E-09
   142.5795       -5.2468709E-09
   142.7063       -5.6089546E-09
   142.8331       -5.9284178E-09
   142.9599       -6.1986762E-09
   143.0867       -6.4131682E-09
   143.2134       -6.5653918E-09
   143.3402       -6.6489458E-09
   143.4670       -6.6575803E-09
   143.5938       -6.5852594E-09
   143.7206       -6.4262271E-09
   143.8474       -6.1750831E-09
   143.9742       -5.8268772E-09
   144.1010       -5.3772062E-09
   144.2278       -4.8223283E-09
   144.3546       -4.1592805E-09
   144.4814       -3.3860064E-09
   144.6082       -2.5014901E-09
   144.7350       -1.5058921E-09
   144.8617       -4.0068651E-10
   144.9885        8.1120555E-10
   145.1153        2.1252928E-09
   145.2421        3.5354017E-09
   145.3689        5.0335740E-09
   145.4957        6.6099903E-09
   145.6225        8.2529201E-09
   145.7493        9.9486916E-09
   145.8761        1.1681703E-08
   146.0029        1.3434458E-08
   146.1297        1.5187652E-08
   146.2565        1.6920282E-08
   146.3833        1.8609818E-08
   146.5101        2.0232385E-08
   146.6368        2.1763006E-08
   146.7636        2.3175879E-08
   146.8904        2.4444684E-08
   147.0172        2.5542922E-08
   147.1440        2.6444274E-08
   147.2708        2.7122987E-08
   147.3976        2.7554275E-08
   147.5244        2.7714721E-08
   147.6512        2.7582677E-08
   147.7780        2.7138672E-08
   147.9048        2.6365781E-08
   148.0316        2.5250003E-08
   148.1584        2.3780588E-08
   148.2851        2.1950337E-08
   148.4119        1.9755866E-08
   148.5387        1.7197824E-08
   148.6655        1.4281077E-08
   148.7923        1.1014825E-08
   148.9191        7.4127016E-09
   149.0459        3.4927903E-09
   149.1727       -7.2236245E-10
   149.2995       -5.2057989E-09
   149.4263       -9.9262305E-09
   149.5531       -1.4848136E-08
   149.6799       -1.9931889E-08
   149.8067       -2.5133890E-08
   149.9335       -3.0406706E-08
   150.0602       -3.5699223E-08
   150.1870       -4.0956746E-08
   150.3138       -4.6121102E-08
   150.4406       -5.1130737E-08
   150.5674       -5.5920715E-08
   150.6942       -6.0422771E-08
   150.8210       -6.4565221E-08
   150.9478       -6.8272925E-08
   151.0746       -7.1467142E-08
   151.2014       -7.4065369E-08
   151.3282       -7.5981198E-08
   151.4550       -7.7124064E-08
   151.5818       -7.7399044E-08
   151.7085       -7.6706648E-08
   151.8353       -7.4942612E-08
   151.9621       -7.1997746E-08
   152.0889       -6.7757810E-08
   152.2157       -6.2103503E-08
   152.3425       -5.4910487E-08
   152.4693       -4.6049557E-08
   152.5961       -3.5386929E-08
   152.7229       -2.2784677E-08
   152.8497       -8.1013338E-09
   152.9765        8.8073451E-09
   153.1033        2.8087426E-08
   153.2301        4.9885656E-08
   153.3569        7.4348122E-08
   153.4836        1.0161870E-07
   153.6104        1.3183741E-07
   153.7372        1.6513847E-07
   153.8640        2.0164835E-07
   153.9908        2.4148355E-07
   154.1176        2.8474832E-07
   154.2444        3.3153245E-07
   154.3712        3.8190873E-07
   154.4980        4.3593070E-07
   154.6248        4.9363047E-07
   154.7516        5.5501613E-07
   154.8784        6.2007001E-07
   155.0052        6.8874687E-07
   155.1319        7.6097183E-07
   155.2587        8.3663946E-07
   155.3855        9.1561236E-07
   155.5123        9.9772069E-07
   155.6391        1.0827616E-06
   155.7659        1.1704996E-06
   155.8927        1.2606670E-06
   156.0195        1.3529645E-06
   156.1463        1.4470630E-06
   156.2731        1.5426053E-06
   156.3999        1.6392081E-06
   156.5267        1.7364644E-06
   156.6535        1.8339467E-06
   156.7803        1.9312104E-06
   156.9070        2.0277964E-06
   157.0338        2.1232361E-06
   157.1606        2.2170536E-06
   157.2874        2.3087707E-06
   157.4142        2.3979101E-06
   157.5410        2.4839990E-06
   157.6678        2.5665740E-06
   157.7946        2.6451826E-06
   157.9214        2.7193885E-06
   158.0482        2.7887727E-06
   158.1750        2.8529375E-06
   158.3018        2.9115085E-06
   158.4286        2.9641355E-06
   158.5553        3.0104948E-06
   158.6821        3.0502908E-06
   158.8089        3.0832562E-06
   158.9357        3.1091522E-06
   159.0625        3.1277700E-06
   159.1893        3.1389293E-06
   159.3161        3.1424797E-06
   159.4429        3.1382990E-06
   159.5697        3.1262934E-06
   159.6965        3.1063967E-06
   159.8233        3.0785700E-06
   159.9501        3.0428016E-06
   160.0769        2.9991068E-06
   160.2037        2.9475282E-06
