  -4.500000        8.9338001E-20
  -4.373208        8.9309889E-20
  -4.246415        8.9255651E-20
  -4.119622        8.9180248E-20
  -3.992829        8.9063428E-20
  -3.866037        8.8898361E-20
  -3.739244        8.9533021E-20
  -3.612452        9.5245557E-20
  -3.485659        1.1634382E-19
  -3.358866        1.6466958E-19
  -3.232074        2.3440008E-19
  -3.105281        2.7498100E-19
  -2.978488        1.8840052E-19
  -2.851696       -1.0949876E-19
  -2.724903       -5.6938962E-19
  -2.598110       -9.2970737E-19
  -2.471318       -8.4503525E-19
  -2.344525       -3.2100171E-19
  -2.217732       -3.1642246E-19
  -2.090940       -3.0840712E-18
  -1.964147       -1.1729352E-17
  -1.837354       -2.8772998E-17
  -1.710562       -5.4155243E-17
  -1.583769       -8.3753374E-17
  -1.456976       -1.0962624E-16
  -1.330184       -1.2260368E-16
  -1.203391       -1.1671087E-16
  -1.076598       -9.3819401E-17
 -0.9498057       -6.6388206E-17
 -0.8230131       -5.6375515E-17
 -0.6962205       -8.9173008E-17
 -0.5694278       -1.8252481E-16
 -0.4426351       -3.3198413E-16
 -0.3158425       -4.9689049E-16
 -0.1890498       -5.9402855E-16
 -6.2257171E-02   -5.0861973E-16
  6.4535484E-02   -1.3130357E-16
  0.1913281        5.7759283E-16
  0.3181208        1.5094633E-15
  0.4449134        2.3446715E-15
  0.5717061        2.5475062E-15
  0.6984987        1.4570083E-15
  0.8252914       -1.5129704E-15
  0.9520841       -6.5939397E-15
   1.078877       -1.3379091E-14
   1.205669       -2.0641429E-14
   1.332462       -2.6353595E-14
   1.459255       -2.7961078E-14
   1.586047       -2.2881070E-14
   1.712840       -9.1143091E-15
   1.839633        1.4199951E-14
   1.966425        4.6460696E-14
   2.093218        8.5635654E-14
   2.220011        1.2867353E-13
   2.346803        1.7222657E-13
   2.473596        2.1354300E-13
   2.600389        2.5137474E-13
   2.727181        2.8678305E-13
   2.853974        3.2378990E-13
   2.980767        3.6987199E-13
   3.107559        4.3629862E-13
   3.234352        5.3825916E-13
   3.361145        6.9464280E-13
   3.487937        9.2726066E-13
   3.614730        1.2592990E-12
   3.741522        1.7128975E-12
   3.868315        2.3059443E-12
   3.995108        3.0484510E-12
   4.121901        3.9391285E-12
   4.248693        4.9629766E-12
   4.375485        6.0907637E-12
   4.502278        7.2811661E-12
   4.629071        8.4860617E-12
   4.755864        9.6589958E-12
   4.882656        1.0766253E-11
   5.009449        1.1799226E-11
   5.136241        1.2786048E-11
   5.263034        1.3799946E-11
   5.389827        1.4961450E-11
   5.516620        1.6432100E-11
   5.643412        1.8398191E-11
   5.770205        2.1044949E-11
   5.896997        2.4523756E-11
   6.023790        2.8917310E-11
   6.150583        3.4209319E-11
   6.277375        4.0265870E-11
   6.404168        4.6834280E-11
   6.530961        5.3561981E-11
   6.657753        6.0033208E-11
   6.784546        6.5815284E-11
   6.911339        7.0501265E-11
   7.038131        7.3732284E-11
   7.164924        7.5183422E-11
   7.291717        7.4501641E-11
   7.418509        7.1193273E-11
   7.545302        6.4471400E-11
   7.672095        5.3086813E-11
   7.798887        3.5177725E-11
   7.925680        8.1798266E-12
   8.052472       -3.1163652E-11
   8.179265       -8.6663857E-11
   8.306058       -1.6241325E-10
   8.432851       -2.6239838E-10
   8.559643       -3.9004797E-10
   8.686436       -5.4779242E-10
   8.813229       -7.3672274E-10
   8.940022       -9.5643315E-10
   9.066813       -1.2051061E-09
   9.193606       -1.4798535E-09
   9.320399       -1.7772650E-09
   9.447192       -2.0940476E-09
   9.573984       -2.4275808E-09
   9.700777       -2.7761740E-09
   9.827570       -3.1388014E-09
   9.954362       -3.5141379E-09
   10.08115       -3.8987835E-09
   10.20795       -4.2846842E-09
   10.33474       -4.6559006E-09
   10.46153       -4.9849835E-09
   10.58833       -5.2293641E-09
   10.71512       -5.3282068E-09
   10.84191       -5.2002100E-09
   10.96870       -4.7427942E-09
   11.09550       -3.8330206E-09
   11.22229       -2.3304425E-09
   11.34908       -8.1950738E-11
   11.47587        3.0714782E-09
   11.60267        7.2863822E-09
   11.72946        1.2707070E-08
   11.85625        1.9455003E-08
   11.98304        2.7617805E-08
   12.10984        3.7238500E-08
   12.23663        4.8305811E-08
   12.36342        6.0746373E-08
   12.49022        7.4420328E-08
   12.61701        8.9121613E-08
   12.74380        1.0458512E-07
   12.87059        1.2050279E-07
   12.99739        1.3655141E-07
   13.12418        1.5243445E-07
   13.25097        1.6794078E-07
   13.37776        1.8302218E-07
   13.50456        1.9789147E-07
   13.63135        2.1314185E-07
   13.75814        2.2988766E-07
   13.88493        2.4992417E-07
   14.01173        2.7590488E-07
   14.13852        3.1153138E-07
   14.26531        3.6175129E-07
   14.39211        4.3295776E-07
   14.51890        5.3318394E-07
   14.64569        6.7228200E-07
   14.77248        8.6208371E-07
   14.89928        1.1165298E-06
   15.02607        1.4517592E-06
   15.15286        1.8861537E-06
   15.27965        2.4403298E-06
   15.40645        3.1370657E-06
   15.53324        4.0011664E-06
   15.66003        5.0592480E-06
   15.78682        6.3394627E-06
   15.91362        7.8711346E-06
   16.04041        9.6843305E-06
   16.16720        1.1809353E-05
   16.29399        1.4276179E-05
   16.42079        1.7113827E-05
   16.54758        2.0349700E-05
   16.67437        2.4008870E-05
   16.80116        2.8113400E-05
   16.92796        3.2681601E-05
   17.05475        3.7727408E-05
   17.18154        4.3259723E-05
   17.30834        4.9281873E-05
   17.43513        5.5791232E-05
   17.56192        6.2778847E-05
   17.68871        7.0229355E-05
   17.81551        7.8120938E-05
   17.94230        8.6425563E-05
   18.06909        9.5109375E-05
   18.19588        1.0413325E-04
   18.32268        1.1345356E-04
   18.44947        1.2302316E-04
   18.57626        1.3279245E-04
   18.70305        1.4271052E-04
   18.82985        1.5272645E-04
   18.95664        1.6279072E-04
   19.08343        1.7285626E-04
   19.21023        1.8287994E-04
   19.33702        1.9282356E-04
   19.46381        2.0265474E-04
   19.59060        2.1234785E-04
   19.71740        2.2188440E-04
   19.84419        2.3125341E-04
   19.97098        2.4045132E-04
   20.09777        2.4948185E-04
   20.22457        2.5835526E-04
   20.35136        2.6708774E-04
   20.47815        2.7570021E-04
   20.60494        2.8421727E-04
   20.73174        2.9266576E-04
   20.85853        3.0107339E-04
   20.98532        3.0946740E-04
   21.11212        3.1787308E-04
   21.23891        3.2631270E-04
   21.36570        3.3480424E-04
   21.49249        3.4336082E-04
   21.61929        3.5199002E-04
   21.74608        3.6069364E-04
   21.87287        3.6946780E-04
   21.99966        3.7830317E-04
   22.12646        3.8718584E-04
   22.25325        3.9609789E-04
   22.38004        4.0501868E-04
   22.50683        4.1392591E-04
   22.63363        4.2279676E-04
   22.76042        4.3160940E-04
   22.88721        4.4034381E-04
   23.01401        4.4898313E-04
   23.14080        4.5751431E-04
   23.26759        4.6592887E-04
   23.39438        4.7422349E-04
   23.52118        4.8240004E-04
   23.64797        4.9046567E-04
   23.77476        4.9843261E-04
   23.90155        5.0631806E-04
   24.02835        5.1414332E-04
   24.15514        5.2193354E-04
   24.28193        5.2971719E-04
   24.40872        5.3752505E-04
   24.53552        5.4539007E-04
   24.66231        5.5334624E-04
   24.78910        5.6142855E-04
   24.91590        5.6967232E-04
   25.04269        5.7811249E-04
   25.16948        5.8678351E-04
   25.29627        5.9571880E-04
   25.42307        6.0495007E-04
   25.54986        6.1450701E-04
   25.67665        6.2441669E-04
   25.80344        6.3470262E-04
   25.93024        6.4538402E-04
   26.05703        6.5647467E-04
   26.18382        6.6798192E-04
   26.31061        6.7990524E-04
   26.43741        6.9223461E-04
   26.56420        7.0494937E-04
   26.69099        7.1801629E-04
   26.81779        7.3138811E-04
   26.94458        7.4500195E-04
   27.07137        7.5877784E-04
   27.19816        7.7261776E-04
   27.32495        7.8640459E-04
   27.45175        8.0000149E-04
   27.57854        8.1325194E-04
   27.70533        8.2598010E-04
   27.83213        8.3799148E-04
   27.95892        8.4907433E-04
   28.08571        8.5900165E-04
   28.21250        8.6753326E-04
   28.33930        8.7441900E-04
   28.46609        8.7940163E-04
   28.59288        8.8222057E-04
   28.71968        8.8261557E-04
   28.84647        8.8033086E-04
   28.97326        8.7511918E-04
   29.10005        8.6674542E-04
   29.22684        8.5499079E-04
   29.35364        8.3965663E-04
   29.48043        8.2056737E-04
   29.60722        7.9757377E-04
   29.73402        7.7055575E-04
   29.86081        7.3942408E-04
   29.98760        7.0412282E-04
   30.11439        6.6463009E-04
   30.24119        6.2095915E-04
   30.36798        5.7315885E-04
   30.49477        5.2131386E-04
   30.62156        4.6554397E-04
   30.74836        4.0600376E-04
   30.87515        3.4288148E-04
   31.00194        2.7639783E-04
   31.12873        2.0680450E-04
   31.25553        1.3438256E-04
   31.38232        5.9440437E-05
   31.50911       -1.7688049E-05
   31.63591       -9.6645737E-05
   31.76270       -1.7705459E-04
   31.88949       -2.5851798E-04
   32.01628       -3.4062323E-04
   32.14308       -4.2294443E-04
   32.26987       -5.0504488E-04
   32.39666       -5.8648043E-04
   32.52345       -6.6680205E-04
   32.65025       -7.4555946E-04
   32.77704       -8.2230411E-04
   32.90383       -8.9659286E-04
   33.03062       -9.6799142E-04
   33.15742       -1.0360782E-03
   33.28421       -1.1004477E-03
   33.41100       -1.1607150E-03
   33.53780       -1.2165186E-03
   33.66459       -1.2675247E-03
   33.79138       -1.3134307E-03
   33.91817       -1.3539687E-03
   34.04497       -1.3889080E-03
   34.17176       -1.4180584E-03
   34.29855       -1.4412724E-03
   34.42534       -1.4584472E-03
   34.55214       -1.4695260E-03
   34.67893       -1.4744989E-03
   34.80572       -1.4734033E-03
   34.93251       -1.4663232E-03
   35.05931       -1.4533884E-03
   35.18610       -1.4347730E-03
   35.31289       -1.4106932E-03
   35.43969       -1.3814039E-03
   35.56648       -1.3471962E-03
   35.69327       -1.3083931E-03
   35.82006       -1.2653453E-03
   35.94686       -1.2184272E-03
   36.07365       -1.1680312E-03
   36.20044       -1.1145639E-03
   36.32723       -1.0584404E-03
   36.45403       -1.0000798E-03
   36.58082       -9.3990017E-04
   36.70761       -8.7831455E-04
   36.83440       -8.1572612E-04
   36.96120       -7.5252488E-04
   37.08799       -6.8908400E-04
   37.21478       -6.2575721E-04
   37.34158       -5.6287606E-04
   37.46837       -5.0074852E-04
   37.59516       -4.3965763E-04
   37.72195       -3.7986087E-04
   37.84875       -3.2158996E-04
   37.97554       -2.6505138E-04
   38.10233       -2.1042692E-04
   38.22912       -1.5787499E-04
   38.35592       -1.0753195E-04
   38.48271       -5.9513721E-05
   38.60950       -1.3917459E-05
   38.73629        2.9176746E-05
   38.86309        6.9704307E-05
   38.98988        1.0761465E-04
   39.11667        1.4286999E-04
   39.24347        1.7544442E-04
   39.37026        2.0532316E-04
   39.49705        2.3250229E-04
   39.62384        2.5698866E-04
   39.75064        2.7880006E-04
   39.87743        2.9796586E-04
   40.00422        3.1452742E-04
   40.13101        3.2853888E-04
   40.25780        3.4006801E-04
   40.38460        3.4919661E-04
   40.51139        3.5602113E-04
   40.63818        3.6065286E-04
   40.76498        3.6321758E-04
   40.89177        3.6385510E-04
   41.01856        3.6271807E-04
   41.14536        3.5997047E-04
   41.27215        3.5578545E-04
   41.39894        3.5034274E-04
   41.52573        3.4382564E-04
   41.65253        3.3641761E-04
   41.77932        3.2829857E-04
   41.90611        3.1964117E-04
   42.03290        3.1060702E-04
   42.15969        3.0134292E-04
   42.28649        2.9197763E-04
   42.41328        2.8261889E-04
   42.54007        2.7335118E-04
   42.66687        2.6423417E-04
   42.79366        2.5530183E-04
   42.92045        2.4656253E-04
   43.04725        2.3800011E-04
   43.17404        2.2957582E-04
   43.30083        2.2123104E-04
   43.42762        2.1289095E-04
   43.55442        2.0446877E-04
   43.68121        1.9587063E-04
   43.80800        1.8700075E-04
   43.93479        1.7776701E-04
   44.06158        1.6808609E-04
   44.18838        1.5788880E-04
   44.31517        1.4712478E-04
   44.44196        1.3576663E-04
   44.56876        1.2381320E-04
   44.69555        1.1129204E-04
   44.82234        9.8260753E-05
   44.94913        8.4807354E-05
   45.07593        7.1049362E-05
   45.20272        5.7131900E-05
   45.32951        4.3224762E-05
   45.45631        2.9518520E-05
   45.58310        1.6219819E-05
   45.70989        3.5460644E-06
   45.83668       -8.2804054E-06
   45.96347       -1.9038307E-05
   46.09027       -2.8513528E-05
   46.21706       -3.6505076E-05
   46.34385       -4.2830710E-05
   46.47065       -4.7332080E-05
   46.59744       -4.9879269E-05
   46.72423       -5.0374474E-05
   46.85102       -4.8755013E-05
   46.97782       -4.4995271E-05
   47.10461       -3.9107894E-05
   47.23140       -3.1143951E-05
   47.35820       -2.1192291E-05
   47.48499       -9.3780518E-06
   47.61178        4.1395783E-06
   47.73857        1.9170237E-05
   47.86536        3.5495839E-05
   47.99216        5.2874540E-05
   48.11895        7.1045040E-05
   48.24574        8.9731155E-05
   48.37254        1.0864667E-04
   48.49933        1.2750029E-04
   48.62612        1.4600054E-04
   48.75291        1.6386084E-04
   48.87971        1.8080426E-04
   49.00650        1.9656826E-04
   49.13329        2.1090916E-04
   49.26009        2.2360618E-04
   49.38688        2.3446535E-04
   49.51367        2.4332263E-04
   49.64046        2.5004681E-04
   49.76725        2.5454166E-04
   49.89405        2.5674747E-04
   50.02084        2.5664197E-04
   50.14763        2.5424047E-04
   50.27443        2.4959529E-04
   50.40122        2.4279462E-04
   50.52801        2.3396047E-04
   50.65480        2.2324614E-04
   50.78160        2.1083296E-04
   50.90839        1.9692672E-04
   51.03518        1.8175344E-04
   51.16198        1.6555491E-04
   51.28877        1.4858400E-04
   51.41556        1.3109982E-04
   51.54235        1.1336272E-04
   51.66914        9.5629657E-05
   51.79594        7.8149533E-05
   51.92273        6.1158891E-05
   52.04952        4.4878070E-05
   52.17632        2.9507682E-05
   52.30311        1.5225791E-05
   52.42990        2.1855324E-06
   52.55669       -9.4865491E-06
   52.68349       -1.9691603E-05
   52.81028       -2.8358825E-05
   52.93707       -3.5445330E-05
   53.06387       -4.0935349E-05
   53.19066       -4.4838958E-05
   53.31745       -4.7190322E-05
   53.44424       -4.8045582E-05
   53.57103       -4.7480393E-05
   53.69783       -4.5587334E-05
   53.82462       -4.2473181E-05
   53.95141       -3.8256119E-05
   54.07821       -3.3063065E-05
   54.20500       -2.7027098E-05
   54.33179       -2.0285053E-05
   54.45858       -1.2975316E-05
   54.58538       -5.2358523E-06
   54.71217        2.7975284E-06
   54.83896        1.0992657E-05
   54.96576        1.9222360E-05
   55.09255        2.7365582E-05
   55.21934        3.5308414E-05
   55.34613        4.2945023E-05
   55.47292        5.0178522E-05
   55.59972        5.6921795E-05
   55.72651        6.3098298E-05
   55.85330        6.8642839E-05
   55.98009        7.3502284E-05
   56.10689        7.7636207E-05
   56.23368        8.1017461E-05
   56.36047        8.3632527E-05
   56.48727        8.5481726E-05
   56.61406        8.6579144E-05
   56.74085        8.6952372E-05
   56.86765        8.6641805E-05
   56.99444        8.5699758E-05
   57.12123        8.4189218E-05
   57.24802        8.2182349E-05
   57.37481        7.9758654E-05
   57.50161        7.7003031E-05
   57.62840        7.4003590E-05
   57.75519        7.0849492E-05
   57.88198        6.7628622E-05
   58.00878        6.4425476E-05
   58.13557        6.1319181E-05
   58.26236        5.8381702E-05
   58.38916        5.5676359E-05
   58.51595        5.3256714E-05
   58.64274        5.1165818E-05
   58.76954        4.9435901E-05
   58.89633        4.8088445E-05
   59.02312        4.7134712E-05
   59.14991        4.6576592E-05
   59.27670        4.6407753E-05
   59.40350        4.6615107E-05
   59.53029        4.7180394E-05
   59.65708        4.8081827E-05
   59.78387        4.9295784E-05
   59.91067        5.0798277E-05
   60.03746        5.2566316E-05
   60.16425        5.4578901E-05
   60.29105        5.6817702E-05
   60.41784        5.9267299E-05
   60.54463        6.1914994E-05
   60.67142        6.4750195E-05
   60.79822        6.7763394E-05
   60.92501        7.0944800E-05
   61.05180        7.4282601E-05
   61.17859        7.7761157E-05
   61.30539        8.1359067E-05
   61.43218        8.5047199E-05
   61.55897        8.8787034E-05
   61.68576        9.2529190E-05
   61.81256        9.6212483E-05
   61.93935        9.9763412E-05
   62.06614        1.0309633E-04
   62.19294        1.0611422E-04
   62.31973        1.0871019E-04
   62.44652        1.1076975E-04
   62.57331        1.1217356E-04
   62.70011        1.1280092E-04
   62.82690        1.1253361E-04
   62.95369        1.1126017E-04
   63.08048        1.0888023E-04
   63.20728        1.0530902E-04
   63.33407        1.0048160E-04
   63.46086        9.4356765E-05
   63.58765        8.6920489E-05
   63.71445        7.8188648E-05
   63.84124        6.8208989E-05
   63.96803        5.7062087E-05
   64.09483        4.4861448E-05
   64.22162        3.1752446E-05
   64.34841        1.7910321E-05
   64.47520        3.5371879E-06
   64.60200       -1.1141952E-05
   64.72879       -2.5883906E-05
   64.85558       -4.0432657E-05
   64.98238       -5.4525244E-05
   65.10917       -6.7897956E-05
   65.23596       -8.0292593E-05
   65.36275       -9.1462622E-05
   65.48955       -1.0117918E-04
   65.61633       -1.0923643E-04
   65.74313       -1.1545646E-04
   65.86992       -1.1969325E-04
   65.99671       -1.2183589E-04
   66.12350       -1.2181078E-04
   66.25030       -1.1958290E-04
   66.37709       -1.1515602E-04
   66.50388       -1.0857200E-04
   66.63068       -9.9909230E-05
   66.75747       -8.9280191E-05
   66.88426       -7.6828437E-05
   67.01105       -6.2724925E-05
   67.13785       -4.7163991E-05
   67.26464       -3.0359093E-05
   67.39143       -1.2538343E-05
   67.51823        6.0598600E-06
   67.64502        2.5191190E-05
   67.77181        4.4609347E-05
   67.89861        6.4069885E-05
   68.02540        8.3333551E-05
   68.15219        1.0216925E-04
   68.27898        1.2035663E-04
   68.40578        1.3768821E-04
   68.53257        1.5397118E-04
   68.65936        1.6902880E-04
   68.78616        1.8270158E-04
   68.91295        1.9484815E-04
   69.03974        2.0534603E-04
   69.16653        2.1409219E-04
   69.29333        2.2100355E-04
   69.42011        2.2601752E-04
   69.54691        2.2909239E-04
   69.67370        2.3020772E-04
   69.80049        2.2936478E-04
   69.92728        2.2658678E-04
   70.05408        2.2191924E-04
   70.18087        2.1542984E-04
   70.30766        2.0720837E-04
   70.43446        1.9736624E-04
   70.56125        1.8603572E-04
   70.68804        1.7336875E-04
   70.81483        1.5953531E-04
   70.94163        1.4472143E-04
   71.06842        1.2912674E-04
   71.19521        1.1296164E-04
   71.32201        9.6444004E-05
   71.44880        7.9795689E-05
   71.57559        6.3238738E-05
   71.70238        4.6991579E-05
   71.82918        3.1265059E-05
   71.95597        1.6258764E-05
   72.08276        2.1573501E-06
   72.20956       -1.0872565E-05
   72.33635       -2.2685199E-05
   72.46314       -3.3157885E-05
   72.58994       -4.2192707E-05
   72.71673       -4.9717579E-05
   72.84352       -5.5686691E-05
   72.97031       -6.0080340E-05
   73.09711       -6.2904204E-05
   73.22389       -6.4188178E-05
   73.35069       -6.3984713E-05
   73.47748       -6.2366933E-05
   73.60427       -5.9426424E-05
   73.73106       -5.5270961E-05
   73.85786       -5.0022070E-05
   73.98465       -4.3812677E-05
   74.11144       -3.6784746E-05
   74.23824       -2.9086998E-05
   74.36503       -2.0872742E-05
   74.49182       -1.2297781E-05
   74.61861       -3.5183757E-06
   74.74541        5.3106492E-06
   74.87220        1.4037832E-05
   74.99899        2.2516873E-05
   75.12579        3.0608477E-05
   75.25258        3.8182119E-05
   75.37937        4.5117769E-05
   75.50616        5.1307605E-05
   75.63296        5.6657635E-05
   75.75975        6.1089166E-05
   75.88654        6.4540196E-05
   76.01334        6.6966597E-05
   76.14013        6.8343012E-05
   76.26692        6.8663583E-05
   76.39371        6.7942281E-05
   76.52051        6.6212873E-05
   76.64730        6.3528641E-05
   76.77409        5.9961603E-05
   76.90089        5.5601467E-05
   77.02767        5.0554172E-05
   77.15446        4.4940130E-05
   77.28126        3.8892140E-05
   77.40805        3.2553049E-05
   77.53484        2.6073216E-05
   77.66164        1.9607733E-05
   77.78843        1.3313536E-05
   77.91522        7.3464216E-06
   78.04202        1.8579869E-06
   78.16881       -3.0074018E-06
   78.29560       -7.1156323E-06
   78.42239       -1.0345716E-05
   78.54919       -1.2592550E-05
   78.67598       -1.3769431E-05
   78.80277       -1.3810298E-05
   78.92957       -1.2671657E-05
   79.05636       -1.0334069E-05
   79.18315       -6.8031845E-06
   79.30994       -2.1102717E-06
   79.43674        3.6877907E-06
   79.56353        1.0509109E-05
   79.69032        1.8247985E-05
   79.81712        2.6776703E-05
   79.94391        3.5947909E-05
   80.07070        4.5597470E-05
   80.19749        5.5547938E-05
   80.32429        6.5612301E-05
   80.45108        7.5598196E-05
   80.57787        8.5312269E-05
   80.70466        9.4564719E-05
   80.83145        1.0317390E-04
   80.95824        1.1097067E-04
   81.08504        1.1780275E-04
   81.21183        1.2353847E-04
   81.33862        1.2807027E-04
   81.46542        1.3131749E-04
   81.59221        1.3322847E-04
   81.71900        1.3378216E-04
   81.84579        1.3298856E-04
   81.97259        1.3088867E-04
   82.09938        1.2755352E-04
   82.22617        1.2308231E-04
   82.35297        1.1759989E-04
   82.47976        1.1125350E-04
   82.60655        1.0420887E-04
   82.73335        9.6645846E-05
   82.86014        8.8753557E-05
   82.98693        8.0725331E-05
   83.11372        7.2753523E-05
   83.24052        6.5024251E-05
   83.36731        5.7712437E-05
   83.49410        5.0977033E-05
   83.62090        4.4956825E-05
   83.74769        3.9766710E-05
   83.87448        3.5494802E-05
   84.00127        3.2200216E-05
   84.12807        2.9911838E-05
   84.25486        2.8627928E-05
   84.38165        2.8316706E-05
   84.50844        2.8917801E-05
   84.63523        3.0344614E-05
   84.76202        3.2487398E-05
   84.88882        3.5217079E-05
   85.01561        3.8389520E-05
   85.14240        4.1850264E-05
   85.26920        4.5439403E-05
   85.39599        4.8996528E-05
   85.52278        5.2365533E-05
   85.64957        5.5399181E-05
   85.77637        5.7963247E-05
   85.90316        5.9939986E-05
   86.02995        6.1231163E-05
   86.15675        6.1760154E-05
   86.28354        6.1473453E-05
   86.41033        6.0341281E-05
   86.53712        5.8357593E-05
   86.66392        5.5539233E-05
   86.79071        5.1924584E-05
   86.91750        4.7571593E-05
   87.04430        4.2555435E-05
   87.17109        3.6965772E-05
   87.29788        3.0903808E-05
   87.42467        2.4479297E-05
   87.55147        1.7807462E-05
   87.67826        1.1006076E-05
   87.80505        4.1926141E-06
   87.93185       -2.5182233E-06
   88.05864       -9.0167850E-06
   88.18543       -1.5200353E-05
   88.31222       -2.0974707E-05
   88.43901       -2.6255260E-05
   88.56580       -3.0967865E-05
   88.69260       -3.5049288E-05
   88.81939       -3.8447299E-05
   88.94618       -4.1120573E-05
   89.07298       -4.3038286E-05
   89.19977       -4.4179618E-05
   89.32656       -4.4533095E-05
   89.45335       -4.4095945E-05
   89.58015       -4.2873409E-05
   89.70694       -4.0878131E-05
   89.83373       -3.8129649E-05
   89.96053       -3.4654026E-05
   90.08732       -3.0483598E-05
   90.21411       -2.5656891E-05
   90.34090       -2.0218618E-05
   90.46770       -1.4219843E-05
   90.59449       -7.7181521E-06
   90.72128       -7.7784586E-07
   90.84808        6.5299387E-06
   90.97487        1.4127219E-05
   91.10166        2.1929380E-05
   91.22845        2.9845596E-05
   91.35525        3.7779613E-05
   91.48204        4.5630812E-05
   91.60883        5.3295615E-05
   91.73563        6.0669208E-05
   91.86242        6.7647583E-05
   91.98921        7.4129784E-05
   92.11600        8.0020356E-05
   92.24279        8.5231783E-05
   92.36958        8.9687055E-05
   92.49638        9.3321913E-05
   92.62317        9.6087046E-05
   92.74996        9.7949815E-05
   92.87675        9.8895674E-05
   93.00355        9.8929027E-05
   93.13034        9.8073571E-05
   93.25713        9.6372067E-05
   93.38393        9.3885566E-05
   93.51072        9.0692032E-05
   93.63751        8.6884553E-05
   93.76431        8.2569051E-05
   93.89110        7.7861630E-05
   94.01789        7.2885778E-05
   94.14468        6.7769288E-05
   94.27148        6.2641164E-05
   94.39827        5.7628582E-05
   94.52506        5.2854008E-05
   94.65186        4.8432415E-05
   94.77865        4.4468881E-05
   94.90544        4.1056439E-05
   95.03223        3.8274360E-05
   95.15903        3.6186768E-05
   95.28582        3.4841625E-05
   95.41261        3.4270201E-05
   95.53941        3.4486813E-05
   95.66620        3.5489022E-05
   95.79299        3.7258091E-05
   95.91978        3.9759700E-05
   96.04657        4.2944997E-05
   96.17336        4.6751786E-05
   96.30016        5.1105962E-05
   96.42695        5.5923068E-05
   96.55374        6.1109902E-05
   96.68053        6.6566281E-05
   96.80733        7.2186849E-05
   96.93412        7.7862860E-05
   97.06091        8.3483988E-05
   97.18771        8.8940120E-05
   97.31450        9.4123163E-05
   97.44129        9.8928656E-05
   97.56808        1.0325752E-04
   97.69488        1.0701753E-04
   97.82167        1.1012479E-04
   97.94846        1.1250509E-04
   98.07526        1.1409517E-04
   98.20205        1.1484376E-04
   98.32884        1.1471258E-04
   98.45564        1.1367717E-04
   98.58243        1.1172748E-04
   98.70922        1.0886845E-04
   98.83601        1.0512021E-04
   98.96281        1.0051824E-04
   99.08960        9.5113195E-05
   99.21639        8.8970555E-05
   99.34319        8.2169943E-05
   99.46998        7.4804200E-05
   99.59677        6.6978086E-05
   99.72356        5.8806694E-05
   99.85035        5.0413550E-05
   99.97714        4.1928335E-05
   100.1039        3.3484415E-05
   100.2307        2.5216121E-05
   100.3575        1.7255876E-05
   100.4843        9.7312368E-06
   100.6111        2.7619990E-06
   100.7379       -3.5426178E-06
   100.8647       -9.0865396E-06
   100.9915       -1.3789097E-05
   101.1183       -1.7586890E-05
   101.2451       -2.0435184E-05
   101.3719       -2.2308845E-05
   101.4987       -2.3202681E-05
   101.6255       -2.3131322E-05
   101.7522       -2.2128452E-05
   101.8790       -2.0245689E-05
   102.0058       -1.7550894E-05
   102.1326       -1.4126110E-05
   102.2594       -1.0065237E-05
   102.3862       -5.4713760E-06
   102.5130       -4.5399690E-07
   102.6398        4.8739303E-06
   102.7666        1.0398909E-05
   102.8934        1.6009770E-05
   103.0202        2.1600372E-05
   103.1470        2.7072168E-05
   103.2738        3.2336389E-05
   103.4006        3.7315996E-05
   103.5273        4.1947125E-05
   103.6541        4.6180150E-05
   103.7809        4.9980263E-05
   103.9077        5.3327603E-05
   104.0345        5.6216810E-05
   104.1613        5.8656238E-05
   104.2881        6.0666553E-05
   104.4149        6.2279090E-05
   104.5417        6.3533735E-05
   104.6685        6.4476575E-05
   104.7953        6.5157386E-05
   104.9221        6.5626955E-05
   105.0489        6.5934379E-05
   105.1756        6.6124609E-05
   105.3024        6.6235945E-05
   105.4292        6.6298082E-05
   105.5560        6.6330453E-05
   105.6828        6.6341032E-05
   105.8096        6.6325745E-05
   105.9364        6.6268498E-05
   106.0632        6.6141765E-05
   106.1900        6.5907821E-05
   106.3168        6.5520573E-05
   106.4436        6.4927808E-05
   106.5704        6.4073989E-05
   106.6972        6.2903164E-05
   106.8240        6.1362138E-05
   106.9507        5.9403683E-05
   107.0775        5.6989535E-05
   107.2043        5.4093161E-05
   107.3311        5.0702103E-05
   107.4579        4.6819830E-05
   107.5847        4.2466956E-05
   107.7115        3.7681832E-05
   107.8383        3.2520413E-05
   107.9651        2.7055445E-05
   108.0919        2.1375010E-05
   108.2187        1.5580446E-05
   108.3455        9.7837683E-06
   108.4723        4.1046846E-06
   108.5990       -1.3326501E-06
   108.7258       -6.4031001E-06
   108.8526       -1.0984034E-05
   108.9794       -1.4958699E-05
   109.1062       -1.8219444E-05
   109.2330       -2.0670679E-05
   109.3598       -2.2231414E-05
   109.4866       -2.2837461E-05
   109.6134       -2.2443086E-05
   109.7402       -2.1022301E-05
   109.8670       -1.8569450E-05
   109.9938       -1.5099506E-05
   110.1206       -1.0647699E-05
   110.2474       -5.2687028E-06
   110.3741        9.6456733E-07
   110.5009        7.9627262E-06
   110.6277        1.5621947E-05
   110.7545        2.3826415E-05
   110.8813        3.2451037E-05
   111.0081        4.1364325E-05
   111.1349        5.0431470E-05
   111.2617        5.9517381E-05
   111.3885        6.8489753E-05
   111.5153        7.7221950E-05
   111.6421        8.5595580E-05
   111.7689        9.3502837E-05
   111.8957        1.0084843E-04
   112.0224        1.0755094E-04
   112.1492        1.1354383E-04
   112.2760        1.1877582E-04
   112.4028        1.2321088E-04
   112.5296        1.2682755E-04
   112.6564        1.2961817E-04
   112.7832        1.3158744E-04
   112.9100        1.3275100E-04
   113.0368        1.3313373E-04
   113.1636        1.3276802E-04
   113.2904        1.3169218E-04
   113.4172        1.2994891E-04
   113.5440        1.2758399E-04
   113.6708        1.2464535E-04
   113.7975        1.2118222E-04
   113.9243        1.1724486E-04
   114.0511        1.1288437E-04
   114.1779        1.0815278E-04
   114.3047        1.0310339E-04
   114.4315        9.7791162E-05
   114.5583        9.2273149E-05
   114.6851        8.6608816E-05
   114.8119        8.0860242E-05
   114.9387        7.5092074E-05
   115.0655        6.9371170E-05
   115.1923        6.3765976E-05
   115.3191        5.8345446E-05
   115.4458        5.3177762E-05
   115.5726        4.8328628E-05
   115.6994        4.3859425E-05
   115.8262        3.9825150E-05
   115.9530        3.6272359E-05
   116.0798        3.3237167E-05
   116.2066        3.0743417E-05
   116.3334        2.8801167E-05
   116.4602        2.7405595E-05
   116.5870        2.6536411E-05
   116.7138        2.6157815E-05
   116.8406        2.6219093E-05
   116.9674        2.6655785E-05
   117.0942        2.7391410E-05
   117.2209        2.8339804E-05
   117.3477        2.9407769E-05
   117.4745        3.0498133E-05
   117.6013        3.1512966E-05
   117.7281        3.2356900E-05
   117.8549        3.2940337E-05
   117.9817        3.3182536E-05
   118.1085        3.3014385E-05
   118.2353        3.2380689E-05
   118.3621        3.1242096E-05
   118.4889        2.9576395E-05
   118.6157        2.7379256E-05
   118.7425        2.4664394E-05
   118.8692        2.1463120E-05
   118.9960        1.7823360E-05
   119.1228        1.3808165E-05
   119.2496        9.4938032E-06
   119.3764        4.9674404E-06
   119.5032        3.2457058E-07
   119.6300       -4.3337400E-06
   119.7568       -8.9037521E-06
   119.8836       -1.3281954E-05
   120.0104       -1.7367949E-05
   120.1372       -2.1067137E-05
   120.2640       -2.4293227E-05
   120.3908       -2.6970469E-05
   120.5176       -2.9035535E-05
   120.6443       -3.0438972E-05
   120.7711       -3.1146254E-05
   120.8979       -3.1138341E-05
   121.0247       -3.0411784E-05
   121.1515       -2.8978269E-05
   121.2783       -2.6863785E-05
   121.4051       -2.4107272E-05
   121.5319       -2.0758982E-05
   121.6587       -1.6878443E-05
   121.7855       -1.2532199E-05
   121.9123       -7.7914247E-06
   122.0391       -2.7295041E-06
   122.1659        2.5804031E-06
   122.2927        8.0675991E-06
   122.4194        1.3665883E-05
   122.5462        1.9315255E-05
   122.6730        2.4963274E-05
   122.7998        3.0566032E-05
   122.9266        3.6088692E-05
   123.0534        4.1505580E-05
   123.1802        4.6799858E-05
   123.3070        5.1962874E-05
   123.4338        5.6993096E-05
   123.5606        6.1894803E-05
   123.6874        6.6676519E-05
   123.8142        7.1349299E-05
   123.9410        7.5924931E-05
   124.0677        8.0414116E-05
   124.1945        8.4824773E-05
   124.3213        8.9160363E-05
   124.4481        9.3418595E-05
   124.5749        9.7590360E-05
   124.7017        1.0165891E-04
   124.8285        1.0559949E-04
   124.9553        1.0937941E-04
   125.0821        1.1295833E-04
   125.2089        1.1628914E-04
   125.3357        1.1931913E-04
   125.4625        1.2199144E-04
   125.5893        1.2424696E-04
   125.7161        1.2602627E-04
   125.8428        1.2727198E-04
   125.9696        1.2793105E-04
   126.0964        1.2795704E-04
   126.2232        1.2731257E-04
   126.3500        1.2597130E-04
   126.4768        1.2391992E-04
   126.6036        1.2115966E-04
   126.7304        1.1770742E-04
   126.8572        1.1359642E-04
   126.9840        1.0887632E-04
   127.1108        1.0361276E-04
   127.2376        9.7886237E-05
   127.3644        9.1790513E-05
   127.4911        8.5430402E-05
   127.6179        7.8919118E-05
   127.7447        7.2375158E-05
   127.8715        6.5918968E-05
   127.9983        5.9669364E-05
   128.1251        5.3739968E-05
   128.2519        4.8235706E-05
   128.3787        4.3249569E-05
   128.5055        3.8859664E-05
   128.6323        3.5126861E-05
   128.7591        3.2092892E-05
   128.8859        2.9779212E-05
   129.0127        2.8186494E-05
   129.1395        2.7294880E-05
   129.2663        2.7064983E-05
   129.3930        2.7439541E-05
   129.5198        2.8345708E-05
   129.6466        2.9697880E-05
   129.7734        3.1400952E-05
   129.9002        3.3353801E-05
   130.0270        3.5452947E-05
   130.1538        3.7596175E-05
   130.2806        3.9686016E-05
   130.4074        4.1632844E-05
   130.5342        4.3357672E-05
   130.6610        4.4794397E-05
   130.7878        4.5891367E-05
   130.9146        4.6612462E-05
   131.0414        4.6937395E-05
   131.1681        4.6861514E-05
   131.2949        4.6394860E-05
   131.4217        4.5560795E-05
   131.5485        4.4394135E-05
   131.6753        4.2938907E-05
   131.8021        4.1245868E-05
   131.9289        3.9369908E-05
   132.0557        3.7367441E-05
   132.1825        3.5293924E-05
   132.3093        3.3201599E-05
   132.4361        3.1137628E-05
   132.5629        2.9142582E-05
   132.6897        2.7249502E-05
   132.8164        2.5483390E-05
   132.9432        2.3861328E-05
   133.0700        2.2393002E-05
   133.1968        2.1081722E-05
   133.3236        1.9925788E-05
   133.4504        1.8920069E-05
   133.5772        1.8057810E-05
   133.7040        1.7332361E-05
   133.8308        1.6738790E-05
   133.9576        1.6275366E-05
   134.0844        1.5944603E-05
   134.2112        1.5753938E-05
   134.3380        1.5715981E-05
   134.4648        1.5848236E-05
   134.5915        1.6172380E-05
   134.7183        1.6713069E-05
   134.8451        1.7496417E-05
   134.9719        1.8548151E-05
   135.0987        1.9891593E-05
   135.2255        2.1545589E-05
   135.3523        2.3522465E-05
   135.4791        2.5826201E-05
   135.6059        2.8450915E-05
   135.7327        3.1379725E-05
   135.8595        3.4584162E-05
   135.9863        3.8024042E-05
   136.1131        4.1648014E-05
   136.2398        4.5394630E-05
   136.3666        4.9194005E-05
   136.4934        5.2969921E-05
   136.6202        5.6642395E-05
   136.7470        6.0130478E-05
   136.8738        6.3355285E-05
   137.0006        6.6242967E-05
   137.1274        6.8727655E-05
   137.2542        7.0754126E-05
   137.3810        7.2280054E-05
   137.5078        7.3277843E-05
   137.6346        7.3735908E-05
   137.7614        7.3659248E-05
   137.8882        7.3069496E-05
   138.0149        7.2004252E-05
   138.1417        7.0515882E-05
   138.2685        6.8669688E-05
   138.3953        6.6541710E-05
   138.5221        6.4216030E-05
   138.6489        6.1781997E-05
   138.7757        5.9331116E-05
   138.9025        5.6954097E-05
   139.0293        5.4737815E-05
   139.1561        5.2762596E-05
   139.2829        5.1099727E-05
   139.4097        4.9809336E-05
   139.5365        4.8938662E-05
   139.6632        4.8520815E-05
   139.7900        4.8573977E-05
   139.9168        4.9101105E-05
   140.0436        5.0090097E-05
   140.1704        5.1514435E-05
   140.2972        5.3334148E-05
   140.4240        5.5497279E-05
   140.5508        5.7941499E-05
   140.6776        6.0596100E-05
   140.8044        6.3384054E-05
   140.9312        6.6224282E-05
   141.0580        6.9033806E-05
   141.1848        7.1730043E-05
   141.3116        7.4232841E-05
   141.4383        7.6466480E-05
   141.5651        7.8361394E-05
   141.6919        7.9855752E-05
   141.8187        8.0896731E-05
   141.9455        8.1441518E-05
   142.0723        8.1458093E-05
   142.1991        8.0925682E-05
   142.3259        7.9834994E-05
   142.4527        7.8188095E-05
   142.5795        7.5998236E-05
   142.7063        7.3289288E-05
   142.8331        7.0095077E-05
   142.9599        6.6458582E-05
   143.0867        6.2430983E-05
   143.2134        5.8070575E-05
   143.3402        5.3441727E-05
   143.4670        4.8613671E-05
   143.5938        4.3659325E-05
   143.7206        3.8654023E-05
   143.8474        3.3674318E-05
   143.9742        2.8796700E-05
   144.1010        2.4096300E-05
   144.2278        1.9645669E-05
   144.3546        1.5513458E-05
   144.4814        1.1763193E-05
   144.6082        8.4520279E-06
   144.7350        5.6296049E-06
   144.8617        3.3368876E-06
   144.9885        1.6052159E-06
   145.1153        4.5543459E-07
   145.2421       -1.0281906E-07
   145.3689       -7.1525776E-08
   145.4957        5.3546262E-07
   145.6225        1.6925518E-06
   145.7493        3.3627762E-06
   145.8761        5.4985389E-06
   146.0029        8.0426753E-06
   146.1297        1.0929847E-05
   146.2565        1.4088171E-05
   146.3833        1.7441154E-05
   146.5101        2.0909785E-05
   146.6368        2.4414687E-05
   146.7636        2.7878417E-05
   146.8904        3.1227599E-05
   147.0172        3.4395038E-05
   147.1440        3.7321552E-05
   147.2708        3.9957566E-05
   147.3976        4.2264361E-05
   147.5244        4.4214976E-05
   147.6512        4.5794670E-05
   147.7780        4.7000987E-05
   147.9048        4.7843452E-05
   148.0316        4.8342819E-05
   148.1584        4.8530033E-05
   148.2851        4.8444890E-05
   148.4119        4.8134516E-05
   148.5387        4.7651585E-05
   148.6655        4.7052548E-05
   148.7923        4.6395766E-05
   148.9191        4.5739773E-05
   149.0459        4.5141529E-05
   149.1727        4.4654920E-05
   149.2995        4.4329445E-05
   149.4263        4.4209064E-05
   149.5531        4.4331351E-05
   149.6799        4.4726919E-05
   149.8067        4.5418969E-05
   149.9335        4.6423240E-05
   150.0602        4.7747948E-05
   150.1870        4.9394072E-05
   150.3138        5.1355582E-05
   150.4406        5.3619911E-05
   150.5674        5.6168348E-05
   150.6942        5.8976537E-05
   150.8210        6.2014908E-05
   150.9478        6.5249158E-05
   151.0746        6.8640664E-05
   151.2014        7.2146911E-05
   151.3282        7.5721859E-05
   151.4550        7.9316385E-05
   151.5818        8.2878694E-05
   151.7085        8.6354790E-05
   151.8353        8.9688976E-05
   151.9621        9.2824404E-05
   152.0889        9.5703770E-05
   152.2157        9.8270015E-05
   152.3425        1.0046721E-04
   152.4693        1.0224146E-04
   152.5961        1.0354190E-04
   152.7229        1.0432187E-04
   152.8497        1.0453996E-04
   152.9765        1.0416127E-04
   153.1033        1.0315850E-04
   153.2301        1.0151311E-04
   153.3569        9.9216304E-05
   153.4836        9.6269832E-05
   153.6104        9.2686721E-05
   153.7372        8.8491637E-05
   153.8640        8.3721032E-05
   153.9908        7.8422963E-05
   154.1176        7.2656556E-05
   154.2444        6.6491193E-05
   154.3712        6.0005321E-05
   154.4980        5.3284966E-05
   154.6248        4.6422032E-05
   154.7516        3.9512321E-05
   154.8784        3.2653479E-05
   155.0052        2.5942758E-05
   155.1319        1.9474875E-05
   155.2587        1.3339891E-05
   155.3855        7.6211422E-06
   155.5123        2.3935165E-06
   155.6391       -2.2781103E-06
   155.7659       -6.3401162E-06
   155.8927       -9.7510201E-06
   156.0195       -1.2481962E-05
   156.1463       -1.4516813E-05
   156.2731       -1.5851914E-05
   156.3999       -1.6495429E-05
   156.5267       -1.6466363E-05
   156.6535       -1.5793305E-05
   156.7803       -1.4512955E-05
   156.9070       -1.2668511E-05
   157.0338       -1.0307943E-05
   157.1606       -7.4824220E-06
   157.2874       -4.2446750E-06
   157.4142       -6.4762389E-07
   157.5410        3.2567648E-06
   157.6678        7.4183977E-06
   157.7946        1.1789635E-05
   157.9214        1.6325592E-05
   158.0482        2.0984093E-05
   158.1750        2.5725440E-05
   158.3018        3.0511919E-05
   158.4286        3.5307181E-05
   158.5553        4.0075531E-05
   158.6821        4.4781216E-05
   158.8089        4.9387811E-05
   158.9357        5.3857748E-05
   159.0625        5.8152036E-05
   159.1893        6.2230290E-05
   159.3161        6.6050990E-05
   159.4429        6.9572132E-05
   159.5697        7.2752111E-05
   159.6965        7.5550932E-05
   159.8233        7.7931611E-05
   159.9501        7.9861762E-05
   160.0769        8.1315171E-05
   160.2037        8.2273422E-05
