  -4.500000        1.0858393E-17
  -4.373208        1.0858392E-17
  -4.246415        1.0858391E-17
  -4.119622        1.0858389E-17
  -3.992829        1.0858388E-17
  -3.866037        1.0858387E-17
  -3.739244        1.0858386E-17
  -3.612452        1.0858385E-17
  -3.485659        1.0858386E-17
  -3.358866        1.0858385E-17
  -3.232074        1.0858384E-17
  -3.105281        1.0858383E-17
  -2.978488        1.0858383E-17
  -2.851696        1.0858384E-17
  -2.724903        1.0858385E-17
  -2.598110        1.0858387E-17
  -2.471318        1.0858387E-17
  -2.344525        1.0858388E-17
  -2.217732        1.0858388E-17
  -2.090940        1.0858387E-17
  -1.964147        1.0858386E-17
  -1.837354        1.0858384E-17
  -1.710562        1.0858384E-17
  -1.583769        1.0858386E-17
  -1.456976        1.0858389E-17
  -1.330184        1.0858395E-17
  -1.203391        1.0858402E-17
  -1.076598        1.0858411E-17
 -0.9498057        1.0858420E-17
 -0.8230131        1.0858427E-17
 -0.6962205        1.0858435E-17
 -0.5694278        1.0858443E-17
 -0.4426351        1.0858452E-17
 -0.3158425        1.0858462E-17
 -0.1890498        1.0858471E-17
 -6.2257171E-02    1.0858480E-17
  6.4535484E-02    1.0858488E-17
  0.1913281        1.0858493E-17
  0.3181208        1.0858495E-17
  0.4449134        1.0858497E-17
  0.5717061        1.0858499E-17
  0.6984987        1.0858502E-17
  0.8252914        1.0858507E-17
  0.9520841        1.0858516E-17
   1.078877        1.0858525E-17
   1.205669        1.0858536E-17
   1.332462        1.0858545E-17
   1.459255        1.0858552E-17
   1.586047        1.0858557E-17
   1.712840        1.0858560E-17
   1.839633        1.0858563E-17
   1.966425        1.0858565E-17
   2.093218        1.0858569E-17
   2.220011        1.0858573E-17
   2.346803        1.0858577E-17
   2.473596        1.0858580E-17
   2.600389        1.0858584E-17
   2.727181        1.0858589E-17
   2.853974        1.0858598E-17
   2.980767        1.0858608E-17
   3.107559        1.0858624E-17
   3.234352        1.0858643E-17
   3.361145        1.0858665E-17
   3.487937        1.0858689E-17
   3.614730        1.0858713E-17
   3.741522        1.0858736E-17
   3.868315        1.0858756E-17
   3.995108        1.0858773E-17
   4.121901        1.0858787E-17
   4.248693        1.0858801E-17
   4.375485        1.0858815E-17
   4.502278        1.0858830E-17
   4.629071        1.0858845E-17
   4.755864        1.0858860E-17
   4.882656        1.0858873E-17
   5.009449        1.0858884E-17
   5.136241        1.0858894E-17
   5.263034        1.0858904E-17
   5.389827        1.0858915E-17
   5.516620        1.0858928E-17
   5.643412        1.0858942E-17
   5.770205        1.0858955E-17
   5.896997        1.0858967E-17
   6.023790        1.0858975E-17
   6.150583        1.0858979E-17
   6.277375        1.0858977E-17
   6.404168        1.0858971E-17
   6.530961        1.0858963E-17
   6.657753        1.0858956E-17
   6.784546        1.0858948E-17
   6.911339        1.0858943E-17
   7.038131        1.0858940E-17
   7.164924        1.0858938E-17
   7.291717        1.0858936E-17
   7.418509        1.0858935E-17
   7.545302        1.0858935E-17
   7.672095        1.0858938E-17
   7.798887        1.0858942E-17
   7.925680        1.0858947E-17
   8.052472        1.0858956E-17
   8.179265        1.0858963E-17
   8.306058        1.0858970E-17
   8.432851        1.0858975E-17
   8.559643        1.0858978E-17
   8.686436        1.0858981E-17
   8.813229        1.0858983E-17
   8.940022        1.0858987E-17
   9.066813        1.0858995E-17
   9.193606        1.0859006E-17
   9.320399        1.0859019E-17
   9.447192        1.0859035E-17
   9.573984        1.0859052E-17
   9.700777        1.0859069E-17
   9.827570        1.0859088E-17
   9.954362        1.0859107E-17
   10.08115        1.0859127E-17
   10.20795        1.0859148E-17
   10.33474        1.0859170E-17
   10.46153        1.0859192E-17
   10.58833        1.0859215E-17
   10.71512        1.0859235E-17
   10.84191        1.0859254E-17
   10.96870        1.0859273E-17
   11.09550        1.0859292E-17
   11.22229        1.0859314E-17
   11.34908        1.0859337E-17
   11.47587        1.0859363E-17
   11.60267        1.0859388E-17
   11.72946        1.0859412E-17
   11.85625        1.0859434E-17
   11.98304        1.0859455E-17
   12.10984        1.0859476E-17
   12.23663        1.0859495E-17
   12.36342        1.0859514E-17
   12.49022        1.0859532E-17
   12.61701        1.0859549E-17
   12.74380        1.0859564E-17
   12.87059        1.0859577E-17
   12.99739        1.0859588E-17
   13.12418        1.0859597E-17
   13.25097        1.0859605E-17
   13.37776        1.0859613E-17
   13.50456        1.0859621E-17
   13.63135        1.0859630E-17
   13.75814        1.0859641E-17
   13.88493        1.0859654E-17
   14.01173        1.0859669E-17
   14.13852        1.0859686E-17
   14.26531        1.0859704E-17
   14.39211        1.0859723E-17
   14.51890        1.0859743E-17
   14.64569        1.0859763E-17
   14.77248        1.0859784E-17
   14.89928        1.0859804E-17
   15.02607        1.0859824E-17
   15.15286        1.0859845E-17
   15.27965        1.0859867E-17
   15.40645        1.0859890E-17
   15.53324        1.0859911E-17
   15.66003        1.0859933E-17
   15.78682        1.0859955E-17
   15.91362        1.0859976E-17
   16.04041        1.0859996E-17
   16.16720        1.0860015E-17
   16.29399        1.0860035E-17
   16.42079        1.0860057E-17
   16.54758        1.0860078E-17
   16.67437        1.0860101E-17
   16.80116        1.0860123E-17
   16.92796        1.0860144E-17
   17.05475        1.0860162E-17
   17.18154        1.0860178E-17
   17.30834        1.0860193E-17
   17.43513        1.0860206E-17
   17.56192        1.0860217E-17
   17.68871        1.0860228E-17
   17.81551        1.0860239E-17
   17.94230        1.0860249E-17
   18.06909        1.0860259E-17
   18.19588        1.0860269E-17
   18.32268        1.0860278E-17
   18.44947        1.0860289E-17
   18.57626        1.0860302E-17
   18.70305        1.0860319E-17
   18.82985        1.0860340E-17
   18.95664        1.0860366E-17
   19.08343        1.0860396E-17
   19.21023        1.0860426E-17
   19.33702        1.0860454E-17
   19.46381        1.0860479E-17
   19.59060        1.0860499E-17
   19.71740        1.0860517E-17
   19.84419        1.0860532E-17
   19.97098        1.0860546E-17
   20.09777        1.0860560E-17
   20.22457        1.0860576E-17
   20.35136        1.0860591E-17
   20.47815        1.0860606E-17
   20.60494        1.0860620E-17
   20.73174        1.0860635E-17
   20.85853        1.0860651E-17
   20.98532        1.0860670E-17
   21.11212        1.0860694E-17
   21.23891        1.0860723E-17
   21.36570        1.0860757E-17
   21.49249        1.0860792E-17
   21.61929        1.0860828E-17
   21.74608        1.0860862E-17
   21.87287        1.0860896E-17
   21.99966        1.0860927E-17
   22.12646        1.0860955E-17
   22.25325        1.0860984E-17
   22.38004        1.0861012E-17
   22.50683        1.0861042E-17
   22.63363        1.0861072E-17
   22.76042        1.0861101E-17
   22.88721        1.0861129E-17
   23.01401        1.0861156E-17
   23.14080        1.0861182E-17
   23.26759        1.0861208E-17
   23.39438        1.0861236E-17
   23.52118        1.0861268E-17
   23.64797        1.0861302E-17
   23.77476        1.0861336E-17
   23.90155        1.0861370E-17
   24.02835        1.0861403E-17
   24.15514        1.0861433E-17
   24.28193        1.0861460E-17
   24.40872        1.0861486E-17
   24.53552        1.0861513E-17
   24.66231        1.0861542E-17
   24.78910        1.0861575E-17
   24.91590        1.0861609E-17
   25.04269        1.0861646E-17
   25.16948        1.0861685E-17
   25.29627        1.0861726E-17
   25.42307        1.0861768E-17
   25.54986        1.0861812E-17
   25.67665        1.0861860E-17
   25.80344        1.0861910E-17
   25.93024        1.0861961E-17
   26.05703        1.0862016E-17
   26.18382        1.0862070E-17
   26.31061        1.0862124E-17
   26.43741        1.0862175E-17
   26.56420        1.0862224E-17
   26.69099        1.0862269E-17
   26.81779        1.0862312E-17
   26.94458        1.0862355E-17
   27.07137        1.0862397E-17
   27.19816        1.0862439E-17
   27.32495        1.0862483E-17
   27.45175        1.0862528E-17
   27.57854        1.0862571E-17
   27.70533        1.0862614E-17
   27.83213        1.0862653E-17
   27.95892        1.0862692E-17
   28.08571        1.0862729E-17
   28.21250        1.0862765E-17
   28.33930        1.0862800E-17
   28.46609        1.0862832E-17
   28.59288        1.0862861E-17
   28.71968        1.0862887E-17
   28.84647        1.0862908E-17
   28.97326        1.0862927E-17
   29.10005        1.0862945E-17
   29.22684        1.0862964E-17
   29.35364        1.0862987E-17
   29.48043        1.0863011E-17
   29.60722        1.0863040E-17
   29.73402        1.0863072E-17
   29.86081        1.0863107E-17
   29.98760        1.0863145E-17
   30.11439        1.0863184E-17
   30.24119        1.0863226E-17
   30.36798        1.0863271E-17
   30.49477        1.0863318E-17
   30.62156        1.0863367E-17
   30.74836        1.0863414E-17
   30.87515        1.0863459E-17
   31.00194        1.0863500E-17
   31.12873        1.0863537E-17
   31.25553        1.0863571E-17
   31.38232        1.0863601E-17
   31.50911        1.0863632E-17
   31.63591        1.0863663E-17
   31.76270        1.0863696E-17
   31.88949        1.0863732E-17
   32.01628        1.0863767E-17
   32.14308        1.0863803E-17
   32.26987        1.0863836E-17
   32.39666        1.0863868E-17
   32.52345        1.0863895E-17
   32.65025        1.0863921E-17
   32.77704        1.0863944E-17
   32.90383        1.0863964E-17
   33.03062        1.0863979E-17
   33.15742        1.0863990E-17
   33.28421        1.0863993E-17
   33.41100        1.0863992E-17
   33.53780        1.0863985E-17
   33.66459        1.0863974E-17
   33.79138        1.0863960E-17
   33.91817        1.0863947E-17
   34.04497        1.0863935E-17
   34.17176        1.0863925E-17
   34.29855        1.0863916E-17
   34.42534        1.0863910E-17
   34.55214        1.0863903E-17
   34.67893        1.0863897E-17
   34.80572        1.0863892E-17
   34.93251        1.0863886E-17
   35.05931        1.0863884E-17
   35.18610        1.0863885E-17
   35.31289        1.0863892E-17
   35.43969        1.0863905E-17
   35.56648        1.0863924E-17
   35.69327        1.0863952E-17
   35.82006        1.0863988E-17
   35.94686        1.0864031E-17
   36.07365        1.0864084E-17
   36.20044        1.0864145E-17
   36.32723        1.0864212E-17
   36.45403        1.0864286E-17
   36.58082        1.0864361E-17
   36.70761        1.0864435E-17
   36.83440        1.0864504E-17
   36.96120        1.0864563E-17
   37.08799        1.0864610E-17
   37.21478        1.0864643E-17
   37.34158        1.0864662E-17
   37.46837        1.0864666E-17
   37.59516        1.0864656E-17
   37.72195        1.0864634E-17
   37.84875        1.0864603E-17
   37.97554        1.0864565E-17
   38.10233        1.0864521E-17
   38.22912        1.0864475E-17
   38.35592        1.0864428E-17
   38.48271        1.0864381E-17
   38.60950        1.0864337E-17
   38.73629        1.0864296E-17
   38.86309        1.0864257E-17
   38.98988        1.0864217E-17
   39.11667        1.0864175E-17
   39.24347        1.0864125E-17
   39.37026        1.0864060E-17
   39.49705        1.0863976E-17
   39.62384        1.0863863E-17
   39.75064        1.0863711E-17
   39.87743        1.0863512E-17
   40.00422        1.0863255E-17
   40.13101        1.0862928E-17
   40.25780        1.0862521E-17
   40.38460        1.0862025E-17
   40.51139        1.0861431E-17
   40.63818        1.0860737E-17
   40.76498        1.0859941E-17
   40.89177        1.0859053E-17
   41.01856        1.0858084E-17
   41.14536        1.0857052E-17
   41.27215        1.0855985E-17
   41.39894        1.0854916E-17
   41.52573        1.0853881E-17
   41.65253        1.0852928E-17
   41.77932        1.0852103E-17
   41.90611        1.0851458E-17
   42.03290        1.0851043E-17
   42.15969        1.0850904E-17
   42.28649        1.0851079E-17
   42.41328        1.0851593E-17
   42.54007        1.0852455E-17
   42.66687        1.0853654E-17
   42.79366        1.0855157E-17
   42.92045        1.0856904E-17
   43.04725        1.0858805E-17
   43.17404        1.0860747E-17
   43.30083        1.0862590E-17
   43.42762        1.0864169E-17
   43.55442        1.0865304E-17
   43.68121        1.0865806E-17
   43.80800        1.0865486E-17
   43.93479        1.0864162E-17
   44.06158        1.0861682E-17
   44.18838        1.0857928E-17
   44.31517        1.0852837E-17
   44.44196        1.0846412E-17
   44.56876        1.0838731E-17
   44.69555        1.0829971E-17
   44.82234        1.0820393E-17
   44.94913        1.0810366E-17
   45.07593        1.0800350E-17
   45.20272        1.0790890E-17
   45.32951        1.0782608E-17
   45.45631        1.0776170E-17
   45.58310        1.0772268E-17
   45.70989        1.0771575E-17
   45.83668        1.0774712E-17
   45.96347        1.0782196E-17
   46.09027        1.0794391E-17
   46.21706        1.0811466E-17
   46.34385        1.0833343E-17
   46.47065        1.0859662E-17
   46.59744        1.0889748E-17
   46.72423        1.0922594E-17
   46.85102        1.0956858E-17
   46.97782        1.0990881E-17
   47.10461        1.1022717E-17
   47.23140        1.1050196E-17
   47.35820        1.1071001E-17
   47.48499        1.1082770E-17
   47.61178        1.1083220E-17
   47.73857        1.1070281E-17
   47.86536        1.1042252E-17
   47.99216        1.0997954E-17
   48.11895        1.0936878E-17
   48.24574        1.0859334E-17
   48.37254        1.0766565E-17
   48.49933        1.0660842E-17
   48.62612        1.0545506E-17
   48.75291        1.0424976E-17
   48.87971        1.0304687E-17
   49.00650        1.0190971E-17
   49.13329        1.0090869E-17
   49.26009        1.0011877E-17
   49.38688        9.9616253E-18
   49.51367        9.9474979E-18
   49.64046        9.9762085E-18
   49.76725        1.0053342E-17
   49.89405        1.0182884E-17
   50.02084        1.0366758E-17
   50.14763        1.0604406E-17
   50.27443        1.0892421E-17
   50.40122        1.1224281E-17
   50.52801        1.1590191E-17
   50.65480        1.1977081E-17
   50.78160        1.2368761E-17
   50.90839        1.2746267E-17
   51.03518        1.3088387E-17
   51.16198        1.3372397E-17
   51.28877        1.3574971E-17
   51.41556        1.3673260E-17
   51.54235        1.3646109E-17
   51.66914        1.3475364E-17
   51.79594        1.3147225E-17
   51.92273        1.2653568E-17
   52.04952        1.1993195E-17
   52.17632        1.1172904E-17
   52.30311        1.0208331E-17
   52.42990        9.1244647E-18
   52.55669        7.9557884E-18
   52.68349        6.7459652E-18
   52.81028        5.5470401E-18
   52.93707        4.4181160E-18
   53.06387        3.4235041E-18
   53.19066        2.6303640E-18
   53.31745        2.1058846E-18
   53.44424        1.9140660E-18
   53.57103        2.1122185E-18
   53.69783        2.7473011E-18
   53.82462        3.8522587E-18
   53.95141        5.4425271E-18
   54.07821        7.5128985E-18
   54.20500        1.0034949E-17
   54.33179        1.2955205E-17
   54.45858        1.6194261E-17
   54.58538        1.9646980E-17
   54.71217        2.3183940E-17
   54.83896        2.6654186E-17
   54.96576        2.9889361E-17
   55.09255        3.2709157E-17
   55.21934        3.4928059E-17
   55.34613        3.6363164E-17
   55.47292        3.6842919E-17
   55.59972        3.6216402E-17
   55.72651        3.4362909E-17
   55.85330        3.1201302E-17
   55.98009        2.6698811E-17
   56.10689        2.0878681E-17
   56.23368        1.3826278E-17
   56.36047        5.6931479E-18
   56.48727       -3.3014164E-18
   56.61406       -1.2871630E-17
   56.74085       -2.2669626E-17
   56.86765       -3.2293154E-17
   56.99444       -4.1296668E-17
   57.12123       -4.9205659E-17
   57.24802       -5.5534021E-17
   57.37481       -5.9804000E-17
   57.50161       -6.1568264E-17
   57.62840       -6.0433114E-17
   57.75519       -5.6082263E-17
   57.88198       -4.8299966E-17
   58.00878       -3.6992536E-17
   58.13557       -2.2207063E-17
   58.26236       -4.1462598E-18
   58.38916        1.6821729E-17
   58.51595        4.0159493E-17
   58.64274        6.5163403E-17
   58.76954        9.0974144E-17
   58.89633        1.1659512E-16
   59.02312        1.4091889E-16
   59.14991        1.6276139E-16
   59.27670        1.8090324E-16
   59.40350        1.9413729E-16
   59.53029        2.0132118E-16
   59.65708        2.0143292E-16
   59.78387        1.9362780E-16
   59.91067        1.7729425E-16
   60.03746        1.5210605E-16
   60.16425        1.1806854E-16
   60.29105        7.5556040E-17
   60.41784        2.5338026E-17
   60.54463       -3.1408293E-17
   60.67142       -9.3100918E-17
   60.79822       -1.5777320E-16
   60.92501       -2.2311218E-16
   61.05180       -2.8651535E-16
   61.17859       -3.4516582E-16
   61.30539       -3.9612446E-16
   61.43218       -4.3643711E-16
   61.55897       -4.6325407E-16
   61.68576       -4.7395866E-16
   61.81256       -4.6629931E-16
   61.93935       -4.3852232E-16
   62.06614       -3.8949698E-16
   62.19294       -3.1883032E-16
   62.31973       -2.2696311E-16
   62.44652       -1.1524253E-16
   62.57331        1.4034237E-17
   62.70011        1.5761021E-16
   62.82690        3.1129708E-16
   62.95369        4.7004399E-16
   63.08048        6.2804894E-16
   63.20728        7.7891233E-16
   63.33407        9.1583066E-16
   63.46086        1.0318276E-15
   63.58765        1.1200156E-15
   63.71445        1.1738825E-15
   63.84124        1.1875923E-15
   63.96803        1.1562905E-15
   64.09483        1.0764030E-15
   64.22162        9.4591356E-16
   64.34841        7.6460732E-16
   64.47520        5.3426974E-16
   64.60200        2.5882328E-16
   64.72879       -5.5605582E-17
   64.85558       -4.0070175E-16
   64.98238       -7.6606539E-16
   65.10917       -1.1394104E-15
   65.23596       -1.5068593E-15
   65.36275       -1.8533312E-15
   65.48955       -2.1630185E-15
   65.61633       -2.4199414E-15
   65.74313       -2.6085654E-15
   65.86992       -2.7144657E-15
   65.99671       -2.7250113E-15
   66.12350       -2.6300521E-15
   66.25030       -2.4225725E-15
   66.37709       -2.0992875E-15
   66.50388       -1.6611485E-15
   66.63068       -1.1137333E-15
   66.75747       -4.6748744E-16
   66.88426        2.6220238E-16
   67.01105        1.0551261E-15
   67.13785        1.8865717E-15
   67.26464        2.7278601E-15
   67.39143        3.5470900E-15
   67.51823        4.3100848E-15
   67.64502        4.9815257E-15
   67.77181        5.5262403E-15
   67.89861        5.9106128E-15
   68.02540        6.1040688E-15
   68.15219        6.0805823E-15
   68.27898        5.8201497E-15
   68.40578        5.3101626E-15
   68.53257        4.5466188E-15
   68.65936        3.5351060E-15
   68.78616        2.2914939E-15
   68.91295        8.4228300E-16
   69.03974       -7.7543966E-16
   69.16653       -2.5144736E-15
   69.29333       -4.3184260E-15
   69.42011       -6.1230898E-15
   69.54691       -7.8582626E-15
   69.67370       -9.4499764E-15
   69.80049       -1.0823084E-14
   69.92728       -1.1904133E-14
   70.05408       -1.2624442E-14
   70.18087       -1.2923259E-14
   70.30766       -1.2750893E-14
   70.43446       -1.2071697E-14
   70.56125       -1.0866738E-14
   70.68804       -9.1360618E-15
   70.81483       -6.9003802E-15
   70.94163       -4.2020906E-15
   71.06842       -1.1055096E-15
   71.19521        2.3037509E-15
   71.32201        5.9203182E-15
   71.44880        9.6215226E-15
   71.57559        1.3270771E-14
   71.70238        1.6721775E-14
   71.82918        1.9823532E-14
   71.95597        2.2425926E-14
   72.08276        2.4385765E-14
   72.20956        2.5573073E-14
   72.33635        2.5877368E-14
   72.46314        2.5213687E-14
   72.58994        2.3528090E-14
   72.71673        2.0802379E-14
   72.84352        1.7057753E-14
   72.97031        1.2357200E-14
   73.09711        6.8063836E-15
   73.22389        5.5288694E-16
   73.35069       -6.2162859E-15
   73.47748       -1.3279008E-14
   73.60427       -2.0384078E-14
   73.73106       -2.7258950E-14
   73.85786       -3.3618887E-14
   73.98465       -3.9177381E-14
   74.11144       -4.3657427E-14
   74.23824       -4.6803283E-14
   74.36503       -4.8392317E-14
   74.49182       -4.8246363E-14
   74.61861       -4.6242226E-14
   74.74541       -4.2320676E-14
   74.87220       -3.6493598E-14
   74.99899       -2.8848770E-14
   75.12579       -1.9551921E-14
   75.25258       -8.8458149E-15
   75.37937        2.9538811E-15
   75.50616        1.5465976E-14
   75.63296        2.8254312E-14
   75.75975        4.0841313E-14
   75.88654        5.2724193E-14
   76.01334        6.3393294E-14
   76.14013        7.2352036E-14
   76.26692        7.9137712E-14
   76.39371        8.3342309E-14
   76.52051        8.4632591E-14
   76.64730        8.2768509E-14
   76.77409        7.7619003E-14
   76.90089        6.9174538E-14
   77.02767        5.7555394E-14
   77.15446        4.3015315E-14
   77.28126        2.5939879E-14
   77.40805        6.8394552E-15
   77.53484       -1.3663477E-14
   77.66164       -3.4852370E-14
   77.78843       -5.5939648E-14
   77.91522       -7.6094181E-14
   78.04202       -9.4472187E-14
   78.16881       -1.1025064E-13
   78.29560       -1.2266194E-13
   78.42239       -1.3102838E-13
   78.54919       -1.3479502E-13
   78.67598       -1.3355955E-13
   78.80277       -1.2709765E-13
   78.92957       -1.1538250E-13
   79.05636       -9.8597285E-14
   79.18315       -7.7139690E-14
   79.30994       -5.1617940E-14
   79.43674       -2.2837641E-14
   79.56353        8.2202269E-15
   79.69032        4.0429950E-14
   79.81712        7.2559471E-14
   79.94391        1.0331550E-13
   80.07070        1.3139373E-13
   80.19749        1.5553228E-13
   80.32429        1.7456661E-13
   80.45108        1.8748307E-13
   80.57787        1.9346951E-13
   80.70466        1.9195992E-13
   80.83145        1.8267129E-13
   80.95824        1.6563050E-13
   81.08504        1.4118963E-13
   81.21183        1.1002821E-13
   81.33862        7.3141688E-14
   81.46542        3.1815875E-14
   81.59221       -1.2412505E-14
   81.71900       -5.7808196E-14
   81.84579       -1.0250100E-13
   81.97259       -1.4455882E-13
   82.09938       -1.8206729E-13
   82.22617       -2.1321324E-13
   82.35297       -2.3636808E-13
   82.47976       -2.5016805E-13
   82.60655       -2.5358749E-13
   82.73335       -2.4600141E-13
   82.86014       -2.2723422E-13
   82.98693       -1.9759198E-13
   83.11372       -1.5787512E-13
   83.24052       -1.0937055E-13
   83.36731       -5.3822293E-14
   83.49410        6.6198543E-15
   83.62090        6.9471908E-14
   83.74769        1.3200591E-13
   83.87448        1.9135625E-13
   84.00127        2.4463797E-13
   84.12807        2.8907280E-13
   84.25486        3.2211804E-13
   84.38165        3.4159272E-13
   84.50844        3.4579514E-13
   84.63523        3.3360687E-13
   84.76202        3.0457711E-13
   84.88882        2.5898351E-13
   85.01561        1.9786427E-13
   85.14240        1.2301964E-13
   85.26920        3.6980127E-14
   85.39599       -5.7058802E-14
   85.52278       -1.5533497E-13
   85.64957       -2.5364818E-13
   85.77637       -3.4751577E-13
   85.90316       -4.3234966E-13
   86.02995       -5.0364942E-13
   86.15675       -5.5720310E-13
   86.28354       -5.8928800E-13
   86.41033       -5.9686343E-13
   86.53712       -5.7774586E-13
   86.66392       -5.3075865E-13
   86.79071       -4.5584755E-13
   86.91750       -3.5415667E-13
   87.04430       -2.2805827E-13
   87.17109       -8.1131635E-14
   87.29788        8.1909414E-14
   87.42467        2.5534083E-13
   87.55147        4.3260371E-13
   87.67826        6.0652443E-13
   87.80505        7.6957407E-13
   87.93185        9.1415851E-13
   88.05864        1.0329291E-12
   88.18543        1.1191011E-12
   88.31222        1.1667690E-12
   88.43901        1.1712028E-12
   88.56580        1.1291152E-12
   88.69260        1.0388853E-12
   88.81939        9.0072573E-13
   88.94618        7.1678622E-13
   89.07298        4.9118435E-13
   89.19977        2.2995717E-13
   89.32656       -5.9067890E-14
   89.45335       -3.6648012E-13
   89.58015       -6.8157085E-13
   89.70694       -9.9268402E-13
   89.83373       -1.2876272E-12
   89.96053       -1.5541246E-12
   90.08732       -1.7802988E-12
   90.21411       -1.9551630E-12
   90.34090       -2.0691018E-12
   90.46770       -2.1143246E-12
   90.59449       -2.0852677E-12
   90.72128       -1.9789320E-12
   90.84808       -1.7951327E-12
   90.97487       -1.5366505E-12
   91.10166       -1.2092730E-12
   91.22845       -8.2171753E-13
   91.35525       -3.8543376E-13
   91.48204        8.5711277E-14
   91.60883        5.7586059E-13
   91.73563        1.0676927E-12
   91.86242        1.5430322E-12
   91.98921        1.9835208E-12
   92.11600        2.3713301E-12
   92.24279        2.6898835E-12
   92.36958        2.9245636E-12
   92.49638        3.0633738E-12
   92.62317        3.0975259E-12
   92.74996        3.0219241E-12
   92.87675        2.8355267E-12
   93.00355        2.5415594E-12
   93.13034        2.1475668E-12
   93.25713        1.6652971E-12
   93.38393        1.1104080E-12
   93.51072        5.0200702E-13
   93.63751       -1.3796843E-13
   93.76431       -7.8551271E-13
   93.89110       -1.4154303E-12
   94.01789       -2.0023002E-12
   94.14468       -2.5214928E-12
   94.27148       -2.9501998E-12
   94.39827       -3.2684354E-12
   94.52506       -3.4599706E-12
   94.65186       -3.5131540E-12
   94.77865       -3.4215842E-12
   94.90544       -3.1846008E-12
   95.03223       -2.8075662E-12
   95.15903       -2.3019128E-12
   95.28582       -1.6849467E-12
   95.41261       -9.7940839E-13
   95.53941       -2.1278910E-13
   95.66620        5.8357935E-13
   95.79299        1.3756287E-12
   95.91978        2.1278209E-12
   96.04657        2.8045409E-12
   96.17336        3.3715559E-12
   96.30016        3.7974884E-12
   96.42695        4.0552470E-12
   96.55374        4.1233557E-12
   96.68053        3.9871240E-12
   96.80733        3.6396016E-12
   96.93412        3.0822779E-12
   97.06091        2.3254749E-12
   97.18771        1.3884168E-12
   97.31450        2.9895086E-13
   97.44129       -9.0708430E-13
   97.56808       -2.1868358E-12
   97.69488       -3.4917288E-12
   97.82167       -4.7690489E-12
   97.94846       -5.9637542E-12
   98.07526       -7.0204706E-12
   98.20205       -7.8855924E-12
   98.32884       -8.5094180E-12
   98.45564       -8.8482329E-12
   98.58243       -8.8662706E-12
   98.70922       -8.5374598E-12
   98.83601       -7.8468941E-12
   98.96281       -6.7919502E-12
   99.08960       -5.3830070E-12
   99.21639       -3.6437116E-12
   99.34319       -1.6107794E-12
   99.46998        6.6669039E-13
   99.59677        3.1283710E-12
   99.72356        5.7043099E-12
   99.85035        8.3169287E-12
   99.97714        1.0883380E-11
   100.1039        1.3318143E-11
   100.2307        1.5535814E-11
   100.3575        1.7453981E-11
   100.4843        1.8996056E-11
   100.6111        2.0094005E-11
   100.7379        2.0690805E-11
   100.8647        2.0742633E-11
   100.9915        2.0220593E-11
   101.1183        1.9111992E-11
   101.2451        1.7421054E-11
   101.3719        1.5169090E-11
   101.4987        1.2394051E-11
   101.6255        9.1495526E-12
   101.7522        5.5032814E-12
   101.8790        1.5350008E-12
   102.0058       -2.6659367E-12
   102.1326       -7.0033402E-12
   102.2594       -1.1377189E-11
   102.3862       -1.5686704E-11
   102.5130       -1.9833427E-11
   102.6398       -2.3724115E-11
   102.7666       -2.7273390E-11
   102.8934       -3.0406011E-11
   103.0202       -3.3058677E-11
   103.1470       -3.5181288E-11
   103.2738       -3.6737589E-11
   103.4006       -3.7705221E-11
   103.5273       -3.8075123E-11
   103.6541       -3.7850365E-11
   103.7809       -3.7044433E-11
   103.9077       -3.5679092E-11
   104.0345       -3.3781901E-11
   104.1613       -3.1383559E-11
   104.2881       -2.8515190E-11
   104.4149       -2.5205723E-11
   104.5417       -2.1479551E-11
   104.6685       -1.7354637E-11
   104.7953       -1.2841164E-11
   104.9221       -7.9408606E-12
   105.0489       -2.6471969E-12
   105.1756        3.0536771E-12
   105.3024        9.1809225E-12
   105.4292        1.5756276E-11
   105.5560        2.2800371E-11
   105.6828        3.0328372E-11
   105.8096        3.8345004E-11
   105.9364        4.6839185E-11
   106.0632        5.5778417E-11
   106.1900        6.5103298E-11
   106.3168        7.4722305E-11
   106.4436        8.4507262E-11
   106.5704        9.4289680E-11
   106.6972        1.0385834E-10
   106.8240        1.1295831E-10
   106.9507        1.2129174E-10
   107.0775        1.2852051E-10
   107.2043        1.3427112E-10
   107.3311        1.3814135E-10
   107.4579        1.3970945E-10
   107.5847        1.3854533E-10
   107.7115        1.3422352E-10
   107.8383        1.2633815E-10
   107.9651        1.1451912E-10
   108.0919        9.8449471E-11
   108.2187        7.7883235E-11
   108.3455        5.2663450E-11
   108.4723        2.2739579E-11
   108.5990       -1.1816248E-11
   108.7258       -5.0794584E-11
   108.8526       -9.3836466E-11
   108.9794       -1.4042430E-10
   109.1062       -1.8987625E-10
   109.2330       -2.4134472E-10
   109.3598       -2.9381955E-10
   109.4866       -3.4613609E-10
   109.6134       -3.9698844E-10
   109.7402       -4.4494816E-10
   109.8670       -4.8848825E-10
   109.9938       -5.2601234E-10
   110.1206       -5.5588878E-10
   110.2474       -5.7648930E-10
   110.3741       -5.8623106E-10
   110.5009       -5.8362243E-10
   110.6277       -5.6731009E-10
   110.7545       -5.3612809E-10
   110.8813       -4.8914628E-10
   111.0081       -4.2571760E-10
   111.1349       -3.4552297E-10
   111.2617       -2.4861216E-10
   111.3885       -1.3543927E-10
   111.5153       -6.8916860E-12
   111.6421        1.3568878E-10
   111.7689        2.9049391E-10
   111.8957        4.5524712E-10
   112.0224        6.2721278E-10
   112.1492        8.0321666E-10
   112.2760        9.7967923E-10
   112.4028        1.1526613E-09
   112.5296        1.3179212E-09
   112.6564        1.4709857E-09
   112.7832        1.6072303E-09
   112.9100        1.7219720E-09
   113.0368        1.8105699E-09
   113.1636        1.8685342E-09
   113.2904        1.8916402E-09
   113.4172        1.8760478E-09
   113.5440        1.8184196E-09
   113.6708        1.7160400E-09
   113.7975        1.5669289E-09
   113.9243        1.3699497E-09
   114.0511        1.1249059E-09
   114.1779        8.3262625E-10
   114.3047        4.9503379E-10
   114.4315        1.1519657E-10
   114.5583       -3.0264269E-10
   114.6851       -7.5305934E-10
   114.8119       -1.2294655E-09
   114.9387       -1.7241549E-09
   115.0655       -2.2283744E-09
   115.1923       -2.7324247E-09
   115.3191       -3.2257885E-09
   115.4458       -3.6972843E-09
   115.5726       -4.1352486E-09
   115.6994       -4.5277417E-09
   115.8262       -4.8627720E-09
   115.9530       -5.1285411E-09
   116.0798       -5.3137028E-09
   116.2066       -5.4076317E-09
   116.3334       -5.4006946E-09
   116.4602       -5.2845257E-09
   116.5870       -5.0522924E-09
   116.7138       -4.6989506E-09
   116.8406       -4.2214832E-09
   116.9674       -3.6191139E-09
   117.0942       -2.8934899E-09
   117.2209       -2.0488311E-09
   117.3477       -1.0920400E-09
   117.4745       -3.2760836E-11
   117.6013        1.1166046E-09
   117.7281        2.3409394E-09
   117.8549        3.6225072E-09
   117.9817        4.9411066E-09
   118.1085        6.2742846E-09
   118.2353        7.5976061E-09
   118.3621        8.8849816E-09
   118.4889        1.0109050E-08
   118.6157        1.1241610E-08
   118.7425        1.2254096E-08
   118.8692        1.3118091E-08
   118.9960        1.3805880E-08
   119.1228        1.4291016E-08
   119.2496        1.4548905E-08
   119.3764        1.4557392E-08
   119.5032        1.4297344E-08
   119.6300        1.3753207E-08
   119.7568        1.2913540E-08
   119.8836        1.1771507E-08
   120.0104        1.0325302E-08
   120.1372        8.5785219E-09
   120.2640        6.5404593E-09
   120.3908        4.2263042E-09
   120.5176        1.6572532E-09
   120.6443       -1.1394886E-09
   120.7711       -4.1308108E-09
   120.8979       -7.2779232E-09
   121.0247       -1.0536688E-08
   121.1515       -1.3858080E-08
   121.2783       -1.7188757E-08
   121.4051       -2.0471745E-08
   121.5319       -2.3647223E-08
   121.6587       -2.6653414E-08
   121.7855       -2.9427543E-08
   121.9123       -3.1906897E-08
   122.0391       -3.4029895E-08
   122.1659       -3.5737248E-08
   122.2927       -3.6973077E-08
   122.4194       -3.7686096E-08
   122.5462       -3.7830706E-08
   122.6730       -3.7368093E-08
   122.7998       -3.6267235E-08
   122.9266       -3.4505817E-08
   123.0534       -3.2071057E-08
   123.1802       -2.8960377E-08
   123.3070       -2.5181937E-08
   123.4338       -2.0755017E-08
   123.5606       -1.5710208E-08
   123.6874       -1.0089437E-08
   123.8142       -3.9457815E-09
   123.9410        2.6568938E-09
   124.0677        9.6445003E-09
   124.1945        1.6933475E-08
   124.3213        2.4431712E-08
   124.4481        3.2039654E-08
   124.5749        3.9651553E-08
   124.7017        4.7156838E-08
   124.8285        5.4441628E-08
   124.9553        6.1390288E-08
   125.0821        6.7887129E-08
   125.2089        7.3818029E-08
   125.3357        7.9072208E-08
   125.4625        8.3543824E-08
   125.5893        8.7133671E-08
   125.7161        8.9750692E-08
   125.8428        9.1313488E-08
   125.9696        9.1751588E-08
   126.0964        9.1006740E-08
   126.2232        8.9033868E-08
   126.3500        8.5802007E-08
   126.4768        8.1294942E-08
   126.6036        7.5511728E-08
   126.7304        6.8466996E-08
   126.8572        6.0191013E-08
   126.9840        5.0729664E-08
   127.1108        4.0144137E-08
   127.2376        2.8510502E-08
   127.3644        1.5919106E-08
   127.4911        2.4738489E-09
   127.6179       -1.1708685E-08
   127.7447       -2.6500167E-08
   127.8715       -4.1761584E-08
   127.9983       -5.7344312E-08
   128.1251       -7.3091250E-08
   128.2519       -8.8837979E-08
   128.3787       -1.0441384E-07
   128.5055       -1.1964313E-07
   128.6323       -1.3434604E-07
   128.7591       -1.4833974E-07
   128.8859       -1.6143926E-07
   129.0127       -1.7345829E-07
   129.1395       -1.8420995E-07
   129.2663       -1.9350738E-07
   129.3930       -2.0116433E-07
   129.5198       -2.0699555E-07
   129.6466       -2.1081721E-07
   129.7734       -2.1244708E-07
   129.9002       -2.1170477E-07
   130.0270       -2.0841192E-07
   130.1538       -2.0239214E-07
   130.2806       -1.9347125E-07
   130.4074       -1.8147720E-07
   130.5342       -1.6624028E-07
   130.6610       -1.4759307E-07
   130.7878       -1.2537065E-07
   130.9146       -9.9410776E-08
   131.0414       -6.9554140E-08
   131.1681       -3.5644661E-08
   131.2949        2.4700417E-09
   131.4217        4.4938169E-08
   131.5485        9.1903182E-08
   131.6753        1.4350307E-07
   131.8021        1.9986967E-07
   131.9289        2.6112787E-07
   132.0557        3.2739462E-07
   132.1825        3.9877818E-07
   132.3093        4.7537702E-07
   132.4361        5.5727918E-07
   132.5629        6.4456117E-07
   132.6897        7.3728722E-07
   132.8164        8.3550856E-07
   132.9432        9.3926286E-07
   133.0700        1.0485734E-06
   133.1968        1.1634489E-06
   133.3236        1.2838836E-06
   133.4504        1.4098564E-06
   133.5772        1.5413314E-06
   133.7040        1.6782579E-06
   133.8308        1.8205712E-06
   133.9576        1.9681925E-06
   134.0844        2.1210296E-06
   134.2112        2.2789777E-06
   134.3380        2.4419203E-06
   134.4648        2.6097300E-06
   134.5915        2.7822675E-06
   134.7183        2.9593850E-06
   134.8451        3.1409249E-06
   134.9719        3.3267197E-06
   135.0987        3.5165938E-06
   135.2255        3.7103628E-06
   135.3523        3.9078323E-06
   135.4791        4.1087974E-06
   135.6059        4.3130431E-06
   135.7327        4.5203410E-06
   135.8595        4.7304488E-06
   135.9863        4.9431078E-06
   136.1131        5.1580409E-06
   136.2398        5.3749504E-06
   136.3666        5.5935138E-06
   136.4934        5.8133828E-06
   136.6202        6.0341781E-06
   136.7470        6.2554873E-06
   136.8738        6.4768637E-06
   137.0006        6.6978196E-06
   137.1274        6.9178277E-06
   137.2542        7.1363161E-06
   137.3810        7.3526685E-06
   137.5078        7.5662242E-06
   137.6346        7.7762734E-06
   137.7614        7.9820638E-06
   137.8882        8.1827984E-06
   138.0149        8.3776358E-06
   138.1417        8.5656993E-06
   138.2685        8.7460776E-06
   138.3953        8.9178293E-06
   138.5221        9.0799940E-06
   138.6489        9.2315940E-06
   138.7757        9.3716453E-06
   138.9025        9.4991692E-06
   139.0293        9.6131944E-06
   139.1561        9.7127759E-06
   139.2829        9.7969996E-06
   139.4097        9.8649980E-06
   139.5365        9.9159570E-06
   139.6632        9.9491281E-06
   139.7900        9.9638401E-06
   139.9168        9.9595036E-06
   140.0436        9.9356275E-06
   140.1704        9.8918199E-06
   140.2972        9.8277978E-06
   140.4240        9.7433967E-06
   140.5508        9.6385693E-06
   140.6776        9.5133919E-06
   140.8044        9.3680674E-06
   140.9312        9.2029177E-06
   141.0580        9.0183912E-06
   141.1848        8.8150518E-06
   141.3116        8.5935817E-06
   141.4383        8.3547729E-06
   141.5651        8.0995178E-06
   141.6919        7.8288049E-06
   141.8187        7.5437147E-06
   141.9455        7.2454031E-06
   142.0723        6.9350981E-06
   142.1991        6.6140828E-06
   142.3259        6.2836930E-06
   142.4527        5.9453018E-06
   142.5795        5.6003146E-06
   142.7063        5.2501605E-06
   142.8331        4.8962816E-06
   142.9599        4.5401289E-06
   143.0867        4.1831518E-06
   143.2134        3.8267922E-06
   143.3402        3.4724778E-06
   143.4670        3.1216191E-06
   143.5938        2.7756021E-06
   143.7206        2.4357860E-06
   143.8474        2.1034989E-06
   143.9742        1.7800343E-06
   144.1010        1.4666463E-06
   144.2278        1.1645486E-06
   144.3546        8.7490514E-07
   144.4814        5.9882933E-07
   144.6082        3.3737746E-07
   144.7350        9.1543782E-08
   144.8617       -1.3774371E-07
   144.9885       -3.4962991E-07
   145.1153       -5.4333992E-07
   145.2421       -7.1818454E-07
   145.3689       -8.7357000E-07
   145.4957       -1.0090040E-06
   145.6225       -1.1241028E-06
   145.7493       -1.2186010E-06
   145.8761       -1.2923551E-06
   146.0029       -1.3453506E-06
   146.1297       -1.3777068E-06
   146.2565       -1.3896815E-06
   146.3833       -1.3816730E-06
   146.5101       -1.3542204E-06
   146.6368       -1.3080064E-06
   146.7636       -1.2438514E-06
   146.8904       -1.1627125E-06
   147.0172       -1.0656746E-06
   147.1440       -9.5394364E-07
   147.2708       -8.2883611E-07
   147.3976       -6.9176639E-07
   147.5244       -5.4423316E-07
   147.6512       -3.8780533E-07
   147.7780       -2.2410568E-07
   147.9048       -5.4793858E-08
   148.0316        1.1845114E-07
   148.1584        2.9394923E-07
   148.2851        4.7003695E-07
   148.4119        6.4508527E-07
   148.5387        8.1751580E-07
   148.6655        9.8581700E-07
   148.7923        1.1485586E-06
   148.9191        1.3044017E-06
   149.0459        1.4521107E-06
   149.1727        1.5905615E-06
   149.2995        1.7187474E-06
   149.4263        1.8357841E-06
   149.5531        1.9409113E-06
   149.6799        2.0334928E-06
   149.8067        2.1130149E-06
   149.9335        2.1790806E-06
   150.0602        2.2314073E-06
   150.1870        2.2698164E-06
   150.3138        2.2942284E-06
   150.4406        2.3046523E-06
   150.5674        2.3011808E-06
   150.6942        2.2839781E-06
   150.8210        2.2532743E-06
   150.9478        2.2093570E-06
   151.0746        2.1525652E-06
   151.2014        2.0832817E-06
   151.3282        2.0019299E-06
   151.4550        1.9089700E-06
   151.5818        1.8048970E-06
   151.7085        1.6902402E-06
   151.8353        1.5655642E-06
   151.9621        1.4314684E-06
   152.0889        1.2885895E-06
   152.2157        1.1376038E-06
   152.3425        9.7922839E-07
   152.4693        8.1422309E-07
   152.5961        6.4339230E-07
   152.7229        4.6758524E-07
   152.8497        2.8769517E-07
   152.9765        1.0465821E-07
   153.1033       -8.0550926E-08
   153.2301       -2.6692405E-07
   153.3569       -4.5342708E-07
   153.4836       -6.3900956E-07
   153.6104       -8.2261568E-07
   153.7372       -1.0031966E-06
   153.8640       -1.1797247E-06
   153.9908       -1.3512084E-06
   154.1176       -1.5167086E-06
   154.2444       -1.6753536E-06
   154.3712       -1.8263559E-06
   154.4980       -1.9690283E-06
   154.6248       -2.1027988E-06
   154.7516       -2.2272234E-06
   154.8784       -2.3419975E-06
   155.0052       -2.4469648E-06
   155.1319       -2.5421225E-06
   155.2587       -2.6276246E-06
   155.3855       -2.7037825E-06
   155.5123       -2.7710603E-06
   155.6391       -2.8300694E-06
   155.7659       -2.8815582E-06
   155.8927       -2.9263995E-06
   156.0195       -2.9655748E-06
   156.1463       -3.0001563E-06
   156.2731       -3.0312858E-06
   156.3999       -3.0601532E-06
   156.5267       -3.0879733E-06
   156.6535       -3.1159620E-06
   156.7803       -3.1453146E-06
   156.9070       -3.1771829E-06
   157.0338       -3.2126538E-06
   157.1606       -3.2527298E-06
   157.2874       -3.2983123E-06
   157.4142       -3.3501854E-06
   157.5410       -3.4090031E-06
   157.6678       -3.4752804E-06
   157.7946       -3.5493870E-06
   157.9214       -3.6315428E-06
   158.0482       -3.7218167E-06
   158.1750       -3.8201315E-06
   158.3018       -3.9262677E-06
   158.4286       -4.0398677E-06
   158.5553       -4.1604480E-06
   158.6821       -4.2874062E-06
   158.8089       -4.4200310E-06
   158.9357       -4.5575157E-06
   159.0625       -4.6989703E-06
   159.1893       -4.8434313E-06
   159.3161       -4.9898736E-06
   159.4429       -5.1372226E-06
   159.5697       -5.2843629E-06
   159.6965       -5.4301468E-06
   159.8233       -5.5734031E-06
   159.9501       -5.7129423E-06
   160.0769       -5.8475639E-06
   160.2037       -5.9760619E-06
